,Step1,Subpathway1,MaxCompletion,Group,Completion,Type
MARD_SAMN10141426_REFG_MMP10141426,1,1,1,Actinobacteriota,99.46,RefGenome
MARD_SAMEA2272178_REFG_MMP2272178,1,1,1,Actinobacteriota,99.57,RefGenome
MARD_SAMD00040648_REFG_MMP00040648,1,1,1,Actinobacteriota,99.76,RefGenome
MARD_SAMN04488110_REFG_MMP04488110,1,1,1,Actinobacteriota,100,RefGenome
MARD_SAMN04571751_REFG_MMP04571751,1,1,1,Actinobacteriota,99.56,RefGenome
MARD_SAMN03999393_REFG_MMP03999393,1,1,1,Actinobacteriota,99.64,RefGenome
MARD_SAMN04026265_REFG_MMP04026265,1,1,1,Actinobacteriota,98.78,RefGenome
MARD_SAMN09475466_REFG_MMP09475466,1,1,1,Actinobacteriota,99.28,RefGenome
MARD_SAMEA4707921_REFG_MMP4707921,0,0,0,Cyano-Syn,99.28,RefGenome
MARD_SAMN07811432_REFG_MMP07811432,1,1,1,Actinobacteriota,99.22,RefGenome
MARD_SAMN10373778_REFG_MMP10373778,1,1,1,Actinobacteriota,99.51,RefGenome
MARD_SAMN03999384_REFG_MMP03999384,1,1,1,Actinobacteriota,99.24,RefGenome
MARD_SAMD00042842_REFG_MMP00042842,1,1,1,Actinobacteriota,99.33,RefGenome
MARD_SAMN09508721_REFG_MMP09508721,1,1,1,Actinobacteriota,99.42,RefGenome
MARD_SAMN03729478_REFG_MMP03729478,1,1,1,Actinobacteriota,99.29,RefGenome
MARD_SAMD00023549_REFG_MMP00023549,1,1,1,Actinobacteriota,99.49,RefGenome
MARD_SAMN10141419_REFG_MMP10141419,1,1,1,Actinobacteriota,96.8,RefGenome
MARD_SAMD00129508_REFG_MMP00129508,1,1,1,Actinobacteriota,99.34,RefGenome
MARD_SAMN09508719_REFG_MMP09508719,1,1,1,Actinobacteriota,99.42,RefGenome
MARD_SAMN09786811_REFG_MMP09786811,1,1,1,Actinobacteriota,99.64,RefGenome
MARD_SAMN03999371_REFG_MMP03999371,1,1,1,Actinobacteriota,99.64,RefGenome
MARD_SAMN10276034_REFG_MMP10276034,1,1,1,Actinobacteriota,95.76,RefGenome
TARA_SAMEA2621033_METAG_KKHCHOLN,0,0,0,Bacteria-Other,94.98,MAG
MARD_SAMN07811444_REFG_MMP07811444,1,1,1,Actinobacteriota,99.58,RefGenome
MARD_SAMN04488481_REFG_MMP04488481,1,1,1,Actinobacteriota,99.38,RefGenome
MALA_SAMN05422113_METAG_MLBGOJNK,0,0,0,Bacteria-Other,95.99,MAG
TARA_SAMEA2623477_METAG_GIEMLDKG,0,0,0,Bacteria-Other,88.44,MAG
MARD_SAMN04487806_REFG_MMP04487806,1,1,1,Actinobacteriota,99.25,RefGenome
MALA_SAMN05421555_METAG_BIOJCFAG,0,0,0,Bacteria-Other,96.81,MAG
TARA_SAMEA2623741_METAG_DLKGCKBM,0,0,0,Bacteria-Other,96.81,MAG
TARA_SAMEA2623601_METAG_PIAMPJPB,0,0,0,Bacteria-Other,96.81,MAG
MARD_SAMN04026262_REFG_MMP04026262,1,1,1,Actinobacteriota,99.42,RefGenome
MARD_SAMN05216266_REFG_MMP05216266,0,0,0,Actinobacteriota,99.28,RefGenome
MARD_SAMN05421803_REFG_MMP05421803,1,1,1,Actinobacteriota,99.64,RefGenome
MALA_SAMN05422175_METAG_BBPNIOOI,0,0,0,Bacteria-Other,96.81,MAG
MALA_SAMN05422140_METAG_ICPPLJGM,0,0,0,Bacteria-Other,86.78,MAG
MALA_SAMN05422137_METAG_HLLJDLBE,0,0,0,Bacteria-Other,96.81,MAG
TARA_SAMEA2622119_METAG_JEJNGPMI,1,1,1,Alpha-Other,88.64,MAG
TARA_SAMN05326645_METAG_PSE00016,1,1,1,Alpha-Other,99.26,MAG
MARD_SAMN04026261_REFG_MMP04026261,1,1,1,Actinobacteriota,99.24,RefGenome
MARD_SAMD00017647_REFG_MMP00017647,0,0,0,Actinobacteriota,99,RefGenome
MARD_SAMN04495211_REFG_MMP04495211,1,1,1,Actinobacteriota,99.62,RefGenome
MARD_SAMN09786826_REFG_MMP09786826,1,1,1,Actinobacteriota,99.64,RefGenome
MARD_SAMN05216284_REFG_MMP05216284,1,1,1,Actinobacteriota,99.28,RefGenome
MARD_SAMN03729480_REFG_MMP03729480,0,0,0,Actinobacteriota,99.64,RefGenome
MALA_SAMN05422175_METAG_JCAGPLKC,1,1,1,Actinobacteriota,99.38,MAG
MALA_SAMN05422140_METAG_KDGIOPII,1,1,1,Actinobacteriota,99.38,MAG
MALA_SAMN05422189_METAG_KDFHKFLA,1,1,1,Actinobacteriota,99.38,MAG
MALA_SAMN05422133_METAG_FOGKKEHN,1,1,1,Actinobacteriota,99.38,MAG
MALA_SAMN05421913_METAG_LICMHBMD,1,1,1,Actinobacteriota,99.34,MAG
MALA_SAMN05422120_METAG_CMDEFOFJ,1,1,1,Actinobacteriota,99.38,MAG
MALA_SAMN05422113_METAG_HCMEOPMD,1,1,1,Actinobacteriota,99.38,MAG
MALA_SAMN05422165_METAG_CHJKKJPH,1,1,1,Actinobacteriota,99.38,MAG
MALA_SAMN05421555_METAG_IJMJPABA,1,1,1,Actinobacteriota,99.38,MAG
MALA_SAMN05421697_METAG_LIEFMPLO,1,1,1,Actinobacteriota,99.18,MAG
MALA_SAMN05422153_METAG_ANPKIMNM,1,1,1,Actinobacteriota,99.38,MAG
MALA_SAMN05422137_METAG_DPJCFKJG,1,1,1,Actinobacteriota,99.34,MAG
MALA_SAMN05422127_METAG_BMMMIACD,1,1,1,Actinobacteriota,99.38,MAG
MARD_SAMN05897984_REFG_MMP05897984,1,1,1,Actinobacteriota,99.03,RefGenome
MARD_SAMEA2271987_REFG_MMP2271987,1,1,1,Actinobacteriota,99.06,RefGenome
MARD_SAMN05897974_REFG_MMP05897974,1,1,1,Actinobacteriota,99.28,RefGenome
MARD_SAMN02470933_REFG_MMP02470933,1,1,1,Firmicutes,99.51,RefGenome
MALA_SAMN05422115_METAG_ECLHGDNH,1,1,1,Actinobacteriota,98.47,MAG
MARD_SAMN05017772_REFG_MMP05017772,1,1,1,Actinobacteriota,97.06,RefGenome
MARD_SAMEA3297057_REFG_MMP3297057,1,1,1,Actinobacteriota,99.42,RefGenome
MARD_SAMEA4707922_REFG_MMP4707922,0,0,0,Cyano-Syn,99.73,RefGenome
MARD_SAMN05792885_REFG_MMP05792885,1,1,1,Actinobacteriota,99.64,RefGenome
MALA_SAMN05422148_METAG_CKCFHHDP,1,1,1,Actinobacteriota,96.3,MAG
MALA_SAMN05421697_METAG_FKHHNDDA,0,0,0,Bacteria-Other,93.32,MAG
TARA_SAMN05326645_METAG_PSE00037,0,0,0,Planctomycetota,94.52,MAG
MARD_SAMN07311721_REFG_MMP07311721,1,1,1,Actinobacteriota,99.64,RefGenome
MARD_SAMN05897979_REFG_MMP05897979,1,1,1,Actinobacteriota,99.03,RefGenome
MARD_SAMN05897987_REFG_MMP05897987,1,1,1,Actinobacteriota,99.03,RefGenome
MARD_SAMN05897988_REFG_MMP05897988,1,1,1,Actinobacteriota,99.03,RefGenome
MARD_SAMN05898003_REFG_MMP05898003,1,1,1,Actinobacteriota,99.03,RefGenome
MARD_SAMN05444487_REFG_MMP05444487,0,0,0,Firmicutes,99.62,RefGenome
MARD_SAMN05897977_REFG_MMP05897977,1,1,1,Actinobacteriota,99.54,RefGenome
MARD_SAMEA3146264_REFG_MMP3146264,1,1,1,Bacteria-Other,97.99,RefGenome
MARD_SAMEA3146263_REFG_MMP3146263,1,1,1,Bacteria-Other,99.48,RefGenome
MARD_SAMN08384890_REFG_MMP08384890,0,0,0,Cyano-Other,98.86,RefGenome
MARD_SAMD00046775_REFG_MMP00046775,1,1,1,Actinobacteriota,99.32,RefGenome
MARD_SAMN04999933_REFG_MMP04999933,1,1,1,Gamma-Other,99.78,RefGenome
MARD_SAMN05421806_REFG_MMP05421806,1,1,1,Actinobacteriota,99.94,RefGenome
TARA_SAMEA2623054_METAG_OCMKBGHM,0,0,0,Bacteria-Other,94.3,MAG
TARA_SAMEA2623477_METAG_OKOGOBFK,0,0,0,Bacteria-Other,97.4,MAG
TARA_SAMEA2623601_METAG_LGBFILLL,0,0,0,Bacteria-Other,97.64,MAG
TARA_SAMEA2622658_METAG_CHOAGAJB,1,1,1,Gamma-Other,89.96,MAG
TARA_SAMEA2623673_METAG_INBBCOBA,0,0,0,Gamma-Other,96.96,MAG
TARA_SAMEA2622119_METAG_PPKCDGLG,0,0,0,Planctomycetota,93.36,MAG
MALA_SAMN05422189_METAG_HFLHJDGN,0,0,0,Bacteria-Other,88.02,MAG
MALA_SAMN05422147_METAG_DIMFAPIO,1,1,1,Actinobacteriota,92.68,MAG
MARD_SAMD00056695_REFG_MMP00056695,1,1,1,Actinobacteriota,99.97,RefGenome
MARD_SAMN05375008_REFG_MMP05375008,1,1,1,Firmicutes,99.9,RefGenome
MARD_SAMN05897982_REFG_MMP05897982,1,1,1,Actinobacteriota,99.2,RefGenome
MARD_SAMEA3146296_REFG_MMP3146296,1,1,1,Bacteria-Other,99.2,RefGenome
MARD_SAMN02436107_REFG_MMP02436107,0,0,0,Cyano-Syn,99.86,RefGenome
MARD_SAMN09041732_REFG_MMP09041732,1,1,1,Firmicutes,99,RefGenome
MARD_SAMN08979296_REFG_MMP08979296,0,0,0,Actinobacteriota,99,RefGenome
MARD_SAMN08979297_REFG_MMP08979297,0,0,0,Actinobacteriota,99,RefGenome
MARD_SAMN09389114_REFG_MMP09389114,1,1,1,Firmicutes,99.12,RefGenome
MARD_SAMN04488031_REFG_MMP04488031,1,1,1,Alpha-Rhodobacter,99.19,RefGenome
MARD_SAMN02470762_REFG_MMP02470762,1,1,1,Gamma-Other,99.5,RefGenome
TARA_SAMEA2622843_METAG_HAMAJGDK,1,1,1,Gamma-Other,97.24,MAG
TARA_SAMEA2622710_METAG_DGMLDIHH,1,1,1,Gamma-Other,98.9,MAG
TARA_SAMEA2622119_METAG_PIMPAEMO,1,1,1,Gamma-Other,97.74,MAG
TARA_SAMEA2623756_METAG_CHDMOBPJ,1,1,1,Bacteria-Other,98.02,MAG
TARA_SAMEA2622901_METAG_ONLLOMFJ,0,0,0,Bacteria-Other,96.68,MAG
TARA_SAMEA2623350_METAG_DDHLMPBK,0,0,0,Bacteria-Other,96.68,MAG
MALA_SAMN05422160_METAG_ANLEPEDM,0,0,0,Actinobacteriota,77.97,MAG
TARA_SAMN05326644_METAG_PON00013,0,0,0,Bacteria-Other,96.68,MAG
TARA_SAMN05326641_METAG_ANW00006,1,1,1,Gamma-Other,98.27,MAG
MARD_SAMN09245787_REFG_MMP09245787,1,1,1,Actinobacteriota,100,RefGenome
MARD_SAMEA18850168_REFG_MMP18850168,1,1,1,Gamma-Other,96.32,RefGenome
MARD_SAMN05408344_REFG_MMP05408344,1,1,1,Gamma-Other,99.98,RefGenome
MARD_SAMN02261354_REFG_MMP02261354,0,0,0,Cyano-Other,99.89,RefGenome
MARD_SAMN10231957_REFG_MMP10231957,1,1,1,Actinobacteriota,100,RefGenome
MARD_SAMN05728473_REFG_MMP05728473,1,1,1,Bacteroidota,99.1,RefGenome
MARD_SAMN05687755_REFG_MMP05687755,1,1,1,Gamma-Other,99.58,RefGenome
TARA_SAMEA2730749_METAG_OLPPLKCL,0,0,0,Bacteria-Other,96.92,MAG
TARA_SAMEA2623859_METAG_BABDCONI,0,0,0,Bacteria-Other,85.6,MAG
TARA_SAMEA4397666_METAG_KIBCBFEH,1,1,1,Gamma-Other,95.87,MAG
TARA_SAMEA2622765_METAG_MAMIPFJC,1,1,1,Gamma-Other,98.53,MAG
TARA_SAMEA2622716_METAG_HLCJJFFL,1,1,1,Gamma-Other,99.08,MAG
TARA_SAMEA2622823_METAG_INOAMIGG,1,1,1,Gamma-Other,98.9,MAG
MALA_SAMN05422170_METAG_EDLGNPJL,1,1,1,Actinobacteriota,87.23,MAG
TARA_SAMN05326646_METAG_PSW00017,0,0,0,Actinobacteriota,98.4,MAG
MARD_SAMN05284051_REFG_MMP05284051,0,0,0,Actinobacteriota,99.64,RefGenome
MARD_SAMN08886634_SAGS_MMP08886634,0,0,0,Cyano-Syn,90.9,SAG
MARD_SAMD00000429_REFG_MMP00000429,1,1,1,Alpha-Other,97.48,RefGenome
MARD_SAMEA3146324_REFG_MMP3146324,1,1,1,Bacteria-Other,99.31,RefGenome
MARD_SAMN02261244_REFG_MMP02261244,0,0,0,Gamma-Other,98.3,RefGenome
MARD_SAMN02441415_REFG_MMP02441415,1,1,1,Bacteria-Other,99.51,RefGenome
MARD_SAMN09920664_REFG_MMP09920664,1,1,1,Firmicutes,99.59,RefGenome
MARD_SAMN08979298_REFG_MMP08979298,0,0,0,Actinobacteriota,98.1,RefGenome
TARA_SAMEA4398387_METAG_JJNBKCLE,1,1,1,Gamma-Other,96.62,MAG
TARA_SAMEA4398360_METAG_PDKANFIF,1,1,1,Gamma-Other,79.65,MAG
TARA_SAMEA2623116_METAG_MLHPBBMM,0,0,0,Cyano-Syn,95.54,MAG
TARA_SAMEA2622766_METAG_KENIBHCH,1,1,1,Gamma-Other,99.08,MAG
MALA_SAMN05422140_METAG_DMBKAHMH,0,0,0,Actinobacteriota,92.52,MAG
TARA_SAMN05326645_METAG_PSE00039,1,1,1,Bacteria-Other,86.92,MAG
MARD_SAMN06140193_REFG_MMP06140193,1,1,1,Gamma-Other,99.47,RefGenome
MARD_SAMEA3872802_REFG_MMP3872802,1,1,1,Gamma-Other,100,RefGenome
MARD_SAMN02261341_REFG_MMP02261341,0,0,0,Cyano-Other,99.82,RefGenome
MARD_SAMN02436091_REFG_MMP02436091,0,0,0,Cyano-Other,98.93,RefGenome
MARD_SAMN02436130_REFG_MMP02436130,0,0,0,Bacteroidota,98.32,RefGenome
MARD_SAMN02436164_REFG_MMP02436164,1,1,1,Alpha-Rhodobacter,99.44,RefGenome
MARD_SAMN08918410_REFG_MMP08918410,0,0,0,Alpha-Rhodobacter,99.64,RefGenome
MARD_SAMEA4707923_REFG_MMP4707923,0,0,0,Cyano-Syn,99.5,RefGenome
MARD_SAMD00053328_REFG_MMP00053328,1,1,1,Firmicutes,99.86,RefGenome
MARD_SAMD00053329_REFG_MMP00053329,1,1,1,Firmicutes,99.9,RefGenome
MARD_SAMN05216207_REFG_MMP05216207,0,0,0,Actinobacteriota,99.7,RefGenome
MARD_SAMEA3872803_REFG_MMP3872803,1,1,1,Gamma-Other,99.64,RefGenome
MARD_SAMN02745681_REFG_MMP02745681,1,1,1,Gamma-Other,99.53,RefGenome
MARD_SAMN05421874_REFG_MMP05421874,0,0,0,Actinobacteriota,98.63,RefGenome
TARA_SAMEA4398111_METAG_GFHMNJCF,1,1,1,Alpha-Rhodobacter,98.39,MAG
TARA_SAMEA4398027_METAG_FDKLNHGC,1,1,1,Alpha-Rhodobacter,92.37,MAG
TARA_SAMEA4398168_METAG_NGBJHDBI,1,1,1,Alpha-Rhodobacter,92,MAG
TARA_SAMEA4397023_METAG_OPBOBABD,1,1,1,Alpha-Rhodobacter,89.46,MAG
TARA_SAMEA4398387_METAG_OKGACJPI,0,0,0,Gamma-Other,92.95,MAG
TARA_SAMEA4397051_METAG_PCLNEFKO,0,0,0,Alpha-Rhodobacter,99.48,MAG
TARA_SAMEA2620666_METAG_OJMAHLBC,1,1,1,Alpha-Other,94.34,MAG
MALA_SAMN05422140_METAG_LOIBJDFA,1,1,1,Alpha-Rhodobacter,98.94,MAG
MARD_SAMN08794446_REFG_MMP08794446,1,1,1,Gamma-Other,100,RefGenome
MARD_SAMN08886605_SAGS_MMP08886605,0,0,0,Cyano-Syn,81.24,SAG
MARD_SAMN04965936_REFG_MMP04965936,1,1,1,Alpha-Rhodobacter,99.19,RefGenome
MARD_SAMN02436137_REFG_MMP02436137,0,0,0,Alpha-Rhodobacter,99.64,RefGenome
MARD_SAMN02436225_REFG_MMP02436225,0,0,0,Alpha-Rhodobacter,99.32,RefGenome
MARD_SAMEA104692609_REFG_MMP104692609,1,1,1,Alpha-Rhodobacter,99.74,RefGenome
MARD_SAMN05421511_REFG_MMP05421511,0,0,0,Alpha-Other,100,RefGenome
MARD_SAMN09989089_REFG_MMP09989089,1,1,1,Alpha-Rhodobacter,98.96,RefGenome
MARD_SAMN08918503_REFG_MMP08918503,1,1,1,Alpha-Rhodobacter,99.48,RefGenome
MARD_SAMN02745781_REFG_MMP02745781,1,1,1,Gamma-Other,97.2,RefGenome
MARD_SAMN05444141_REFG_MMP05444141,1,1,1,Alpha-Other,100,RefGenome
MARD_SAMN05444484_REFG_MMP05444484,1,1,1,Bacteroidota,99.46,RefGenome
MARD_SAMN09522150_REFG_MMP09522150,1,1,1,Alpha-Rhodobacter,99.04,RefGenome
MARD_SAMN05444365_REFG_MMP05444365,0,0,0,Actinobacteriota,99.64,RefGenome
MARD_SAMN08568348_REFG_MMP08568348,1,1,1,Firmicutes,99.8,RefGenome
MALA_SAMN05422120_METAG_PCCIOILD,0,0,0,Bacteria-Other,79.56,MAG
TARA_SAMEA4396941_METAG_AOBPNINP,0,0,0,Alpha-Other,78.3,MAG
TARA_SAMEA4397666_METAG_MHPADDOO,0,0,0,Alpha-Other,86.69,MAG
TARA_SAMEA4397586_METAG_OLNPJHKL,0,0,0,Verrucomicrobiota,97.14,MAG
TARA_SAMEA4397920_METAG_NHFLOOAL,0,0,0,Alpha-Other,92.17,MAG
TARA_SAMEA4397118_METAG_AANKMKOK,0,0,0,Planctomycetota,97.43,MAG
TARA_SAMEA2622801_METAG_JBCDELJO,0,0,0,Gamma-Other,96.72,MAG
TARA_SAMEA2623135_METAG_GANIGMCO,0,0,0,Bacteria-Other,89.11,MAG
TARA_SAMEA2621779_METAG_BFIFFBPD,0,0,0,Cyano-Syn,92.2,MAG
TARA_SAMEA2621812_METAG_MOHOOAMM,0,0,0,Cyano-Syn,92.92,MAG
MALA_SAMN05422140_METAG_JIDOJPBB,0,0,0,Alpha-Rhodobacter,96.45,MAG
TARA_SAMN05326645_METAG_PSE00010,1,1,1,Alpha-Other,98.65,MAG
TARA_SAMN05326646_METAG_PSW00020,1,1,1,Alpha-Other,98.94,MAG
MARD_SAMN09245781_REFG_MMP09245781,1,1,1,Actinobacteriota,100,RefGenome
MARD_SAMN07424250_REFG_MMP07424250,1,1,1,Alpha-Other,99.21,RefGenome
MARD_SAMN08225564_REFG_MMP08225564,1,1,1,Gamma-Other,97.84,RefGenome
MARD_SAMEA4034450_REFG_MMP4034450,1,1,1,Bacteroidota,99.45,RefGenome
MARD_SAMN02745724_REFG_MMP02745724,1,1,1,Gamma-Other,99.92,RefGenome
MARD_SAMN03084138_REFG_MMP03084138,1,1,1,Gamma-Other,100,RefGenome
MARD_SAMN04957307_REFG_MMP04957307,1,1,1,Alpha-Rhodobacter,99.7,RefGenome
MARD_SAMN05818643_REFG_MMP05818643,0,0,0,Alpha-Other,98.24,RefGenome
MARD_SAMN02436112_REFG_MMP02436112,1,1,1,Planctomycetota,97.59,RefGenome
MARD_SAMN02436160_REFG_MMP02436160,0,0,0,Cyano-Syn,98.51,RefGenome
MARD_SAMN06265352_REFG_MMP06265352,1,1,1,Alpha-Other,100,RefGenome
MARD_SAMN08783578_REFG_MMP08783578,1,1,1,Alpha-Rhodobacter,99.18,RefGenome
MARD_SAMN08918501_REFG_MMP08918501,0,0,0,Alpha-Rhodobacter,99.16,RefGenome
MARD_SAMN09932323_REFG_MMP09932323,1,1,1,Firmicutes,99.43,RefGenome
MARD_SAMN10134656_REFG_MMP10134656,1,1,1,Bacteroidota,99.38,RefGenome
MARD_SAMN09273368_REFG_MMP09273368,0,0,0,Alpha-Other,100,RefGenome
MARD_SAMN10231958_REFG_MMP10231958,1,1,1,Actinobacteriota,99.64,RefGenome
MARD_SAMN10231959_REFG_MMP10231959,1,1,1,Actinobacteriota,100,RefGenome
MARD_SAMN05444149_REFG_MMP05444149,0,0,0,Alpha-Rhodobacter,99.48,RefGenome
MARD_SAMEA3522225_REFG_MMP3522225,1,1,1,Alpha-Rhodobacter,99.26,RefGenome
MARD_SAMN09684733_REFG_MMP09684733,0,0,0,Alpha-Rhodobacter,99.2,RefGenome
MARD_SAMN09989090_REFG_MMP09989090,0,0,0,Alpha-Rhodobacter,99.04,RefGenome
MARD_SAMN04488239_REFG_MMP04488239,1,1,1,Alpha-Rhodobacter,99.42,RefGenome
MARD_SAMN05418027_REFG_MMP05418027,1,1,1,Gamma-Other,100,RefGenome
MARD_SAMN05418031_REFG_MMP05418031,1,1,1,Gamma-Other,100,RefGenome
MARD_SAMN05418073_REFG_MMP05418073,1,1,1,Gamma-Other,100,RefGenome
MARD_SAMN08324238_REFG_MMP08324238,0,0,0,Bacteroidota,96.98,RefGenome
MARD_SAMN08912470_REFG_MMP08912470,0,0,0,Alpha-Other,98.24,RefGenome
TARA_SAMEA4396941_METAG_IJEMMHFI,1,1,1,Gamma-Other,91.04,MAG
TARA_SAMEA4396941_METAG_CLEKMJLB,0,0,0,Gamma-Other,94.42,MAG
TARA_SAMEA4397174_METAG_EGMDODDO,1,1,1,Planctomycetota,96.85,MAG
TARA_SAMEA4396489_METAG_KKGDMKHA,1,1,1,Alpha-Other,92.22,MAG
TARA_SAMEA4397295_METAG_NFMMNHJF,1,1,1,Gamma-Other,98.28,MAG
TARA_SAMEA4397295_METAG_PFKAPFFD,1,1,1,Planctomycetota,98.2,MAG
TARA_SAMEA2621107_METAG_NAIODLKO,1,1,1,Alpha-Rhodobacter,99.5,MAG
TARA_SAMEA4397409_METAG_LIEEABDB,0,0,0,Planctomycetota,95.9,MAG
TARA_SAMEA4396515_METAG_COJOLNON,0,0,0,Alpha-Other,83.86,MAG
TARA_SAMEA2619815_METAG_NCFDDDLL,1,1,1,Planctomycetota,95.28,MAG
TARA_SAMEA2623403_METAG_OKECKDIK,1,1,1,Alpha-Rhodobacter,99.22,MAG
TARA_SAMEA4397023_METAG_NKKALNMO,0,0,0,Alpha-Other,99.64,MAG
TARA_SAMEA4397536_METAG_DNIJMCBI,1,1,1,Planctomycetota,98.2,MAG
TARA_SAMEA2620227_METAG_PONKEPAI,1,1,1,Gamma-Other,79.31,MAG
TARA_SAMEA4397051_METAG_BDIOPMOI,0,0,0,Alpha-Other,99.64,MAG
TARA_SAMEA2620812_METAG_HIEKJCAB,1,1,1,Alpha-Rhodobacter,98.68,MAG
TARA_SAMEA4398360_METAG_MKMJPMHD,1,1,1,Planctomycetota,97.84,MAG
TARA_SAMEA2622738_METAG_EAPOPCAE,1,1,1,Gamma-Other,86.25,MAG
TARA_SAMEA4398432_METAG_IFLIFCAK,0,0,0,Alpha-Other,99.28,MAG
TARA_SAMEA4398432_METAG_EGCBDMCB,0,0,0,Alpha-Other,99.64,MAG
TARA_SAMEA4397586_METAG_MLANKLIE,0,0,0,Alpha-Other,96.2,MAG
TARA_SAMEA2620967_METAG_GMOMFAHB,1,1,1,Alpha-Rhodobacter,90.88,MAG
TARA_SAMEA2621502_METAG_LEDOHCBM,0,0,0,Alpha-Rhodobacter,82.62,MAG
TARA_SAMEA4396988_METAG_MGOBBFJM,0,0,0,Alpha-Other,88.76,MAG
TARA_SAMEA2621191_METAG_JOABIJEI,1,1,1,Alpha-Rhodobacter,99.65,MAG
TARA_SAMEA4397118_METAG_BHLMNNKI,1,1,1,Planctomycetota,98.2,MAG
TARA_SAMEA2623327_METAG_OLEOKFCD,0,0,0,Alpha-Other,91.33,MAG
TARA_SAMEA2623327_METAG_CFOJFPKH,1,1,1,Alpha-Rhodobacter,99.36,MAG
TARA_SAMEA4397255_METAG_PFEJDDLC,0,0,0,Alpha-Other,96.58,MAG
TARA_SAMEA4398001_METAG_BPLHNGEK,0,0,0,Alpha-Other,99.64,MAG
TARA_SAMEA2621075_METAG_HPFDGDJD,0,0,0,Bacteria-Other,80.27,MAG
TARA_SAMEA2622801_METAG_LKEPJGOM,1,1,1,Verrucomicrobiota,98.94,MAG
TARA_SAMEA2623463_METAG_GNOAPNFG,0,0,0,Bacteria-Other,78.32,MAG
TARA_SAMEA2622923_METAG_DNGLHAAI,1,1,1,Bacteria-Other,96.96,MAG
TARA_SAMEA2623350_METAG_CMMNJGMG,1,1,1,Actinobacteriota,92.91,MAG
BGEO_SAMN07136582_METAG_BIALDHBO,1,1,1,Alpha-Other,96.15,MAG
BGEO_SAMN07136617_METAG_FKHCGNDB,1,1,1,Alpha-Other,99.07,MAG
BGEO_SAMN07136489_METAG_APEOGMHC,0,0,0,Cyano-Syn,93.37,MAG
MALA_SAMN05422133_METAG_MPCMMFBL,0,0,0,Alpha-Rhodobacter,95.62,MAG
MALA_SAMN05422148_METAG_IFLPOAIP,1,1,1,Gamma-Other,99.08,MAG
MALA_SAMN05422120_METAG_DPNIGCJC,1,1,1,Actinobacteriota,88,MAG
MALA_SAMN05422113_METAG_GJFPJHHK,1,1,1,Alpha-Rhodobacter,98.8,MAG
TARA_SAMN05326646_METAG_PSW00026,1,1,1,Bacteria-Other,96.98,MAG
TARA_SAMN05326648_METAG_IOS00013,0,0,0,Gamma-Other,93.17,MAG
TARA_SAMN05326641_METAG_ANW00019,1,1,1,Gamma-Other,92.06,MAG
MARD_SAMN09510546_REFG_MMP09510546,0,0,0,Actinobacteriota,92.23,RefGenome
MARD_SAMN06644953_REFG_MMP06644953,1,1,1,Alpha-Rhodobacter,99.68,RefGenome
MARD_SAMN08378603_REFG_MMP08378603,0,0,0,Alpha-Rhodobacter,99.36,RefGenome
MARD_SAMN08886582_SAGS_MMP08886582,0,0,0,Cyano-Syn,91.07,SAG
MARD_SAMN08886585_SAGS_MMP08886585,0,0,0,Cyano-Syn,76.84,SAG
MARD_SAMN08944605_REFG_MMP08944605,1,1,1,Firmicutes,100,RefGenome
MARD_SAMN04965930_REFG_MMP04965930,1,1,1,Gamma-Other,99.64,RefGenome
MARD_SAMN04965932_REFG_MMP04965932,0,0,0,Alpha-Rhodobacter,99.32,RefGenome
MARD_SAMN04965934_REFG_MMP04965934,1,1,1,Gamma-Other,99.64,RefGenome
MARD_SAMD00000390_REFG_MMP00000390,1,1,1,Firmicutes,90.18,RefGenome
MARD_SAMD00006053_REFG_MMP00006053,1,1,1,Firmicutes,96.13,RefGenome
MARD_SAMN02436139_REFG_MMP02436139,0,0,0,Cyano-Syn,99.73,RefGenome
MARD_SAMN02436141_REFG_MMP02436141,0,0,0,Gamma-Other,97.18,RefGenome
MARD_SAMN02436150_REFG_MMP02436150,1,1,1,Gamma-Other,92.08,RefGenome
MARD_SAMN02436154_REFG_MMP02436154,0,0,0,Cyano-Syn,99.37,RefGenome
MARD_SAMN06265372_REFG_MMP06265372,0,0,0,Alpha-Rhodobacter,99.8,RefGenome
MARD_SAMN09721247_REFG_MMP09721247,0,0,0,Alpha-Rhodobacter,99.3,RefGenome
MARD_SAMN09914392_REFG_MMP09914392,1,1,1,Gamma-Other,100,RefGenome
MARD_SAMN10130764_REFG_MMP10130764,0,0,0,Alpha-Rhodobacter,99.34,RefGenome
MARD_SAMD00112194_REFG_MMP00112194,1,1,1,Alpha-Other,99.49,RefGenome
MARD_SAMN02927983_REFG_MMP02927983,0,0,0,Alpha-Other,99.64,RefGenome
MARD_SAMN09245960_REFG_MMP09245960,1,1,1,Alpha-Rhodobacter,99.11,RefGenome
MARD_SAMN09517646_REFG_MMP09517646,1,1,1,Alpha-Other,100,RefGenome
MARD_SAMN09522134_REFG_MMP09522134,1,1,1,Alpha-Rhodobacter,99.26,RefGenome
MARD_SAMN09637267_REFG_MMP09637267,1,1,1,Planctomycetota,97.59,RefGenome
MARD_SAMN10172232_REFG_MMP10172232,1,1,1,Firmicutes,95.94,RefGenome
MARD_SAMEA4520406_REFG_MMP4520406,1,1,1,Gamma-Other,99.64,RefGenome
MARD_SAMEA4520407_REFG_MMP4520407,1,1,1,Gamma-Other,99.64,RefGenome
MARD_SAMEA4520408_REFG_MMP4520408,1,1,1,Gamma-Other,99.64,RefGenome
MARD_SAMEA4520409_REFG_MMP4520409,1,1,1,Gamma-Other,99.64,RefGenome
MARD_SAMEA4520411_REFG_MMP4520411,1,1,1,Gamma-Other,99.64,RefGenome
MARD_SAMEA4520413_REFG_MMP4520413,1,1,1,Gamma-Other,99.64,RefGenome
MARD_SAMEA4520414_REFG_MMP4520414,1,1,1,Gamma-Other,99.64,RefGenome
MARD_SAMEA4520415_REFG_MMP4520415,1,1,1,Gamma-Other,99.64,RefGenome
MARD_SAMEA4520416_REFG_MMP4520416,1,1,1,Gamma-Other,99.64,RefGenome
MARD_SAMEA4520417_REFG_MMP4520417,1,1,1,Gamma-Other,99.64,RefGenome
MARD_SAMN02927921_REFG_MMP02927921,0,0,0,Bacteroidota,99.58,RefGenome
MARD_SAMN04488092_REFG_MMP04488092,0,0,0,Alpha-Rhodobacter,99,RefGenome
MARD_SAMN04488125_REFG_MMP04488125,0,0,0,Alpha-Other,98.96,RefGenome
MARD_SAMN05421798_REFG_MMP05421798,1,1,1,Alpha-Other,100,RefGenome
MARD_SAMD00025187_REFG_MMP00025187,0,0,0,Gamma-Other,100,RefGenome
MARD_SAMEA3492688_REFG_MMP3492688,1,1,1,Alpha-Other,99.68,RefGenome
MARD_SAMEA3528420_REFG_MMP3528420,1,1,1,Alpha-Rhodobacter,99.78,RefGenome
MARD_SAMN04487931_REFG_MMP04487931,0,0,0,Bacteria-Other,98.24,RefGenome
MARD_SAMN04488105_REFG_MMP04488105,1,1,1,Alpha-Rhodobacter,99.44,RefGenome
MARD_SAMN08028457_REFG_MMP08028457,1,1,1,Bacteroidota,97.95,RefGenome
MARD_SAMN08295361_REFG_MMP08295361,1,1,1,Bacteroidota,98.9,RefGenome
MARD_SAMN09433089_REFG_MMP09433089,1,1,1,Bacteria-Other,98.6,RefGenome
TARA_SAMEA4396941_METAG_MJIEMEAA,0,0,0,Alpha-Other,98.92,MAG
TARA_SAMEA4397174_METAG_GINJNJCP,1,1,1,Planctomycetota,97.22,MAG
TARA_SAMEA4397174_METAG_MGPGDCBD,1,1,1,Planctomycetota,97.28,MAG
TARA_SAMEA2620039_METAG_CCAPJDHN,0,0,0,Alpha-Other,95.98,MAG
TARA_SAMEA4397295_METAG_PBBIIDLA,0,0,0,Verrucomicrobiota,97.12,MAG
TARA_SAMEA4397363_METAG_PBPMNFIH,0,0,0,Alpha-Other,91.22,MAG
TARA_SAMEA4397409_METAG_FMHAPBDF,0,0,0,Alpha-Rhodobacter,94.72,MAG
TARA_SAMEA4396515_METAG_IJHFFIED,0,0,0,Alpha-Other,98.92,MAG
TARA_SAMEA4396515_METAG_LHKCPCKJ,0,0,0,Alpha-Other,84.62,MAG
TARA_SAMEA2623403_METAG_HIFICGCL,1,1,1,Planctomycetota,96.73,MAG
TARA_SAMEA2623403_METAG_MFMFELKN,1,1,1,Alpha-Rhodobacter,98.42,MAG
TARA_SAMEA4398027_METAG_AOHLBNMG,0,0,0,Alpha-Rhodobacter,98.04,MAG
TARA_SAMEA2622517_METAG_NJDIAMMF,0,0,0,Gamma-Other,78.84,MAG
TARA_SAMEA2621101_METAG_KHHLCHNL,0,0,0,Bacteria-Other,97.16,MAG
TARA_SAMEA2620925_METAG_LACPPFDI,0,0,0,Alpha-Other,78.05,MAG
TARA_SAMEA4398238_METAG_KPHFHLOE,1,1,1,Planctomycetota,97.06,MAG
TARA_SAMEA4398238_METAG_PDLBAELO,1,1,1,Planctomycetota,98.2,MAG
TARA_SAMEA4397023_METAG_GNKOCKOD,0,0,0,Alpha-Other,92.08,MAG
TARA_SAMEA4398387_METAG_LABGGNAJ,0,0,0,Bacteria-Other,98.06,MAG
TARA_SAMEA4398387_METAG_FIKBKBJM,1,1,1,Planctomycetota,98.2,MAG
TARA_SAMEA4397536_METAG_MBMFBPNN,0,0,0,Alpha-Rhodobacter,98.32,MAG
TARA_SAMEA2622765_METAG_MHBAPCGP,1,1,1,Alpha-Other,93.5,MAG
TARA_SAMEA2621099_METAG_BFJFPEMJ,0,0,0,Bacteria-Other,97.16,MAG
TARA_SAMEA2622685_METAG_CBBIEAPL,0,0,0,Alpha-Other,97.28,MAG
TARA_SAMEA4398360_METAG_HILDAENI,0,0,0,Alpha-Other,92.08,MAG
TARA_SAMEA4398432_METAG_GFLEHPMN,1,1,1,Gamma-Other,100,MAG
TARA_SAMEA4397330_METAG_IIKHBEIA,0,0,0,Alpha-Rhodobacter,98.94,MAG
TARA_SAMEA4397330_METAG_AJIEMPFL,0,0,0,Alpha-Rhodobacter,98.48,MAG
TARA_SAMEA4397586_METAG_KPHCJDEI,0,0,0,Alpha-Other,98.96,MAG
TARA_SAMEA4397586_METAG_FEGGIBBE,1,1,1,Alpha-Rhodobacter,95.96,MAG
TARA_SAMEA4397586_METAG_PDHHONHK,1,1,1,Planctomycetota,98.2,MAG
TARA_SAMEA2622696_METAG_PAAHHAHJ,1,1,1,Gamma-Other,90.06,MAG
TARA_SAMEA4397489_METAG_HFBDHIIA,1,1,1,Planctomycetota,97.65,MAG
TARA_SAMEA4397489_METAG_MIEMHBCL,0,0,0,Alpha-Other,92.08,MAG
TARA_SAMEA4397489_METAG_KFLMDJEI,0,0,0,Alpha-Other,98.64,MAG
TARA_SAMEA4397489_METAG_KHFCPKOF,0,0,0,Gamma-Other,89.3,MAG
TARA_SAMEA4397489_METAG_JCLJMEBD,0,0,0,Alpha-Other,87.06,MAG
TARA_SAMEA2620967_METAG_NCJGICMF,0,0,0,Alpha-Other,79.37,MAG
TARA_SAMEA4396988_METAG_PNLKKADL,0,0,0,Alpha-Other,100,MAG
TARA_SAMEA2621191_METAG_GKKNNIBB,0,0,0,Alpha-Other,92.06,MAG
TARA_SAMEA4397445_METAG_NOEMMHCB,0,0,0,Alpha-Rhodobacter,97.87,MAG
TARA_SAMEA4397445_METAG_ENGAADBB,1,1,1,Planctomycetota,98.2,MAG
TARA_SAMEA4398315_METAG_BPOJMCNG,0,0,0,Alpha-Rhodobacter,99.18,MAG
TARA_SAMEA4398315_METAG_ILCENHEJ,0,0,0,Gamma-Other,82.16,MAG
TARA_SAMEA4397118_METAG_EKOAFJME,1,1,1,Planctomycetota,97.22,MAG
TARA_SAMEA4397118_METAG_KDDGJDGN,1,1,1,Planctomycetota,96.48,MAG
TARA_SAMEA2621300_METAG_EKFPEFJE,0,0,0,Alpha-Other,99.64,MAG
TARA_SAMEA4397859_METAG_GLPLBGPK,0,0,0,Alpha-Other,98.96,MAG
TARA_SAMEA2619677_METAG_CHAHPNEN,1,1,1,Planctomycetota,97.22,MAG
TARA_SAMEA4397215_METAG_GIHILDFN,0,0,0,Planctomycetota,94.54,MAG
TARA_SAMEA4397215_METAG_IFBFPIAA,1,1,1,Planctomycetota,97.22,MAG
TARA_SAMEA2621247_METAG_OMELJKJA,0,0,0,Alpha-Rhodobacter,97.9,MAG
TARA_SAMEA2621247_METAG_ILHOMMDB,1,1,1,Planctomycetota,92.35,MAG
TARA_SAMEA2623907_METAG_FJIGGKKP,1,1,1,Bacteria-Other,87.4,MAG
TARA_SAMEA2623446_METAG_CAGACCPM,1,1,1,Alpha-Other,99.97,MAG
TARA_SAMEA2591098_METAG_EJOBFJID,0,0,0,Cyano-Syn,94.99,MAG
TARA_SAMEA2622796_METAG_OHBOBOCA,0,0,0,Gamma-Other,96.72,MAG
TARA_SAMEA2621092_METAG_PJABGEBM,0,0,0,Alpha-Rhodobacter,94.76,MAG
TARA_SAMEA2619782_METAG_OHIHNNLJ,0,0,0,Cyano-Syn,92.51,MAG
TARA_SAMEA4396496_METAG_ILGMJFMP,0,0,0,Cyano-Syn,92.56,MAG
TARA_SAMEA4397983_METAG_JCMDONEC,0,0,0,Gamma-Other,92.92,MAG
BGEO_SAMN07136483_METAG_CEMEACFK,0,0,0,Cyano-Syn,97.2,MAG
BGEO_SAMN07136945_METAG_HMPKJKPH,0,0,0,Cyano-Syn,86.44,MAG
BGEO_SAMN07136900_METAG_NDDKEADO,0,0,0,Gamma-Other,97.66,MAG
MALA_SAMN05422136_METAG_DBKFPAHM,0,0,0,Gamma-Other,96.56,MAG
MALA_SAMN05422140_METAG_DOCADGDO,1,1,1,Alpha-Other,97.58,MAG
MALA_SAMN05422104_METAG_HGLFHJJK,1,1,1,Bacteria-Other,90.38,MAG
MALA_SAMN05422149_METAG_CFOFNMIM,0,0,0,Alpha-Other,99.2,MAG
MALA_SAMN05422195_METAG_GOAGNGHJ,0,0,0,Bacteria-Other,95.78,MAG
MALA_SAMN05422133_METAG_LICJKDFC,1,1,1,Alpha-Other,99.72,MAG
MALA_SAMN05422133_METAG_KFHCJPLA,1,1,1,Alpha-Rhodobacter,98.47,MAG
MALA_SAMN05422120_METAG_IFLJGABO,1,1,1,Alpha-Other,98.84,MAG
MALA_SAMN05422108_METAG_GKBEANEL,1,1,1,Actinobacteriota,85.92,MAG
MARD_SAMN08131153_REFG_MMP08131153,1,1,1,Alpha-Other,99.15,RefGenome
MARD_SAMN09228017_REFG_MMP09228017,0,0,0,Alpha-Rhodobacter,98.98,RefGenome
MARD_SAMN08122818_REFG_MMP08122818,1,1,1,Gamma-Other,99.64,RefGenome
MARD_SAMN08886580_SAGS_MMP08886580,0,0,0,Cyano-Syn,82.06,SAG
MARD_SAMN09509804_REFG_MMP09509804,1,1,1,Gamma-Other,99.92,RefGenome
MARD_SAMN03080615_REFG_MMP03080615,1,1,1,Gamma-Other,99.57,RefGenome
MARD_SAMN04390147_REFG_MMP04390147,1,1,1,Gamma-Other,99.36,RefGenome
MARD_SAMN04589240_REFG_MMP04589240,1,1,1,Firmicutes,99.72,RefGenome
MARD_SAMN05526266_REFG_MMP05526266,1,1,1,Firmicutes,99.34,RefGenome
MARD_SAMN05660649_REFG_MMP05660649,0,0,0,Firmicutes,99.28,RefGenome
MARD_SAMD00036655_REFG_MMP00036655,1,1,1,Gamma-Other,99.44,RefGenome
MARD_SAMD00036665_REFG_MMP00036665,0,0,0,Actinobacteriota,99.22,RefGenome
MARD_SAMD00000021_REFG_MMP00000021,1,1,1,Firmicutes,99.7,RefGenome
MARD_SAMD00028746_REFG_MMP00028746,0,0,0,Alpha-Other,99.64,RefGenome
MARD_SAMD00041797_REFG_MMP00041797,1,1,1,Gamma-Other,99.52,RefGenome
MARD_SAMN02436084_REFG_MMP02436084,0,0,0,Alpha-Other,99.08,RefGenome
MARD_SAMN02436085_REFG_MMP02436085,0,0,0,Cyano-Syn,99.5,RefGenome
MARD_SAMN02436120_REFG_MMP02436120,1,1,1,Planctomycetota,97.84,RefGenome
MARD_SAMN05418059_REFG_MMP05418059,1,1,1,Gamma-Other,100,RefGenome
MARD_SAMN07620991_REFG_MMP07620991,0,0,0,Alpha-Rhodobacter,99.42,RefGenome
MARD_SAMN10134657_REFG_MMP10134657,1,1,1,Bacteroidota,99.81,RefGenome
MARD_SAMN10134659_REFG_MMP10134659,1,1,1,Bacteroidota,99.26,RefGenome
MARD_SAMEA4707919_REFG_MMP4707919,0,0,0,Cyano-Syn,98.51,RefGenome
MARD_SAMN02927974_REFG_MMP02927974,0,0,0,Alpha-Other,98.92,RefGenome
MARD_SAMN09437379_REFG_MMP09437379,1,1,1,Gamma-Other,98.51,RefGenome
MARD_SAMN09522133_REFG_MMP09522133,1,1,1,Alpha-Rhodobacter,99.22,RefGenome
MARD_SAMN09637346_REFG_MMP09637346,1,1,1,Planctomycetota,97.38,RefGenome
MARD_SAMN09759695_REFG_MMP09759695,1,1,1,Alpha-Rhodobacter,99.95,RefGenome
MARD_SAMN10231401_REFG_MMP10231401,1,1,1,Alpha-Rhodobacter,99.82,RefGenome
MARD_SAMN10285739_REFG_MMP10285739,1,1,1,Gamma-Other,99.61,RefGenome
MARD_SAMEA4520410_REFG_MMP4520410,1,1,1,Gamma-Other,99.64,RefGenome
MARD_SAMEA4520412_REFG_MMP4520412,1,1,1,Gamma-Other,99.64,RefGenome
MARD_SAMN05216258_REFG_MMP05216258,1,1,1,Alpha-Rhodobacter,99.64,RefGenome
MARD_SAMN05216264_REFG_MMP05216264,1,1,1,Gamma-Other,99.84,RefGenome
MARD_SAMN05444398_REFG_MMP05444398,0,0,0,Alpha-Rhodobacter,99.26,RefGenome
MARD_SAMN05444414_REFG_MMP05444414,1,1,1,Alpha-Rhodobacter,99.54,RefGenome
MARD_SAMEA3539551_REFG_MMP3539551,0,0,0,Alpha-Rhodobacter,99.54,RefGenome
MARD_SAMEA3542132_REFG_MMP3542132,1,1,1,Alpha-Rhodobacter,99.54,RefGenome
MARD_SAMN02261338_REFG_MMP02261338,0,0,0,Cyano-Other,99.28,RefGenome
MARD_SAMN02470761_REFG_MMP02470761,0,0,0,Gamma-Other,96.86,RefGenome
MARD_SAMEA4707920_REFG_MMP4707920,0,0,0,Cyano-Syn,98.29,RefGenome
MARD_SAMN09508687_REFG_MMP09508687,1,1,1,Alpha-Rhodobacter,99.85,RefGenome
MARD_SAMN09580375_REFG_MMP09580375,0,0,0,Alpha-Rhodobacter,99.5,RefGenome
MARD_SAMN04487910_REFG_MMP04487910,1,1,1,Bacteroidota,99.45,RefGenome
MARD_SAMN04488026_REFG_MMP04488026,1,1,1,Alpha-Rhodobacter,99.58,RefGenome
MARD_SAMN04488238_REFG_MMP04488238,1,1,1,Alpha-Rhodobacter,98.98,RefGenome
MARD_SAMN04488360_REFG_MMP04488360,1,1,1,Actinobacteriota,100,RefGenome
MARD_SAMN05418166_REFG_MMP05418166,1,1,1,Gamma-Other,100,RefGenome
MARD_SAMN05444007_REFG_MMP05444007,1,1,1,Alpha-Rhodobacter,100,RefGenome
MARD_SAMN05444413_REFG_MMP05444413,0,0,0,Alpha-Rhodobacter,99.5,RefGenome
MARD_SAMN05582966_REFG_MMP05582966,0,0,0,Alpha-Rhodobacter,98.82,RefGenome
MARD_SAMN08470889_REFG_MMP08470889,1,1,1,Bacteria-Other,99.56,RefGenome
MARD_SAMN09388146_REFG_MMP09388146,1,1,1,Alpha-Other,100,RefGenome
MARD_SAMN09469620_REFG_MMP09469620,1,1,1,Gamma-Other,97.06,RefGenome
MARD_SAMN06133340_REFG_MMP06133340,1,1,1,Gamma-Other,100,RefGenome
TARA_SAMEA2621033_METAG_BDPDKECI,0,0,0,Alpha-Rhodobacter,80.47,MAG
TARA_SAMEA4396941_METAG_KLBPAJAD,1,1,1,Planctomycetota,95.34,MAG
TARA_SAMEA4396941_METAG_FIKOMDNM,0,0,0,Gamma-Other,88.73,MAG
TARA_SAMEA4396941_METAG_NMOKIAAF,0,0,0,Alpha-Rhodobacter,99.38,MAG
TARA_SAMEA4396941_METAG_FFMEDCBF,1,1,1,Alpha-Rhodobacter,92,MAG
TARA_SAMEA4396941_METAG_JJKLBFKP,0,0,0,Alpha-Rhodobacter,86.44,MAG
TARA_SAMEA4396941_METAG_FLOPKAHB,0,0,0,Gamma-Other,81.98,MAG
TARA_SAMEA4396941_METAG_IEKADHHE,0,0,0,Alpha-Other,91.81,MAG
TARA_SAMEA4396941_METAG_JNFLMIMJ,0,0,0,Alpha-Rhodobacter,82.66,MAG
TARA_SAMEA4396941_METAG_KHPFJDKB,1,1,1,Gamma-Other,97.38,MAG
TARA_SAMEA4397174_METAG_IGCEIJFB,0,0,0,Alpha-Other,86.86,MAG
TARA_SAMEA4397174_METAG_HFHLPNOL,1,1,1,Gamma-Other,97.38,MAG
TARA_SAMEA4397174_METAG_PAOCLOOI,0,0,0,Alpha-Rhodobacter,92.41,MAG
TARA_SAMEA4397174_METAG_OLMHMLCA,0,0,0,Alpha-Rhodobacter,95.6,MAG
TARA_SAMEA4397174_METAG_ILOADGDN,1,1,1,Alpha-Rhodobacter,98.6,MAG
TARA_SAMEA4397174_METAG_BMIOLAFD,1,1,1,Gamma-Other,86.1,MAG
TARA_SAMEA4397815_METAG_MGOOMLHG,1,1,1,Alpha-Other,99.39,MAG
TARA_SAMEA4397815_METAG_KGKDLCCI,0,0,0,Gamma-Other,92.26,MAG
TARA_SAMEA4396489_METAG_JENLENIG,0,0,0,Bacteroidota,87.51,MAG
TARA_SAMEA4396489_METAG_PJHDHIHO,1,1,1,Alpha-Rhodobacter,98.76,MAG
TARA_SAMEA4396489_METAG_OFBBDPAO,1,1,1,Planctomycetota,95.62,MAG
TARA_SAMEA4397295_METAG_BNIBEGDP,1,1,1,Gamma-Other,97.38,MAG
TARA_SAMEA4397295_METAG_PNLAEKMH,0,0,0,Alpha-Rhodobacter,95.38,MAG
TARA_SAMEA4397295_METAG_NOICPOFE,0,0,0,Verrucomicrobiota,97.66,MAG
TARA_SAMEA4397295_METAG_NPECDEII,0,0,0,Alpha-Other,96.68,MAG
TARA_SAMEA4397295_METAG_IEPIMNLC,0,0,0,Alpha-Other,93.12,MAG
TARA_SAMEA4397363_METAG_IPJBEJHI,0,0,0,Planctomycetota,96.18,MAG
TARA_SAMEA4397363_METAG_PEIHIEPH,1,1,1,Planctomycetota,96.64,MAG
TARA_SAMEA4397363_METAG_OEELJFIL,1,1,1,Gamma-Other,97.38,MAG
TARA_SAMEA4397363_METAG_MIGAGBNJ,0,0,0,Alpha-Rhodobacter,99.15,MAG
TARA_SAMEA2621107_METAG_ANNENPFL,0,0,0,Gamma-Other,82.2,MAG
TARA_SAMEA4397627_METAG_PFAFHOHC,1,1,1,Alpha-Rhodobacter,96.1,MAG
TARA_SAMEA4396515_METAG_JGLJJOND,0,0,0,Alpha-Rhodobacter,98.98,MAG
TARA_SAMEA2619815_METAG_OGNGPHHE,0,0,0,Gamma-Other,77.78,MAG
TARA_SAMEA2623403_METAG_BFAIBJBD,1,1,1,Planctomycetota,94.9,MAG
TARA_SAMEA4398111_METAG_LCAKNCPF,1,1,1,Gamma-Other,97.38,MAG
TARA_SAMEA4398193_METAG_HLBDJCNA,0,0,0,Gamma-Other,94.9,MAG
TARA_SAMEA4398083_METAG_EIBFECHC,0,0,0,Alpha-Rhodobacter,90.6,MAG
TARA_SAMEA4398027_METAG_PLPCHCNP,0,0,0,Alpha-Rhodobacter,82.68,MAG
TARA_SAMEA2621416_METAG_PLGBNMDK,1,1,1,Gamma-Other,100,MAG
TARA_SAMEA2621101_METAG_PFIFDIHB,1,1,1,Gamma-Other,92.7,MAG
TARA_SAMEA4398168_METAG_EEEDAEIF,1,1,1,Gamma-Other,92.02,MAG
TARA_SAMEA4397023_METAG_GPOLAJDG,0,0,0,Alpha-Rhodobacter,90.98,MAG
TARA_SAMEA2622800_METAG_CFACIDDL,0,0,0,Bacteria-Other,94.26,MAG
TARA_SAMEA4398387_METAG_ILGDMCFO,0,0,0,Alpha-Other,100,MAG
TARA_SAMEA4398387_METAG_FCMGMIMP,0,0,0,Alpha-Rhodobacter,84.19,MAG
TARA_SAMEA2622677_METAG_KBPPAGFB,1,1,1,Gamma-Other,93.76,MAG
TARA_SAMEA4397536_METAG_NIDGFOMJ,1,1,1,Gamma-Other,95.74,MAG
TARA_SAMEA4397536_METAG_PPMBDFND,0,0,0,Alpha-Other,97.08,MAG
TARA_SAMEA2620227_METAG_PDPEFNBK,1,1,1,Gamma-Other,99.9,MAG
TARA_SAMEA2620980_METAG_HLDEJBHE,1,1,1,Bacteroidota,85.04,MAG
TARA_SAMEA4397948_METAG_CJELGJCM,1,1,1,Alpha-Other,99.64,MAG
TARA_SAMEA4398360_METAG_GLLKEDJF,0,0,0,Alpha-Rhodobacter,89.08,MAG
TARA_SAMEA4398360_METAG_BPNDFBAG,0,0,0,Alpha-Other,81.24,MAG
TARA_SAMEA4398266_METAG_CIJKCIBB,1,1,1,Gamma-Other,97.38,MAG
TARA_SAMEA4397330_METAG_GENHDNHJ,0,0,0,Alpha-Rhodobacter,98.98,MAG
TARA_SAMEA4397586_METAG_HMEMIMBJ,0,0,0,Alpha-Other,98.92,MAG
TARA_SAMEA2621564_METAG_PJFFNECB,0,0,0,Gamma-Other,89.07,MAG
TARA_SAMEA4397489_METAG_EMMCHIIM,0,0,0,Alpha-Rhodobacter,99.34,MAG
TARA_SAMEA4397489_METAG_PKJFCHJO,0,0,0,Alpha-Other,99.28,MAG
TARA_SAMEA4397489_METAG_GPBOHONC,1,1,1,Gamma-Other,95.86,MAG
TARA_SAMEA2619854_METAG_DHKPDHFL,0,0,0,Gamma-Other,100,MAG
TARA_SAMEA2619903_METAG_DMIKMCEE,0,0,0,Gamma-Other,82.2,MAG
TARA_SAMEA2621528_METAG_LMPJOJBM,1,1,1,Alpha-Rhodobacter,89.31,MAG
TARA_SAMEA4396988_METAG_FOHKGEEE,1,1,1,Gamma-Other,93.46,MAG
TARA_SAMEA4396988_METAG_AFDCNOCA,0,0,0,Alpha-Rhodobacter,98.98,MAG
TARA_SAMEA4397445_METAG_OOOMKIEM,1,1,1,Gamma-Other,96.44,MAG
TARA_SAMEA4397445_METAG_JNHKOBNB,0,0,0,Alpha-Other,91.81,MAG
TARA_SAMEA4398315_METAG_ODIMHKIJ,0,0,0,Gamma-Other,98.88,MAG
TARA_SAMEA4397920_METAG_DFCHONMJ,0,0,0,Alpha-Rhodobacter,90.57,MAG
TARA_SAMEA4397920_METAG_NBNHFLOD,1,1,1,Alpha-Rhodobacter,92.28,MAG
TARA_SAMEA2622716_METAG_KPOBLLMP,0,0,0,Bacteria-Other,95.93,MAG
TARA_SAMEA2622823_METAG_EBPOBCBI,0,0,0,Gamma-Other,78.81,MAG
TARA_SAMEA4397118_METAG_BEODKAND,1,1,1,Gamma-Other,96.96,MAG
TARA_SAMEA4397118_METAG_MADEPHFA,0,0,0,Bacteroidota,98.02,MAG
TARA_SAMEA4397118_METAG_JPPFBIOG,1,1,1,Gamma-Other,97.38,MAG
TARA_SAMEA2623327_METAG_HPJGDEEI,1,1,1,Planctomycetota,94.34,MAG
TARA_SAMEA2621300_METAG_DLFIIANO,1,1,1,Gamma-Other,97.47,MAG
TARA_SAMEA4397255_METAG_EGAAMBHP,0,0,0,Alpha-Rhodobacter,98.68,MAG
TARA_SAMEA4397255_METAG_LHBNFFOA,1,1,1,Planctomycetota,95.73,MAG
TARA_SAMEA4397255_METAG_NDCCPDEP,1,1,1,Gamma-Other,92.76,MAG
TARA_SAMEA4398001_METAG_MAGPKEIF,1,1,1,Alpha-Rhodobacter,92.56,MAG
TARA_SAMEA2619791_METAG_PDHHDEMN,1,1,1,Planctomycetota,94.54,MAG
TARA_SAMEA2622212_METAG_LNAPEFEO,1,1,1,Planctomycetota,97.84,MAG
TARA_SAMEA2621242_METAG_FGOJGGEL,1,1,1,Gamma-Other,93.15,MAG
TARA_SAMEA2621242_METAG_JDPCKNJD,1,1,1,Alpha-Other,98.53,MAG
TARA_SAMEA2621010_METAG_HIIFMGJH,0,0,0,Alpha-Other,88.64,MAG
TARA_SAMEA2621204_METAG_IHADJLAL,1,1,1,Alpha-Other,78.15,MAG
TARA_SAMEA4397215_METAG_GAAAIJJK,0,0,0,Alpha-Other,93.21,MAG
TARA_SAMEA4397215_METAG_CLAGOLLK,0,0,0,Alpha-Rhodobacter,89.52,MAG
TARA_SAMEA4397215_METAG_ILCOPCBG,1,1,1,Alpha-Rhodobacter,95.88,MAG
TARA_SAMEA4397215_METAG_MECMFAKA,1,1,1,Gamma-Other,78.85,MAG
TARA_SAMEA2622678_METAG_IGPHDBBK,1,1,1,Gamma-Other,83.37,MAG
TARA_SAMEA2621247_METAG_NOOBCFIB,0,0,0,Alpha-Other,93.8,MAG
TARA_SAMEA2621045_METAG_BFFIBILI,0,0,0,Bacteria-Other,96.86,MAG
TARA_SAMEA2620035_METAG_IGCCHELG,0,0,0,Alpha-Other,93.82,MAG
TARA_SAMEA2621859_METAG_LMMJEOCK,0,0,0,Gamma-Other,98.84,MAG
TARA_SAMEA2619907_METAG_JNGKLHKE,0,0,0,Bacteria-Other,93.68,MAG
TARA_SAMEA2623513_METAG_KKMAEAIE,0,0,0,Bacteroidota,85.77,MAG
TARA_SAMEA2622710_METAG_FHOBMPIE,0,0,0,Bacteria-Other,96.94,MAG
TARA_SAMEA2623390_METAG_GAKINMBA,1,1,1,Alpha-Rhodobacter,96.2,MAG
TARA_SAMEA2622673_METAG_HGKFMICN,1,1,1,Gamma-Other,85.92,MAG
TARA_SAMEA2621551_METAG_PDBJEGFH,0,0,0,Planctomycetota,91.05,MAG
TARA_SAMEA2621092_METAG_KFIBCKLI,0,0,0,Gamma-Other,100,MAG
TARA_SAMEA2621092_METAG_PINFDOMM,1,1,1,Gamma-Other,86.34,MAG
TARA_SAMEA2623314_METAG_KAPLAEKP,0,0,0,Bacteria-Other,95.28,MAG
TARA_SAMEA2621839_METAG_APLAGKHB,0,0,0,Cyano-Syn,85.19,MAG
BGEO_SAMN07136947_METAG_PNJGMBLN,0,0,0,Cyano-Syn,93.49,MAG
BGEO_SAMN07136632_METAG_OCIPKBPN,0,0,0,Cyano-Syn,86.97,MAG
BGEO_SAMN07136948_METAG_JCDFMAKF,0,0,0,Cyano-Syn,91.56,MAG
BGEO_SAMN07136489_METAG_IFLGICPE,0,0,0,Cyano-Syn,82.1,MAG
MALA_SAMN05422226_METAG_EJEPAIKM,0,0,0,Bacteria-Other,86.46,MAG
MALA_SAMN05422120_METAG_OJHGHPEI,0,0,0,Bacteria-Other,95.43,MAG
MALA_SAMN05421555_METAG_CLKOJKMO,0,0,0,Gamma-Other,96.88,MAG
TARA_SAMN05326644_METAG_PON00006,1,1,1,Bacteria-Other,94.39,MAG
TARA_SAMN05326646_METAG_PSW00030,0,0,0,Bacteria-Other,96.26,MAG
TARA_SAMN05326648_METAG_IOS00023,1,1,1,Alpha-Other,93.76,MAG
TARA_SAMN05326641_METAG_ANW00004,1,1,1,Alpha-Other,99.75,MAG
MARD_SAMN08886542_SAGS_MMP08886542,0,0,0,Cyano-Pro,84.82,SAG
MARD_SAMN08886552_SAGS_MMP08886552,0,0,0,Cyano-Pro,76.96,SAG
MARD_SAMN08730821_REFG_MMP08730821,0,0,0,Alpha-Other,99.94,RefGenome
MARD_SAMN08149906_REFG_MMP08149906,1,1,1,Gamma-Other,100,RefGenome
MARD_SAMN08886661_SAGS_MMP08886661,0,0,0,Cyano-Syn,76.59,SAG
MARD_SAMN09425313_REFG_MMP09425313,0,0,0,Alpha-Rhodobacter,99.48,RefGenome
MARD_SAMN02745220_REFG_MMP02745220,1,1,1,Bacteria-Other,97.8,RefGenome
MARD_SAMN04508135_REFG_MMP04508135,0,0,0,Cyano-Other,89.06,RefGenome
MARD_SAMN04965933_REFG_MMP04965933,0,0,0,Alpha-Rhodobacter,98.98,RefGenome
MARD_SAMN05001254_REFG_MMP05001254,1,1,1,Bacteroidota,99.84,RefGenome
MARD_SAMN05214263_REFG_MMP05214263,1,1,1,Alpha-Rhodobacter,99.03,RefGenome
MARD_SAMN05589748_REFG_MMP05589748,1,1,1,Gamma-Other,99.76,RefGenome
MARD_SAMN05928563_REFG_MMP05928563,1,1,1,Alpha-Rhodobacter,99.25,RefGenome
MARD_SAMD00000377_REFG_MMP00000377,0,0,0,Firmicutes,96.56,RefGenome
MARD_SAMEA2593984_REFG_MMP2593984,1,1,1,Gamma-Other,100,RefGenome
MARD_SAMEA2593998_REFG_MMP2593998,1,1,1,Gamma-Other,100,RefGenome
MARD_SAMEA2593999_REFG_MMP2593999,1,1,1,Gamma-Other,100,RefGenome
MARD_SAMEA2594000_REFG_MMP2594000,1,1,1,Gamma-Other,100,RefGenome
MARD_SAMEA2594003_REFG_MMP2594003,1,1,1,Gamma-Other,100,RefGenome
MARD_SAMEA2594035_REFG_MMP2594035,1,1,1,Gamma-Other,99.94,RefGenome
MARD_SAMD00018367_REFG_MMP00018367,1,1,1,Gamma-Other,99.26,RefGenome
MARD_SAMD00019140_REFG_MMP00019140,1,1,1,Gamma-Other,100,RefGenome
MARD_SAMD00035723_REFG_MMP00035723,1,1,1,Gamma-Other,100,RefGenome
MARD_SAMEA2272788_REFG_MMP2272788,1,1,1,Gamma-Other,98.83,RefGenome
MARD_SAMN02436087_REFG_MMP02436087,1,1,1,Gamma-Other,97.97,RefGenome
MARD_SAMN02436110_REFG_MMP02436110,0,0,0,Alpha-Rhodobacter,99.18,RefGenome
MARD_SAMN02436161_REFG_MMP02436161,0,0,0,Alpha-Other,99.64,RefGenome
MARD_SAMN02441806_REFG_MMP02441806,1,1,1,Bacteria-Other,95.39,RefGenome
MARD_SAMEA1059311_REFG_MMP1059311,0,0,0,Alpha-Rhodobacter,99.08,RefGenome
MARD_SAMN05417990_REFG_MMP05417990,1,1,1,Gamma-Other,100,RefGenome
MARD_SAMN05417996_REFG_MMP05417996,1,1,1,Gamma-Other,100,RefGenome
MARD_SAMN05418114_REFG_MMP05418114,1,1,1,Gamma-Other,99.33,RefGenome
MARD_SAMN05418152_REFG_MMP05418152,1,1,1,Gamma-Other,100,RefGenome
MARD_SAMN09634893_REFG_MMP09634893,1,1,1,Gamma-Other,99.59,RefGenome
MARD_SAMN08924931_REFG_MMP08924931,0,0,0,Bacteroidota,98.84,RefGenome
MARD_SAMN09381170_REFG_MMP09381170,1,1,1,Gamma-Other,99.45,RefGenome
MARD_SAMN09637541_REFG_MMP09637541,1,1,1,Planctomycetota,98.31,RefGenome
MARD_SAMN09939628_REFG_MMP09939628,0,0,0,Alpha-Other,99.82,RefGenome
MARD_SAMN09939799_REFG_MMP09939799,1,1,1,Alpha-Rhodobacter,99.49,RefGenome
MARD_SAMN10285743_REFG_MMP10285743,1,1,1,Gamma-Other,99.61,RefGenome
MARD_SAMN10412359_REFG_MMP10412359,1,1,1,Gamma-Other,96.89,RefGenome
MARD_SAMN04487859_REFG_MMP04487859,1,1,1,Alpha-Rhodobacter,99.56,RefGenome
MARD_SAMN04488043_REFG_MMP04488043,1,1,1,Alpha-Rhodobacter,99.26,RefGenome
MARD_SAMN04488050_REFG_MMP04488050,0,0,0,Alpha-Rhodobacter,99.65,RefGenome
MARD_SAMN04490244_REFG_MMP04490244,1,1,1,Alpha-Rhodobacter,99.46,RefGenome
MARD_SAMN04515673_REFG_MMP04515673,0,0,0,Alpha-Rhodobacter,99.06,RefGenome
MARD_SAMN05216175_REFG_MMP05216175,0,0,0,Gamma-Other,99.9,RefGenome
MARD_SAMN05216236_REFG_MMP05216236,1,1,1,Alpha-Rhodobacter,99.94,RefGenome
MARD_SAMN05421848_REFG_MMP05421848,0,0,0,Gamma-Other,99.78,RefGenome
MARD_SAMN05443551_REFG_MMP05443551,0,0,0,Alpha-Rhodobacter,99.17,RefGenome
MARD_SAMN05444003_REFG_MMP05444003,0,0,0,Alpha-Rhodobacter,99.04,RefGenome
MARD_SAMN05660686_REFG_MMP05660686,0,0,0,Alpha-Other,100,RefGenome
MARD_SAMN05661223_REFG_MMP05661223,1,1,1,Gamma-Other,99.37,RefGenome
MARD_SAMD00028747_REFG_MMP00028747,0,0,0,Alpha-Other,99.64,RefGenome
MARD_SAMEA3495742_REFG_MMP3495742,1,1,1,Alpha-Other,99.84,RefGenome
MARD_SAMEA3530152_REFG_MMP3530152,1,1,1,Alpha-Rhodobacter,99.26,RefGenome
MARD_SAMEA3531082_REFG_MMP3531082,0,0,0,Alpha-Rhodobacter,99.11,RefGenome
MARD_SAMEA3531501_REFG_MMP3531501,0,0,0,Alpha-Rhodobacter,99.11,RefGenome
MARD_SAMEA3532112_REFG_MMP3532112,0,0,0,Alpha-Rhodobacter,99.64,RefGenome
MARD_SAMN06885536_REFG_MMP06885536,1,1,1,Firmicutes,100,RefGenome
MARD_SAMN08984055_REFG_MMP08984055,1,1,1,Gamma-Other,99.99,RefGenome
MARD_SAMN09074742_REFG_MMP09074742,0,0,0,Alpha-Rhodobacter,99.11,RefGenome
MARD_SAMN09075496_REFG_MMP09075496,1,1,1,Alpha-Rhodobacter,99.44,RefGenome
MARD_SAMN09279561_REFG_MMP09279561,1,1,1,Alpha-Rhodobacter,99,RefGenome
MARD_SAMN09522149_REFG_MMP09522149,1,1,1,Alpha-Rhodobacter,99.48,RefGenome
MARD_SAMN09767465_REFG_MMP09767465,1,1,1,Gamma-Other,99.54,RefGenome
MARD_SAMN10397511_REFG_MMP10397511,1,1,1,Gamma-Other,99.56,RefGenome
MARD_SAMN10430479_REFG_MMP10430479,1,1,1,Gamma-Other,98.5,RefGenome
MARD_SAMN04488245_REFG_MMP04488245,0,0,0,Alpha-Rhodobacter,99.65,RefGenome
MARD_SAMN04488567_REFG_MMP04488567,0,0,0,Alpha-Rhodobacter,99.11,RefGenome
MARD_SAMN05418034_REFG_MMP05418034,1,1,1,Gamma-Other,100,RefGenome
MARD_SAMN05421742_REFG_MMP05421742,0,0,0,Alpha-Other,99.39,RefGenome
MARD_SAMN05421850_REFG_MMP05421850,1,1,1,Alpha-Rhodobacter,99.42,RefGenome
MARD_SAMN05444006_REFG_MMP05444006,1,1,1,Alpha-Rhodobacter,99.88,RefGenome
MARD_SAMN05444358_REFG_MMP05444358,1,1,1,Alpha-Rhodobacter,99.78,RefGenome
MARD_SAMN05660691_REFG_MMP05660691,0,0,0,Gamma-Other,99.47,RefGenome
MARD_SAMN06134494_REFG_MMP06134494,1,1,1,Gamma-Other,99.82,RefGenome
MARD_SAMN06948887_REFG_MMP06948887,1,1,1,Gamma-Other,100,RefGenome
MARD_SAMN05418026_REFG_MMP05418026,1,1,1,Gamma-Other,99.82,RefGenome
MARD_SAMN05418029_REFG_MMP05418029,1,1,1,Gamma-Other,99.87,RefGenome
MARD_SAMN05418050_REFG_MMP05418050,1,1,1,Gamma-Other,99.87,RefGenome
MARD_SAMN05418052_REFG_MMP05418052,1,1,1,Gamma-Other,99.87,RefGenome
MARD_SAMN05418070_REFG_MMP05418070,1,1,1,Gamma-Other,99.8,RefGenome
MARD_SAMN05418078_REFG_MMP05418078,1,1,1,Gamma-Other,100,RefGenome
MARD_SAMN06133337_REFG_MMP06133337,1,1,1,Gamma-Other,97.94,RefGenome
TARA_SAMEA4396941_METAG_KAPCODLD,0,0,0,Verrucomicrobiota,97.18,MAG
TARA_SAMEA4396941_METAG_DHKNMGLF,0,0,0,Alpha-Other,99.8,MAG
TARA_SAMEA4396941_METAG_NDINBEMH,1,1,1,Bacteroidota,77.02,MAG
TARA_SAMEA4396941_METAG_HEODMAFM,0,0,0,Gamma-Other,96.78,MAG
TARA_SAMEA4397174_METAG_PDHHJAIA,0,0,0,Gamma-Other,93.8,MAG
TARA_SAMEA4397174_METAG_EHAMDLDF,1,1,1,Alpha-Rhodobacter,75.33,MAG
TARA_SAMEA4397174_METAG_MOJMLGLL,0,0,0,Alpha-Other,84.99,MAG
TARA_SAMEA4397174_METAG_HPIDOFNN,0,0,0,Alpha-Other,91.83,MAG
TARA_SAMEA4397174_METAG_IFAOIBIG,1,1,1,Planctomycetota,88.74,MAG
TARA_SAMEA4397815_METAG_DHMFGGFJ,0,0,0,Alpha-Other,98.92,MAG
TARA_SAMEA2620039_METAG_JMLJMNOD,0,0,0,Bacteria-Other,94.89,MAG
TARA_SAMEA4396489_METAG_CIGGPLLK,0,0,0,Alpha-Other,83.2,MAG
TARA_SAMEA4396489_METAG_FPKKKDHE,0,0,0,Alpha-Other,91.96,MAG
TARA_SAMEA4396489_METAG_KDOEEGAJ,0,0,0,Verrucomicrobiota,96.15,MAG
TARA_SAMEA4396489_METAG_HIADIDCD,0,0,0,Alpha-Rhodobacter,93.4,MAG
TARA_SAMEA4396489_METAG_JFPKFPED,0,0,0,Alpha-Other,86.22,MAG
TARA_SAMEA4396489_METAG_LPGIOKCC,1,1,1,Alpha-Rhodobacter,92,MAG
TARA_SAMEA4397295_METAG_IJPKGPCH,0,0,0,Planctomycetota,83.68,MAG
TARA_SAMEA4397295_METAG_NJJHJPKO,0,0,0,Planctomycetota,93.76,MAG
TARA_SAMEA4397295_METAG_MEHMPBIG,0,0,0,Alpha-Other,91.61,MAG
TARA_SAMEA4397295_METAG_BEKHEJEB,1,1,1,Planctomycetota,95.26,MAG
TARA_SAMEA4397363_METAG_FLDGJHNH,0,0,0,Gamma-Other,95.12,MAG
TARA_SAMEA4397363_METAG_FKFIANAM,0,0,0,Bacteroidota,88.15,MAG
TARA_SAMEA4397666_METAG_MPHNFEDL,0,0,0,Gamma-Other,80.12,MAG
TARA_SAMEA4397666_METAG_DHEKCGJP,1,1,1,Gamma-Other,90.08,MAG
TARA_SAMEA2621271_METAG_PIDLIANN,0,0,0,Alpha-Other,82.63,MAG
TARA_SAMEA2622331_METAG_IHGANIMO,0,0,0,Alpha-Other,98.92,MAG
TARA_SAMEA4397722_METAG_LPHBOEPJ,0,0,0,Gamma-Other,84.59,MAG
TARA_SAMEA4397409_METAG_ECAMDNML,1,1,1,Alpha-Rhodobacter,89.28,MAG
TARA_SAMEA4397409_METAG_DKPGOOGN,1,1,1,Alpha-Other,82.5,MAG
TARA_SAMEA4397627_METAG_ONLGAJJH,0,0,0,Alpha-Other,98.92,MAG
TARA_SAMEA4397627_METAG_ENOJDCEO,0,0,0,Alpha-Rhodobacter,96.57,MAG
TARA_SAMEA4396515_METAG_FFGDBLLE,0,0,0,Alpha-Other,89.84,MAG
TARA_SAMEA4396515_METAG_JGLBBOAK,0,0,0,Alpha-Other,99.8,MAG
TARA_SAMEA2619815_METAG_KJGMCKED,1,1,1,Gamma-Other,99.28,MAG
TARA_SAMEA2619815_METAG_DMDGBMFC,0,0,0,Alpha-Other,91.68,MAG
TARA_SAMEA2623403_METAG_ECOFFJOI,0,0,0,Alpha-Rhodobacter,92.48,MAG
TARA_SAMEA4398111_METAG_HKIIPONA,1,1,1,Gamma-Other,85.78,MAG
TARA_SAMEA4398193_METAG_OEJBPIMG,1,1,1,Alpha-Other,91.6,MAG
TARA_SAMEA4398193_METAG_IGBLKOIC,0,0,0,Alpha-Other,98.4,MAG
TARA_SAMEA2620663_METAG_DKJLPIBM,0,0,0,Gamma-Other,100,MAG
TARA_SAMEA4398083_METAG_GCKNNNNN,1,1,1,Alpha-Other,90.96,MAG
TARA_SAMEA4398027_METAG_DOLBIGEE,0,0,0,Alpha-Other,84.08,MAG
TARA_SAMEA4398027_METAG_LPBPLCMG,1,1,1,Alpha-Other,97.44,MAG
TARA_SAMEA2620210_METAG_DIIBEKJN,0,0,0,Gamma-Other,89.4,MAG
TARA_SAMEA2621229_METAG_BICILOJM,0,0,0,Alpha-Other,81.03,MAG
TARA_SAMEA2621101_METAG_LEJMAEPD,0,0,0,Bacteria-Other,96.86,MAG
TARA_SAMEA2621101_METAG_BONMHGDD,0,0,0,Alpha-Other,93.02,MAG
TARA_SAMEA2620925_METAG_DOHBNHKO,0,0,0,Gamma-Other,98.58,MAG
TARA_SAMEA2621213_METAG_IEELBDGF,0,0,0,Alpha-Other,77.96,MAG
TARA_SAMEA2621213_METAG_MABPLMKK,0,0,0,Alpha-Other,81.86,MAG
TARA_SAMEA2621213_METAG_NMMNJHMH,1,1,1,Alpha-Other,95.66,MAG
TARA_SAMEA4398238_METAG_DPBPGCOI,1,1,1,Gamma-Other,93.08,MAG
TARA_SAMEA4398238_METAG_FABIEFEJ,0,0,0,Gamma-Other,89.46,MAG
TARA_SAMEA4398168_METAG_OOJIOBEA,0,0,0,Alpha-Rhodobacter,99.32,MAG
TARA_SAMEA4398168_METAG_BDNHPEGF,0,0,0,Alpha-Other,79.06,MAG
TARA_SAMEA4397023_METAG_HFPFIGDI,1,1,1,Alpha-Rhodobacter,96.84,MAG
TARA_SAMEA4397023_METAG_FPCKBFON,0,0,0,Alpha-Other,78.98,MAG
TARA_SAMEA4397023_METAG_CJMNMLBC,0,0,0,Alpha-Rhodobacter,91.36,MAG
TARA_SAMEA2619992_METAG_IEDOANKO,1,1,1,Gamma-Other,83.16,MAG
TARA_SAMEA4398387_METAG_EGPMIOEA,0,0,0,Alpha-Other,77.8,MAG
TARA_SAMEA4398387_METAG_LOJHMMKA,0,0,0,Alpha-Other,91.19,MAG
TARA_SAMEA4398387_METAG_KHFOIAHK,0,0,0,Bacteroidota,96.06,MAG
TARA_SAMEA4397536_METAG_FFADGMEJ,0,0,0,Alpha-Other,99.8,MAG
TARA_SAMEA4397536_METAG_OKGHMGAD,1,1,1,Bacteroidota,96.14,MAG
TARA_SAMEA4397536_METAG_PDNELIEM,1,1,1,Alpha-Other,91.6,MAG
TARA_SAMEA4397536_METAG_KJFAHLCD,0,0,0,Alpha-Rhodobacter,79.76,MAG
TARA_SAMEA2621020_METAG_CAOAOJKP,0,0,0,Bacteria-Other,95.25,MAG
TARA_SAMEA2620120_METAG_ECKAHCLD,0,0,0,Gamma-Other,100,MAG
TARA_SAMEA2620812_METAG_GLOLIALI,0,0,0,Gamma-Other,82.12,MAG
TARA_SAMEA2620812_METAG_FGHEDPBG,1,1,1,Alpha-Other,93.34,MAG
TARA_SAMEA2620812_METAG_IPEONNKC,0,0,0,Alpha-Other,91.2,MAG
TARA_SAMEA2621076_METAG_FKHKCELK,0,0,0,Bacteria-Other,95.25,MAG
TARA_SAMEA2622765_METAG_NBAIIJFA,1,1,1,Alpha-Rhodobacter,98.86,MAG
TARA_SAMEA2622765_METAG_CGEGLBBL,1,1,1,Planctomycetota,97.59,MAG
TARA_SAMEA2621099_METAG_NDJAMBKM,0,0,0,Bacteria-Other,96.86,MAG
TARA_SAMEA2620991_METAG_EFGMMHFK,0,0,0,Gamma-Other,87.5,MAG
TARA_SAMEA4398360_METAG_MHEADBLH,1,1,1,Alpha-Other,91.7,MAG
TARA_SAMEA4398360_METAG_HOBNAHIN,0,0,0,Gamma-Other,89.52,MAG
TARA_SAMEA4398360_METAG_IDAGBOMB,0,0,0,Alpha-Rhodobacter,83.51,MAG
TARA_SAMEA4398266_METAG_ELJLDMBF,0,0,0,Alpha-Other,98.92,MAG
TARA_SAMEA4398432_METAG_GHFHDBFI,0,0,0,Gamma-Other,81.31,MAG
TARA_SAMEA4397330_METAG_KHDOKGAD,0,0,0,Alpha-Other,95.7,MAG
TARA_SAMEA4397330_METAG_OAFLDEIP,0,0,0,Gamma-Other,98.7,MAG
TARA_SAMEA2621564_METAG_NFAIGCLO,1,1,1,Gamma-Other,99.84,MAG
TARA_SAMEA2622696_METAG_DJMNIKOG,0,0,0,Cyano-Other,98.56,MAG
TARA_SAMEA2622696_METAG_HEANALEL,0,0,0,Gamma-Other,95.72,MAG
TARA_SAMEA2620256_METAG_FCHHFBPO,1,1,1,Alpha-Other,91.5,MAG
TARA_SAMEA4397489_METAG_LJGOPMMD,0,0,0,Alpha-Other,98.78,MAG
TARA_SAMEA4397489_METAG_PFMAJPML,0,0,0,Bacteroidota,95.33,MAG
TARA_SAMEA2619747_METAG_LMPBDHCL,1,1,1,Verrucomicrobiota,96.72,MAG
TARA_SAMEA2622725_METAG_ALFDIHAE,0,0,0,Gamma-Other,100,MAG
TARA_SAMEA2620384_METAG_HEDLEFBO,0,0,0,Gamma-Other,91.42,MAG
TARA_SAMEA2619854_METAG_OEONFHLP,0,0,0,Alpha-Other,77.01,MAG
TARA_SAMEA2619854_METAG_DAMFOOEB,1,1,1,Gamma-Other,87.32,MAG
TARA_SAMEA2621044_METAG_HMLMMMLD,0,0,0,Bacteria-Other,94.89,MAG
TARA_SAMEA2621528_METAG_LBBCLIJH,1,1,1,Gamma-Other,97.52,MAG
TARA_SAMEA4396988_METAG_LGIOJGME,0,0,0,Alpha-Other,98.92,MAG
TARA_SAMEA2621191_METAG_NNALOPNJ,0,0,0,Alpha-Rhodobacter,99.84,MAG
TARA_SAMEA2621191_METAG_INFNPDOM,0,0,0,Gamma-Other,82.2,MAG
TARA_SAMEA2621191_METAG_EHHGPIAJ,0,0,0,Alpha-Other,96.91,MAG
TARA_SAMEA4397445_METAG_NGLEOAMJ,0,0,0,Alpha-Rhodobacter,92.72,MAG
TARA_SAMEA4397445_METAG_CJCKGMME,0,0,0,Bacteroidota,80.52,MAG
TARA_SAMEA4397445_METAG_IFGACCDM,0,0,0,Gamma-Other,92.24,MAG
TARA_SAMEA4398315_METAG_AFFNKFDC,0,0,0,Alpha-Other,84.74,MAG
TARA_SAMEA4397920_METAG_FAGGMEMK,0,0,0,Gamma-Other,87.78,MAG
TARA_SAMEA4397920_METAG_GFPOHCNM,1,1,1,Alpha-Other,84.9,MAG
TARA_SAMEA4397920_METAG_HCFGADBA,0,0,0,Alpha-Other,99.42,MAG
TARA_SAMEA2619950_METAG_CNFEFPFA,1,1,1,Verrucomicrobiota,97.05,MAG
TARA_SAMEA2620947_METAG_GJNEMEGN,0,0,0,Alpha-Other,98.92,MAG
TARA_SAMEA2622823_METAG_DMBEIDLO,0,0,0,Gamma-Other,90.92,MAG
TARA_SAMEA4397118_METAG_LJDKBODE,1,1,1,Alpha-Rhodobacter,92.04,MAG
TARA_SAMEA4397118_METAG_GENFGEGE,0,0,0,Alpha-Other,86.36,MAG
TARA_SAMEA4397118_METAG_KIHPEJLN,0,0,0,Alpha-Rhodobacter,84.88,MAG
TARA_SAMEA4397118_METAG_NDKAGOCA,1,1,1,Alpha-Other,99.02,MAG
TARA_SAMEA4397118_METAG_CGHFJKKI,0,0,0,Alpha-Other,90.82,MAG
TARA_SAMEA2621300_METAG_KDEMKDPA,0,0,0,Gamma-Other,89.4,MAG
TARA_SAMEA4397255_METAG_OPJKFNPP,0,0,0,Alpha-Rhodobacter,83.06,MAG
TARA_SAMEA4398001_METAG_ODDBFCGM,0,0,0,Alpha-Other,99.8,MAG
TARA_SAMEA4397859_METAG_MNNGMEMD,0,0,0,Alpha-Other,98.92,MAG
TARA_SAMEA2619791_METAG_DCGJJMFG,0,0,0,Gamma-Other,96.03,MAG
TARA_SAMEA2621242_METAG_IEOMPJEB,1,1,1,Alpha-Other,99.24,MAG
TARA_SAMEA2621242_METAG_FJHLPMAM,1,1,1,Alpha-Rhodobacter,88.15,MAG
TARA_SAMEA2621242_METAG_PNDLKBPD,0,0,0,Actinobacteriota,98.99,MAG
TARA_SAMEA2621151_METAG_LJNEFNIN,0,0,0,Alpha-Other,97.88,MAG
TARA_SAMEA2619677_METAG_EHCCPMGB,0,0,0,Alpha-Other,94.65,MAG
TARA_SAMEA2619677_METAG_FPNMAJMM,0,0,0,Alpha-Other,94.92,MAG
TARA_SAMEA2619779_METAG_OFNFCJDF,0,0,0,Alpha-Other,84.18,MAG
TARA_SAMEA2621203_METAG_CNGIBAIJ,0,0,0,Alpha-Other,88.85,MAG
TARA_SAMEA2621075_METAG_LDLCMOIO,0,0,0,Bacteria-Other,94.89,MAG
TARA_SAMEA2622801_METAG_EMDBLGIB,0,0,0,Alpha-Other,96.93,MAG
TARA_SAMEA4397772_METAG_KALCKFKL,0,0,0,Alpha-Other,87.54,MAG
TARA_SAMEA2621247_METAG_DOJCOOOH,0,0,0,Gamma-Other,100,MAG
TARA_SAMEA2620035_METAG_PBKGFJIL,0,0,0,Bacteria-Other,97.11,MAG
TARA_SAMEA2620035_METAG_EGMMDIFA,0,0,0,Bacteria-Other,92.22,MAG
TARA_SAMEA2622452_METAG_CEPNJCMO,0,0,0,Bacteria-Other,92,MAG
TARA_SAMEA2620815_METAG_BOLMEEMM,1,1,1,Actinobacteriota,96,MAG
TARA_SAMEA2620815_METAG_NJKEIABP,0,0,0,Alpha-Other,94.56,MAG
TARA_SAMEA2623463_METAG_JILLCGBA,0,0,0,Alpha-Rhodobacter,93.32,MAG
TARA_SAMEA2623463_METAG_OMLPHLBD,0,0,0,Gamma-Other,98.2,MAG
TARA_SAMEA2623463_METAG_EJFDGHLL,0,0,0,Alpha-Other,96.31,MAG
TARA_SAMEA2623774_METAG_FBEJAGEK,0,0,0,Cyano-Syn,87.35,MAG
TARA_SAMEA2623513_METAG_HGHFANIL,0,0,0,Gamma-Other,99,MAG
TARA_SAMEA2622149_METAG_COGIFFDO,0,0,0,Gamma-Other,96.83,MAG
TARA_SAMEA2622149_METAG_HPHAFJIP,0,0,0,Cyano-Other,79.84,MAG
TARA_SAMEA2620828_METAG_CKGPKFNM,0,0,0,Gamma-Other,79.73,MAG
TARA_SAMEA2623155_METAG_PHNCPJBF,0,0,0,Gamma-Other,85,MAG
TARA_SAMEA2620666_METAG_AFGGNEFA,0,0,0,Alpha-Other,99.2,MAG
TARA_SAMEA2623135_METAG_ENGCJLCC,0,0,0,Bacteria-Other,92.06,MAG
TARA_SAMEA2622568_METAG_DOPCNBFE,0,0,0,Bacteroidota,99.1,MAG
TARA_SAMEA2623488_METAG_OKEPJHFE,0,0,0,Gamma-Other,96.84,MAG
TARA_SAMEA2621232_METAG_FNNNMJNL,1,1,1,Alpha-Other,98.74,MAG
TARA_SAMEA2623390_METAG_MCIIPGCH,0,0,0,Bacteria-Other,95.86,MAG
TARA_SAMEA2619970_METAG_OIDOACNG,0,0,0,Alpha-Other,95.73,MAG
TARA_SAMEA2591098_METAG_BFGIGGHJ,1,1,1,Verrucomicrobiota,96.51,MAG
TARA_SAMEA2620882_METAG_LAAKGMCA,1,1,1,Actinobacteriota,93.6,MAG
TARA_SAMEA2622119_METAG_CKEFGNEL,0,0,0,Alpha-Other,91.92,MAG
TARA_SAMEA2622796_METAG_DGGDPLIN,1,1,1,Verrucomicrobiota,91.94,MAG
TARA_SAMEA2621092_METAG_DMGMCKNA,0,0,0,Bacteria-Other,96.5,MAG
TARA_SAMEA2620217_METAG_MEHFEMPP,0,0,0,Gamma-Other,94.96,MAG
TARA_SAMEA2623059_METAG_NKGMGDCP,0,0,0,Bacteria-Other,95.88,MAG
TARA_SAMEA2623295_METAG_IBAHBHLL,0,0,0,Gamma-Other,96.26,MAG
TARA_SAMEA2623295_METAG_BIMECMEA,0,0,0,Cyano-Other,76.66,MAG
TARA_SAMEA2619766_METAG_NIKCOOOI,0,0,0,Cyano-Other,89.44,MAG
TARA_SAMEA2622048_METAG_BKMMCDLL,0,0,0,Planctomycetota,95,MAG
TARA_SAMEA2621272_METAG_GHMMLNFH,0,0,0,Bacteria-Other,76,MAG
TARA_SAMEA2619399_METAG_LDDNJAGJ,0,0,0,Cyano-Syn,91.5,MAG
TARA_SAMEA2620097_METAG_JNGADKKC,0,0,0,Alpha-Other,92.79,MAG
TARA_SAMEA2622545_METAG_KIGKJCNI,0,0,0,Bacteroidota,95.18,MAG
TARA_SAMEA4396496_METAG_PFACBJFH,0,0,0,Cyano-Syn,88.94,MAG
TARA_SAMEA4397930_METAG_FEBNIJHN,0,0,0,Verrucomicrobiota,90.01,MAG
TARA_SAMEA4397930_METAG_DGJHHCFB,0,0,0,Alpha-Other,84.66,MAG
TARA_SAMEA4397611_METAG_DAKBMODK,1,1,1,Gamma-Other,76.68,MAG
TARA_SAMEA4398150_METAG_CNEKOIIG,0,0,0,Gamma-Other,88.86,MAG
TARA_SAMEA4396424_METAG_HACAFHCC,0,0,0,Cyano-Syn,92.15,MAG
TARA_SAMEA4397072_METAG_HFKAMJBK,1,1,1,Gamma-Other,86.91,MAG
TARA_SAMEA4398176_METAG_JKMGCLFO,0,0,0,Actinobacteriota,94.34,MAG
TARA_SAMEA4397472_METAG_BNLFDNKL,0,0,0,Gamma-Other,88.52,MAG
TARA_SAMEA4397004_METAG_BEEEIAIM,1,1,1,Gamma-Other,75.12,MAG
BGEO_SAMN07136915_METAG_ILDJKIEK,0,0,0,Cyano-Syn,83.04,MAG
BGEO_SAMN07136950_METAG_CBOOCHPE,0,0,0,Cyano-Syn,91.74,MAG
BGEO_SAMN07136485_METAG_JNMKEODJ,0,0,0,Cyano-Syn,89.17,MAG
MALA_SAMN05422136_METAG_MLBOFNBE,0,0,0,Actinobacteriota,96.82,MAG
MALA_SAMN05421699_METAG_AGINOFJO,0,0,0,Gamma-Other,94.18,MAG
MALA_SAMN05422140_METAG_BMFJJHMK,0,0,0,Gamma-Other,89.97,MAG
MALA_SAMN05422121_METAG_LEHOHEOE,0,0,0,Bacteria-Other,87.83,MAG
MALA_SAMN05422166_METAG_NBOOPJDJ,1,1,1,Alpha-Other,83.76,MAG
MALA_SAMN05421913_METAG_ODIEKPBC,0,0,0,Alpha-Rhodobacter,99.27,MAG
MALA_SAMN05422165_METAG_NBPIDFID,0,0,0,Alpha-Rhodobacter,99.74,MAG
MALA_SAMN05421697_METAG_MJGJEFPK,0,0,0,Actinobacteriota,96.72,MAG
MALA_SAMN05422115_METAG_GEDMGNOH,0,0,0,Alpha-Rhodobacter,99.18,MAG
MALA_SAMN05422108_METAG_ACLJFBCC,0,0,0,Alpha-Rhodobacter,98.82,MAG
TARA_SAMN05326644_METAG_PON00010,0,0,0,Bacteria-Other,92.38,MAG
TARA_SAMN05326645_METAG_PSE00004,0,0,0,Gamma-Other,98.54,MAG
TARA_SAMN05326645_METAG_PSE00095,0,0,0,Planctomycetota,79.14,MAG
TARA_SAMN05326646_METAG_PSW00029,1,1,1,Alpha-Rhodobacter,98.34,MAG
TARA_SAMN05326646_METAG_PSW00032,1,1,1,Alpha-Other,94.72,MAG
TARA_SAMN05326646_METAG_PSW00053,0,0,0,Cyano-Other,91.76,MAG
TARA_SAMN05326643_METAG_ASW00002,0,0,0,Alpha-Other,99.75,MAG
TARA_SAMN05326647_METAG_ION00005,0,0,0,Gamma-Other,98.66,MAG
TARA_SAMN05326651_METAG_RED00006,0,0,0,Alpha-Other,97.53,MAG
TARA_SAMN05326651_METAG_RED00032,0,0,0,Bacteria-Other,86.57,MAG
TARA_SAMN05326641_METAG_ANW00002,0,0,0,Gamma-Other,99.18,MAG
TARA_SAMN05326641_METAG_ANW00011,0,0,0,Alpha-Rhodobacter,97.8,MAG
TARA_SAMN05326641_METAG_ANW00020,0,0,0,Alpha-Other,96.02,MAG
GORG_SAMEA6067894_SAGS_AH287N11,0,0,0,Cyano-Pro,75.02,SAG
GORG_SAMEA6068491_SAGS_AH326F22,0,0,0,Gamma-Other,82.16,SAG
MARD_SAMN08886333_SAGS_MMP08886333,0,0,0,Cyano-Other,80.9,SAG
MARD_SAMN08886336_SAGS_MMP08886336,0,0,0,Cyano-Pro,95.03,SAG
MARD_SAMN08886339_SAGS_MMP08886339,0,0,0,Cyano-Pro,85.46,SAG
MARD_SAMN08886347_SAGS_MMP08886347,0,0,0,Cyano-Other,84.4,SAG
MARD_SAMN08886372_SAGS_MMP08886372,0,0,0,Cyano-Other,80.96,SAG
MARD_SAMN08886247_SAGS_MMP08886247,0,0,0,Cyano-Other,90.93,SAG
MARD_SAMN08886256_SAGS_MMP08886256,0,0,0,Cyano-Other,79.93,SAG
MARD_SAMN06299116_REFG_MMP06299116,0,0,0,Gamma-Other,99.1,RefGenome
MARD_SAMN07249151_REFG_MMP07249151,1,1,1,Firmicutes,99.31,RefGenome
MARD_SAMN08150297_REFG_MMP08150297,1,1,1,Gamma-Other,99.64,RefGenome
MARD_SAMN08663117_REFG_MMP08663117,0,0,0,Alpha-Rhodobacter,99.85,RefGenome
MARD_SAMN08998300_REFG_MMP08998300,0,0,0,Alpha-Rhodobacter,99.4,RefGenome
MARD_SAMN09209463_REFG_MMP09209463,0,0,0,Alpha-Rhodobacter,99.08,RefGenome
MARD_SAMN09228018_REFG_MMP09228018,1,1,1,Alpha-Rhodobacter,100,RefGenome
MARD_SAMN02744645_REFG_MMP02744645,1,1,1,Gamma-Other,100,RefGenome
MARD_SAMN03339836_REFG_MMP03339836,0,0,0,Alpha-Rhodobacter,99.91,RefGenome
MARD_SAMN03339862_REFG_MMP03339862,0,0,0,Alpha-Rhodobacter,99.56,RefGenome
MARD_SAMN04957305_REFG_MMP04957305,0,0,0,Alpha-Rhodobacter,99.32,RefGenome
MARD_SAMN05443635_REFG_MMP05443635,0,0,0,Alpha-Rhodobacter,99.62,RefGenome
MARD_SAMN05444481_REFG_MMP05444481,1,1,1,Bacteroidota,99.46,RefGenome
MARD_SAMN06028227_REFG_MMP06028227,1,1,1,Gamma-Other,99.71,RefGenome
MARD_SAMD00000371_REFG_MMP00000371,1,1,1,Firmicutes,95.32,RefGenome
MARD_SAMD00000386_REFG_MMP00000386,0,0,0,Firmicutes,95.88,RefGenome
MARD_SAMD00009117_REFG_MMP00009117,1,1,1,Firmicutes,97.78,RefGenome
MARD_SAMD00011086_REFG_MMP00011086,1,1,1,Gamma-Other,99.37,RefGenome
MARD_SAMD00018689_REFG_MMP00018689,1,1,1,Actinobacteriota,98.73,RefGenome
MARD_SAMD00036658_REFG_MMP00036658,1,1,1,Gamma-Other,100,RefGenome
MARD_SAMD00036663_REFG_MMP00036663,1,1,1,Gamma-Other,99.38,RefGenome
MARD_SAMD00039863_REFG_MMP00039863,0,0,0,Bacteria-Other,97.72,RefGenome
MARD_SAMD00041816_REFG_MMP00041816,1,1,1,Gamma-Other,99.06,RefGenome
MARD_SAMD00046755_REFG_MMP00046755,1,1,1,Gamma-Other,99.86,RefGenome
MARD_SAMD00046756_REFG_MMP00046756,1,1,1,Gamma-Other,99.96,RefGenome
MARD_SAMD00046757_REFG_MMP00046757,1,1,1,Gamma-Other,100,RefGenome
MARD_SAMEA2593986_REFG_MMP2593986,1,1,1,Gamma-Other,99.94,RefGenome
MARD_SAMEA2594001_REFG_MMP2594001,1,1,1,Gamma-Other,99.94,RefGenome
MARD_SAMEA2594002_REFG_MMP2594002,1,1,1,Gamma-Other,99.94,RefGenome
MARD_SAMEA2594004_REFG_MMP2594004,1,1,1,Gamma-Other,99.94,RefGenome
MARD_SAMEA2594005_REFG_MMP2594005,1,1,1,Gamma-Other,99.94,RefGenome
MARD_SAMEA2594034_REFG_MMP2594034,1,1,1,Gamma-Other,99.94,RefGenome
MARD_SAMN03968604_REFG_MMP03968604,1,1,1,Gamma-Other,99.86,RefGenome
MARD_SAMD00019129_REFG_MMP00019129,1,1,1,Gamma-Other,100,RefGenome
MARD_SAMD00019130_REFG_MMP00019130,1,1,1,Gamma-Other,100,RefGenome
MARD_SAMD00019132_REFG_MMP00019132,1,1,1,Gamma-Other,100,RefGenome
MARD_SAMD00019136_REFG_MMP00019136,1,1,1,Gamma-Other,100,RefGenome
MARD_SAMD00019138_REFG_MMP00019138.1,1,1,1,Gamma-Other,100,RefGenome
MARD_SAMD00019139_REFG_MMP00019139,1,1,1,Gamma-Other,100,RefGenome
MARD_SAMD00019141_REFG_MMP00019141,1,1,1,Gamma-Other,100,RefGenome
MARD_SAMD00022561_REFG_MMP00022561,1,1,1,Gamma-Other,100,RefGenome
MARD_SAMD00028761_REFG_MMP00028761,0,0,0,Firmicutes,97.96,RefGenome
MARD_SAMD00032033_REFG_MMP00032033,1,1,1,Gamma-Other,100,RefGenome
MARD_SAMD00036594_REFG_MMP00036594,1,1,1,Gamma-Other,99.76,RefGenome
MARD_SAMD00036617_REFG_MMP00036617,0,0,0,Gamma-Other,100,RefGenome
MARD_SAMD00043915_REFG_MMP00043915,1,1,1,Gamma-Other,100,RefGenome
MARD_SAMEA2591286_REFG_MMP2591286,1,1,1,Gamma-Other,99.92,RefGenome
MARD_SAMEA2591287_REFG_MMP2591287,1,1,1,Gamma-Other,99.94,RefGenome
MARD_SAMEA2591293_REFG_MMP2591293,1,1,1,Gamma-Other,99.94,RefGenome
MARD_SAMEA2752412_REFG_MMP2752412,1,1,1,Gamma-Other,100,RefGenome
MARD_SAMEA3221090_REFG_MMP3221090,1,1,1,Gamma-Other,99.5,RefGenome
MARD_SAMEA859881_REFG_MMP859881,1,1,1,Gamma-Other,99.62,RefGenome
MARD_SAMN00622973_REFG_MMP00622973,1,1,1,Gamma-Other,100,RefGenome
MARD_SAMN02261258_REFG_MMP02261258,0,0,0,Alpha-Rhodobacter,99.34,RefGenome
MARD_SAMN02435834_REFG_MMP02435834,1,1,1,Gamma-Other,95.75,RefGenome
MARD_SAMN02436080_REFG_MMP02436080,0,0,0,Alpha-Rhodobacter,99.52,RefGenome
MARD_SAMN02436105_REFG_MMP02436105,1,1,1,Alpha-Rhodobacter,99.02,RefGenome
MARD_SAMN02436115_REFG_MMP02436115,1,1,1,Gamma-Other,97.54,RefGenome
MARD_SAMN02436131_REFG_MMP02436131,0,0,0,Alpha-Other,99.44,RefGenome
MARD_SAMN02436132_REFG_MMP02436132,1,1,1,Gamma-Other,98.74,RefGenome
MARD_SAMN02436138_REFG_MMP02436138,1,1,1,Gamma-Other,92.38,RefGenome
MARD_SAMN04427046_REFG_MMP04427046,0,0,0,Alpha-Other,99.46,RefGenome
MARD_SAMN05417987_REFG_MMP05417987,1,1,1,Gamma-Other,99.97,RefGenome
MARD_SAMN05417989_REFG_MMP05417989,1,1,1,Gamma-Other,99.99,RefGenome
MARD_SAMN05417991_REFG_MMP05417991,1,1,1,Gamma-Other,99.94,RefGenome
MARD_SAMN05417992_REFG_MMP05417992,1,1,1,Gamma-Other,99.99,RefGenome
MARD_SAMN05417993_REFG_MMP05417993,1,1,1,Gamma-Other,99.99,RefGenome
MARD_SAMN05418001_REFG_MMP05418001,1,1,1,Gamma-Other,99.99,RefGenome
MARD_SAMN05418005_REFG_MMP05418005,1,1,1,Gamma-Other,99.98,RefGenome
MARD_SAMN05418007_REFG_MMP05418007,1,1,1,Gamma-Other,100,RefGenome
MARD_SAMN05418014_REFG_MMP05418014,1,1,1,Gamma-Other,99.94,RefGenome
MARD_SAMN05418023_REFG_MMP05418023,1,1,1,Gamma-Other,99.87,RefGenome
MARD_SAMN05418028_REFG_MMP05418028,1,1,1,Gamma-Other,99.94,RefGenome
MARD_SAMN05418051_REFG_MMP05418051,1,1,1,Gamma-Other,99.94,RefGenome
MARD_SAMN05418069_REFG_MMP05418069,1,1,1,Gamma-Other,99.94,RefGenome
MARD_SAMN05418080_REFG_MMP05418080,1,1,1,Gamma-Other,99.87,RefGenome
MARD_SAMN05418146_REFG_MMP05418146,1,1,1,Gamma-Other,99.87,RefGenome
MARD_SAMN05418174_REFG_MMP05418174,1,1,1,Gamma-Other,98.51,RefGenome
MARD_SAMN05418236_REFG_MMP05418236,1,1,1,Gamma-Other,99.8,RefGenome
MARD_SAMN07201002_REFG_MMP07201002,1,1,1,Firmicutes,99.72,RefGenome
MARD_SAMN07788960_REFG_MMP07788960,1,1,1,Firmicutes,99.31,RefGenome
MARD_SAMN08776300_REFG_MMP08776300,0,0,0,Gamma-Other,99.34,RefGenome
MARD_SAMN09580333_REFG_MMP09580333,1,1,1,Alpha-Other,99.24,RefGenome
MARD_SAMN09781303_REFG_MMP09781303,1,1,1,Gamma-Other,99.86,RefGenome
MARD_SAMN09932322_REFG_MMP09932322,1,1,1,Firmicutes,99.36,RefGenome
MARD_SAMN10362770_REFG_MMP10362770,1,1,1,Gamma-Other,99.6,RefGenome
MARD_SAMN10362944_REFG_MMP10362944,1,1,1,Gamma-Other,99.63,RefGenome
MARD_SAMEA4707912_REFG_MMP4707912,0,0,0,Cyano-Syn,99.64,RefGenome
MARD_SAMEA4707914_REFG_MMP4707914,0,0,0,Cyano-Syn,99.5,RefGenome
MARD_SAMEA4707915_REFG_MMP4707915,0,0,0,Cyano-Syn,99.64,RefGenome
MARD_SAMEA4707916_REFG_MMP4707916,0,0,0,Cyano-Syn,99.5,RefGenome
MARD_SAMEA4707917_REFG_MMP4707917,0,0,0,Cyano-Syn,99.86,RefGenome
MARD_SAMEA4707918_REFG_MMP4707918,0,0,0,Cyano-Syn,100,RefGenome
MARD_SAMN02927979_REFG_MMP02927979,0,0,0,Alpha-Other,98.92,RefGenome
MARD_SAMN02927981_REFG_MMP02927981,0,0,0,Alpha-Other,98.92,RefGenome
MARD_SAMN02927984_REFG_MMP02927984,0,0,0,Alpha-Other,98.92,RefGenome
MARD_SAMN03941568_REFG_MMP03941568,1,1,1,Gamma-Other,100,RefGenome
MARD_SAMN04495210_REFG_MMP04495210,1,1,1,Gamma-Other,99.94,RefGenome
MARD_SAMN05437223_REFG_MMP05437223,1,1,1,Gamma-Other,99.98,RefGenome
MARD_SAMN05437224_REFG_MMP05437224,1,1,1,Gamma-Other,99.84,RefGenome
MARD_SAMN05437225_REFG_MMP05437225,1,1,1,Gamma-Other,99.98,RefGenome
MARD_SAMN05437226_REFG_MMP05437226,1,1,1,Gamma-Other,99.84,RefGenome
MARD_SAMN08100097_REFG_MMP08100097,1,1,1,Firmicutes,98.98,RefGenome
MARD_SAMN09522131_REFG_MMP09522131,1,1,1,Bacteroidota,99.47,RefGenome
MARD_SAMN09709391_REFG_MMP09709391,1,1,1,Gamma-Other,98.96,RefGenome
MARD_SAMN09713909_REFG_MMP09713909,1,1,1,Bacteria-Other,94.35,RefGenome
MARD_SAMN09842172_REFG_MMP09842172,0,0,0,Bacteroidota,98.33,RefGenome
MARD_SAMN09845332_REFG_MMP09845332,1,1,1,Bacteroidota,99.12,RefGenome
MARD_SAMN09930780_REFG_MMP09930780,0,0,0,Alpha-Other,99.96,RefGenome
MARD_SAMN09932619_REFG_MMP09932619,1,1,1,Actinobacteriota,98.56,RefGenome
MARD_SAMN04449999_REFG_MMP04449999,1,1,1,Gamma-Other,100,RefGenome
MARD_SAMN04487869_REFG_MMP04487869,1,1,1,Gamma-Other,99.28,RefGenome
MARD_SAMN04487940_REFG_MMP04487940,0,0,0,Alpha-Rhodobacter,99.67,RefGenome
MARD_SAMN04487972_REFG_MMP04487972,1,1,1,Alpha-Rhodobacter,99.82,RefGenome
MARD_SAMN04488019_REFG_MMP04488019,0,0,0,Alpha-Rhodobacter,99.16,RefGenome
MARD_SAMN04488032_REFG_MMP04488032,1,1,1,Alpha-Rhodobacter,96.97,RefGenome
MARD_SAMN04488042_REFG_MMP04488042,1,1,1,Alpha-Rhodobacter,99.42,RefGenome
MARD_SAMN04488047_REFG_MMP04488047,0,0,0,Alpha-Rhodobacter,99.85,RefGenome
MARD_SAMN04488056_REFG_MMP04488056,1,1,1,Alpha-Other,98.64,RefGenome
MARD_SAMN04488094_REFG_MMP04488094,1,1,1,Alpha-Rhodobacter,99.14,RefGenome
MARD_SAMN04488515_REFG_MMP04488515,0,0,0,Alpha-Rhodobacter,99.11,RefGenome
MARD_SAMN04488518_REFG_MMP04488518,1,1,1,Alpha-Other,99.61,RefGenome
MARD_SAMN04489723_REFG_MMP04489723,0,0,0,Bacteroidota,98.92,RefGenome
MARD_SAMN04490248_REFG_MMP04490248,1,1,1,Alpha-Rhodobacter,99.65,RefGenome
MARD_SAMN05172613_REFG_MMP05172613,1,1,1,Gamma-Other,99.94,RefGenome
MARD_SAMN05216203_REFG_MMP05216203,1,1,1,Gamma-Other,100,RefGenome
MARD_SAMN05216208_REFG_MMP05216208,1,1,1,Alpha-Rhodobacter,99.68,RefGenome
MARD_SAMN05216224_REFG_MMP05216224,1,1,1,Alpha-Rhodobacter,99.34,RefGenome
MARD_SAMN05421720_REFG_MMP05421720,0,0,0,Alpha-Other,100,RefGenome
MARD_SAMN05421807_REFG_MMP05421807,1,1,1,Firmicutes,99.66,RefGenome
MARD_SAMN05421868_REFG_MMP05421868,1,1,1,Firmicutes,98.97,RefGenome
MARD_SAMN05443999_REFG_MMP05443999,0,0,0,Alpha-Rhodobacter,99.36,RefGenome
MARD_SAMN05444417_REFG_MMP05444417,0,0,0,Alpha-Rhodobacter,98.82,RefGenome
MARD_SAMN05580110_REFG_MMP05580110,1,1,1,Gamma-Other,99.37,RefGenome
MARD_SAMD00000403_REFG_MMP00000403,1,1,1,Gamma-Other,99.53,RefGenome
MARD_SAMD00000404_REFG_MMP00000404,1,1,1,Gamma-Other,99.75,RefGenome
MARD_SAMD00036652_REFG_MMP00036652,1,1,1,Gamma-Other,100,RefGenome
MARD_SAMEA2272100_REFG_MMP2272100,1,1,1,Gamma-Other,100,RefGenome
MARD_SAMEA3146286_REFG_MMP3146286,1,1,1,Gamma-Other,100,RefGenome
MARD_SAMEA3340379_REFG_MMP3340379,1,1,1,Gamma-Other,99.74,RefGenome
MARD_SAMEA3393043_REFG_MMP3393043.1,0,0,0,Alpha-Rhodobacter,99.16,RefGenome
MARD_SAMEA3393043_REFG_MMP3393043.2,0,0,0,Alpha-Rhodobacter,99.16,RefGenome
MARD_SAMEA3495628_REFG_MMP3495628,1,1,1,Alpha-Other,98.76,RefGenome
MARD_SAMEA3495629_REFG_MMP3495629,1,1,1,Alpha-Other,98.76,RefGenome
MARD_SAMEA3495743_REFG_MMP3495743,1,1,1,Alpha-Other,98.76,RefGenome
MARD_SAMEA3528422_REFG_MMP3528422,1,1,1,Alpha-Rhodobacter,98.14,RefGenome
MARD_SAMEA3532819_REFG_MMP3532819,1,1,1,Gamma-Other,100,RefGenome
MARD_SAMEA3535146_REFG_MMP3535146,1,1,1,Alpha-Rhodobacter,98.83,RefGenome
MARD_SAMEA3542138_REFG_MMP3542138,0,0,0,Alpha-Rhodobacter,98.5,RefGenome
MARD_SAMEA3542246_REFG_MMP3542246,0,0,0,Alpha-Rhodobacter,98.74,RefGenome
MARD_SAMEA859946_REFG_MMP859946,1,1,1,Gamma-Other,99.62,RefGenome
MARD_SAMN03732514_REFG_MMP03732514,1,1,1,Actinobacteriota,98.95,RefGenome
MARD_SAMN05687753_REFG_MMP05687753,1,1,1,Bacteroidota,97.86,RefGenome
MARD_SAMN07961447_REFG_MMP07961447,0,0,0,Gamma-Other,99.4,RefGenome
MARD_SAMN08917673_REFG_MMP08917673,0,0,0,Alpha-Other,99.58,RefGenome
MARD_SAMN08984049_REFG_MMP08984049,1,1,1,Gamma-Other,100,RefGenome
MARD_SAMN08984052_REFG_MMP08984052,1,1,1,Gamma-Other,99.99,RefGenome
MARD_SAMN08984059_REFG_MMP08984059,0,0,0,Gamma-Other,99.93,RefGenome
MARD_SAMN08984063_REFG_MMP08984063,1,1,1,Gamma-Other,99.99,RefGenome
MARD_SAMN08984074_REFG_MMP08984074,1,1,1,Gamma-Other,99.99,RefGenome
MARD_SAMN08984077_REFG_MMP08984077,1,1,1,Gamma-Other,100,RefGenome
MARD_SAMN08984079_REFG_MMP08984079,1,1,1,Gamma-Other,99.91,RefGenome
MARD_SAMN08984081_REFG_MMP08984081,1,1,1,Gamma-Other,100,RefGenome
MARD_SAMN08984083_REFG_MMP08984083,1,1,1,Gamma-Other,100,RefGenome
MARD_SAMN08984085_REFG_MMP08984085,1,1,1,Gamma-Other,99.99,RefGenome
MARD_SAMN08984086_REFG_MMP08984086,1,1,1,Gamma-Other,100,RefGenome
MARD_SAMN08984090_REFG_MMP08984090,1,1,1,Gamma-Other,100,RefGenome
MARD_SAMN08984096_REFG_MMP08984096,1,1,1,Gamma-Other,99.99,RefGenome
MARD_SAMN08984098_REFG_MMP08984098,1,1,1,Gamma-Other,99.68,RefGenome
MARD_SAMN09074965_REFG_MMP09074965,0,0,0,Alpha-Other,98.96,RefGenome
MARD_SAMN10250535_REFG_MMP10250535,1,1,1,Alpha-Rhodobacter,99.66,RefGenome
MARD_SAMN04487807_REFG_MMP04487807,1,1,1,Firmicutes,99.36,RefGenome
MARD_SAMN04489759_REFG_MMP04489759,0,0,0,Alpha-Rhodobacter,99.78,RefGenome
MARD_SAMN04489800_REFG_MMP04489800,1,1,1,Gamma-Other,99.64,RefGenome
MARD_SAMN04515623_REFG_MMP04515623,0,0,0,Alpha-Other,98.92,RefGenome
MARD_SAMN05216376_REFG_MMP05216376,1,1,1,Alpha-Rhodobacter,99.44,RefGenome
MARD_SAMN05443573_REFG_MMP05443573,0,0,0,Alpha-Rhodobacter,99.78,RefGenome
MARD_SAMN05444385_REFG_MMP05444385,0,0,0,Alpha-Rhodobacter,99.56,RefGenome
MARD_SAMN05444486_REFG_MMP05444486,0,0,0,Alpha-Rhodobacter,99.11,RefGenome
MARD_SAMN06134495_REFG_MMP06134495,1,1,1,Gamma-Other,99.46,RefGenome
MARD_SAMN08324236_REFG_MMP08324236,0,0,0,Bacteroidota,98.92,RefGenome
MARD_SAMN09269811_REFG_MMP09269811,1,1,1,Bacteria-Other,94.8,RefGenome
MARD_SAMN09509732_REFG_MMP09509732,1,1,1,Gamma-Other,100,RefGenome
MARD_SAMN05417988_REFG_MMP05417988,1,1,1,Gamma-Other,99.94,RefGenome
MARD_SAMN05417994_REFG_MMP05417994,1,1,1,Gamma-Other,99.94,RefGenome
MARD_SAMN05417995_REFG_MMP05417995,1,1,1,Gamma-Other,99.94,RefGenome
MARD_SAMN05418015_REFG_MMP05418015,1,1,1,Gamma-Other,100,RefGenome
MARD_SAMN05418022_REFG_MMP05418022,1,1,1,Gamma-Other,99.94,RefGenome
MARD_SAMN05418030_REFG_MMP05418030,1,1,1,Gamma-Other,100,RefGenome
MARD_SAMN05418033_REFG_MMP05418033,1,1,1,Gamma-Other,99.94,RefGenome
MARD_SAMN05418035_REFG_MMP05418035,1,1,1,Gamma-Other,100,RefGenome
MARD_SAMN05418036_REFG_MMP05418036,1,1,1,Gamma-Other,99.87,RefGenome
MARD_SAMN05418037_REFG_MMP05418037,1,1,1,Gamma-Other,99.8,RefGenome
MARD_SAMN05418038_REFG_MMP05418038,1,1,1,Gamma-Other,99.87,RefGenome
MARD_SAMN05418039_REFG_MMP05418039,1,1,1,Gamma-Other,100,RefGenome
MARD_SAMN05418041_REFG_MMP05418041,1,1,1,Gamma-Other,99.94,RefGenome
MARD_SAMN05418042_REFG_MMP05418042,1,1,1,Gamma-Other,99.94,RefGenome
MARD_SAMN05418043_REFG_MMP05418043,1,1,1,Gamma-Other,100,RefGenome
MARD_SAMN05418044_REFG_MMP05418044,1,1,1,Gamma-Other,99.94,RefGenome
MARD_SAMN05418046_REFG_MMP05418046,1,1,1,Gamma-Other,100,RefGenome
MARD_SAMN05418047_REFG_MMP05418047,1,1,1,Gamma-Other,99.82,RefGenome
MARD_SAMN05418054_REFG_MMP05418054,1,1,1,Gamma-Other,99.94,RefGenome
MARD_SAMN05418055_REFG_MMP05418055,1,1,1,Gamma-Other,99.8,RefGenome
MARD_SAMN05418057_REFG_MMP05418057,1,1,1,Gamma-Other,99.94,RefGenome
MARD_SAMN05418060_REFG_MMP05418060,1,1,1,Gamma-Other,99.9,RefGenome
MARD_SAMN05418061_REFG_MMP05418061,1,1,1,Gamma-Other,99.94,RefGenome
MARD_SAMN05418062_REFG_MMP05418062,1,1,1,Gamma-Other,100,RefGenome
MARD_SAMN05418067_REFG_MMP05418067,1,1,1,Gamma-Other,99.6,RefGenome
MARD_SAMN05418074_REFG_MMP05418074,1,1,1,Gamma-Other,99.87,RefGenome
MARD_SAMN05418076_REFG_MMP05418076,1,1,1,Gamma-Other,100,RefGenome
MARD_SAMN05418079_REFG_MMP05418079,1,1,1,Gamma-Other,100,RefGenome
MARD_SAMN05418083_REFG_MMP05418083,1,1,1,Gamma-Other,99.94,RefGenome
MARD_SAMN05418084_REFG_MMP05418084,1,1,1,Gamma-Other,99.94,RefGenome
MARD_SAMN05418089_REFG_MMP05418089,1,1,1,Gamma-Other,99.94,RefGenome
MARD_SAMN05418091_REFG_MMP05418091,1,1,1,Gamma-Other,99.94,RefGenome
MARD_SAMN05418092_REFG_MMP05418092,1,1,1,Gamma-Other,99.94,RefGenome
MARD_SAMN05418093_REFG_MMP05418093,1,1,1,Gamma-Other,100,RefGenome
MARD_SAMN05418094_REFG_MMP05418094,1,1,1,Gamma-Other,99.94,RefGenome
MARD_SAMN05418095_REFG_MMP05418095,1,1,1,Gamma-Other,99.91,RefGenome
MARD_SAMN05418097_REFG_MMP05418097,1,1,1,Gamma-Other,99.94,RefGenome
MARD_SAMN05418099_REFG_MMP05418099,1,1,1,Gamma-Other,99.82,RefGenome
MARD_SAMN05418103_REFG_MMP05418103,1,1,1,Gamma-Other,99.8,RefGenome
MARD_SAMN05418106_REFG_MMP05418106,1,1,1,Gamma-Other,99.94,RefGenome
MARD_SAMN05418108_REFG_MMP05418108,1,1,1,Gamma-Other,99.94,RefGenome
MARD_SAMN05418111_REFG_MMP05418111,1,1,1,Gamma-Other,100,RefGenome
MARD_SAMN05418113_REFG_MMP05418113,1,1,1,Gamma-Other,99.87,RefGenome
MARD_SAMN05418115_REFG_MMP05418115,1,1,1,Gamma-Other,99.94,RefGenome
MARD_SAMN05418116_REFG_MMP05418116,1,1,1,Gamma-Other,99.75,RefGenome
MARD_SAMN05418118_REFG_MMP05418118,1,1,1,Gamma-Other,99.94,RefGenome
MARD_SAMN05418119_REFG_MMP05418119,1,1,1,Gamma-Other,99.6,RefGenome
MARD_SAMN05418120_REFG_MMP05418120,1,1,1,Gamma-Other,99.82,RefGenome
MARD_SAMN05418122_REFG_MMP05418122,1,1,1,Gamma-Other,99.84,RefGenome
MARD_SAMN05418124_REFG_MMP05418124,1,1,1,Gamma-Other,100,RefGenome
MARD_SAMN05418126_REFG_MMP05418126,1,1,1,Gamma-Other,99.64,RefGenome
MARD_SAMN05418128_REFG_MMP05418128,1,1,1,Gamma-Other,99.79,RefGenome
MARD_SAMN05418134_REFG_MMP05418134,1,1,1,Gamma-Other,100,RefGenome
MARD_SAMN05418135_REFG_MMP05418135,1,1,1,Gamma-Other,99.94,RefGenome
MARD_SAMN05418137_REFG_MMP05418137,1,1,1,Gamma-Other,99.87,RefGenome
MARD_SAMN05418144_REFG_MMP05418144,1,1,1,Gamma-Other,100,RefGenome
MARD_SAMN05418149_REFG_MMP05418149,1,1,1,Gamma-Other,100,RefGenome
MARD_SAMN05418158_REFG_MMP05418158,1,1,1,Gamma-Other,100,RefGenome
MARD_SAMN05418173_REFG_MMP05418173,1,1,1,Gamma-Other,99.8,RefGenome
MARD_SAMN05418175_REFG_MMP05418175,1,1,1,Gamma-Other,99.8,RefGenome
MARD_SAMN05418180_REFG_MMP05418180,1,1,1,Gamma-Other,100,RefGenome
MARD_SAMN05418189_REFG_MMP05418189,1,1,1,Gamma-Other,99.94,RefGenome
MARD_SAMN05418200_REFG_MMP05418200,1,1,1,Gamma-Other,100,RefGenome
MARD_SAMN05418205_REFG_MMP05418205,1,1,1,Gamma-Other,99.87,RefGenome
MARD_SAMN05418207_REFG_MMP05418207,1,1,1,Gamma-Other,99.87,RefGenome
MARD_SAMN05418208_REFG_MMP05418208,1,1,1,Gamma-Other,100,RefGenome
MARD_SAMN05418210_REFG_MMP05418210,1,1,1,Gamma-Other,100,RefGenome
MARD_SAMN05418211_REFG_MMP05418211,1,1,1,Gamma-Other,99.87,RefGenome
MARD_SAMN05418213_REFG_MMP05418213,1,1,1,Gamma-Other,99.81,RefGenome
MARD_SAMN05418215_REFG_MMP05418215,1,1,1,Gamma-Other,100,RefGenome
MARD_SAMN05418217_REFG_MMP05418217,1,1,1,Gamma-Other,100,RefGenome
MARD_SAMN05418218_REFG_MMP05418218,1,1,1,Gamma-Other,99.94,RefGenome
MARD_SAMN05418219_REFG_MMP05418219,1,1,1,Gamma-Other,99.94,RefGenome
MARD_SAMN05418220_REFG_MMP05418220,1,1,1,Gamma-Other,100,RefGenome
MARD_SAMN05418221_REFG_MMP05418221,1,1,1,Gamma-Other,99.8,RefGenome
MARD_SAMN05418222_REFG_MMP05418222,1,1,1,Gamma-Other,99.94,RefGenome
MARD_SAMN05418224_REFG_MMP05418224,1,1,1,Gamma-Other,99.6,RefGenome
MARD_SAMN05418226_REFG_MMP05418226,1,1,1,Gamma-Other,99.87,RefGenome
MARD_SAMN05418229_REFG_MMP05418229,1,1,1,Gamma-Other,100,RefGenome
MARD_SAMN05418230_REFG_MMP05418230,1,1,1,Gamma-Other,99.94,RefGenome
MARD_SAMN05418231_REFG_MMP05418231,1,1,1,Gamma-Other,99.94,RefGenome
MARD_SAMN05418232_REFG_MMP05418232,1,1,1,Gamma-Other,99.94,RefGenome
MARD_SAMN05418233_REFG_MMP05418233,1,1,1,Gamma-Other,99.8,RefGenome
MARD_SAMN05418234_REFG_MMP05418234,1,1,1,Gamma-Other,99.78,RefGenome
MARD_SAMN05418235_REFG_MMP05418235,1,1,1,Gamma-Other,99.94,RefGenome
MARD_SAMN05418237_REFG_MMP05418237,1,1,1,Gamma-Other,99.94,RefGenome
MARD_SAMN06133356_REFG_MMP06133356,1,1,1,Gamma-Other,99.9,RefGenome
MARD_SAMN08238102_REFG_MMP08238102,1,1,1,Gamma-Other,100,RefGenome
MARD_SAMN08238103_REFG_MMP08238103,1,1,1,Gamma-Other,100,RefGenome
MARD_SAMN08238105_REFG_MMP08238105,1,1,1,Gamma-Other,100,RefGenome
MARD_SAMN08238106_REFG_MMP08238106,1,1,1,Gamma-Other,100,RefGenome
MARD_SAMN08238107_REFG_MMP08238107,1,1,1,Gamma-Other,99.86,RefGenome
MARD_SAMN08238109_REFG_MMP08238109,1,1,1,Gamma-Other,100,RefGenome
MARD_SAMN08634427_REFG_MMP08634427,1,1,1,Gamma-Other,99.91,RefGenome
TARA_SAMEA2621033_METAG_KOPIOIKM,0,0,0,Gamma-Other,98.84,MAG
TARA_SAMEA4396941_METAG_HMLHGEDM,0,0,0,Gamma-Other,82.1,MAG
TARA_SAMEA4396941_METAG_BMNNLBNP,1,1,1,Gamma-Other,96.7,MAG
TARA_SAMEA4396941_METAG_KOAOJACP,0,0,0,Gamma-Other,99.24,MAG
TARA_SAMEA4396941_METAG_LBLFLNAI,0,0,0,Alpha-Other,95.58,MAG
TARA_SAMEA4396941_METAG_MAKPDEGA,0,0,0,Alpha-Other,93.72,MAG
TARA_SAMEA4397174_METAG_PPCLANBI,0,0,0,Alpha-Other,99.54,MAG
TARA_SAMEA4397174_METAG_FFIHAOBM,1,1,1,Gamma-Other,98.28,MAG
TARA_SAMEA4397174_METAG_NKGAEHID,0,0,0,Gamma-Other,82.08,MAG
TARA_SAMEA4397174_METAG_LOKJJKKF,0,0,0,Gamma-Other,82,MAG
TARA_SAMEA4397174_METAG_PECNKBEJ,0,0,0,Alpha-Other,79.03,MAG
TARA_SAMEA4397174_METAG_ENJKLCJC,1,1,1,Bacteroidota,97.27,MAG
TARA_SAMEA4397174_METAG_MJIGNGAH,0,0,0,Alpha-Rhodobacter,84.18,MAG
TARA_SAMEA4397174_METAG_BEHKMJBF,1,1,1,Gamma-Other,92.14,MAG
TARA_SAMEA4397174_METAG_DHIBDKEM,0,0,0,Alpha-Other,90.5,MAG
TARA_SAMEA2622843_METAG_LIAMPECG,0,0,0,Cyano-Pro,81.34,MAG
TARA_SAMEA2622843_METAG_JOOHMLLC,1,1,1,Planctomycetota,97.06,MAG
TARA_SAMEA2622843_METAG_DOGLDLEH,0,0,0,Cyano-Pro,93.15,MAG
TARA_SAMEA2620360_METAG_CNLGFBII,0,0,0,Gamma-Other,82.12,MAG
TARA_SAMEA4397815_METAG_FPKCJCLC,1,1,1,Gamma-Other,81.83,MAG
TARA_SAMEA4397815_METAG_FNPOMOLN,1,1,1,Bacteroidota,98.76,MAG
TARA_SAMEA4397815_METAG_FBKIEFLJ,0,0,0,Alpha-Rhodobacter,98.4,MAG
TARA_SAMEA2623385_METAG_IEAKCHHM,1,1,1,Planctomycetota,86.5,MAG
TARA_SAMEA2622658_METAG_DGIAJBEJ,0,0,0,Cyano-Pro,90.44,MAG
TARA_SAMEA2622658_METAG_JNLPAOEH,1,1,1,Planctomycetota,95.36,MAG
TARA_SAMEA4396489_METAG_GDAHBGLF,0,0,0,Alpha-Other,84.89,MAG
TARA_SAMEA4396489_METAG_ODKECGDM,1,1,1,Bacteroidota,99.45,MAG
TARA_SAMEA4396489_METAG_OCBFFKCH,1,1,1,Bacteroidota,99.12,MAG
TARA_SAMEA4396489_METAG_GONMDPJP,1,1,1,Actinobacteriota,92.4,MAG
TARA_SAMEA4396489_METAG_NMNFAGHO,1,1,1,Alpha-Other,82.12,MAG
TARA_SAMEA4396489_METAG_GPEGENCD,0,0,0,Alpha-Other,78.56,MAG
TARA_SAMEA4397295_METAG_EHHOEIHM,0,0,0,Alpha-Other,91.5,MAG
TARA_SAMEA4397295_METAG_JAFFBBPE,0,0,0,Alpha-Other,91.56,MAG
TARA_SAMEA4397295_METAG_NDHNHJHC,0,0,0,Alpha-Other,99.64,MAG
TARA_SAMEA4397295_METAG_EBNOMJOA,1,1,1,Bacteroidota,97.43,MAG
TARA_SAMEA4397295_METAG_NNADBHNN,0,0,0,Gamma-Other,89.83,MAG
TARA_SAMEA4397295_METAG_BNKBGCAG,0,0,0,Gamma-Other,91.9,MAG
TARA_SAMEA4397295_METAG_PHDKGDLE,0,0,0,Alpha-Rhodobacter,90.51,MAG
TARA_SAMEA4397295_METAG_KBDLACKE,0,0,0,Alpha-Rhodobacter,99.06,MAG
TARA_SAMEA4397363_METAG_IJENHJIE,0,0,0,Gamma-Other,80.56,MAG
TARA_SAMEA4397363_METAG_ODDPLNAI,0,0,0,Alpha-Other,91.68,MAG
TARA_SAMEA4397363_METAG_DIJPIKFD,1,1,1,Bacteroidota,83.35,MAG
TARA_SAMEA4397363_METAG_ELKIPELK,0,0,0,Gamma-Other,96.58,MAG
TARA_SAMEA4397363_METAG_ABCNIFKB,1,1,1,Planctomycetota,85.52,MAG
TARA_SAMEA4397666_METAG_CILCLOBC,0,0,0,Bacteroidota,96.62,MAG
TARA_SAMEA4397666_METAG_DOAEJIGH,1,1,1,Bacteroidota,97.49,MAG
TARA_SAMEA2621107_METAG_CINGPCPO,0,0,0,Gamma-Other,82.12,MAG
TARA_SAMEA2621107_METAG_AOAGDAFI,0,0,0,Gamma-Other,99.08,MAG
TARA_SAMEA4397409_METAG_OCMHOKBI,0,0,0,Alpha-Other,93.21,MAG
TARA_SAMEA4397409_METAG_AGKBJLPN,1,1,1,Gamma-Other,96.44,MAG
TARA_SAMEA4397409_METAG_HAKMNFOB,0,0,0,Alpha-Other,98.95,MAG
TARA_SAMEA4397409_METAG_CMIPNLCO,0,0,0,Alpha-Rhodobacter,97.45,MAG
TARA_SAMEA4397409_METAG_KLGAEHOL,0,0,0,Alpha-Other,99.24,MAG
TARA_SAMEA2622737_METAG_EAPHCLOM,0,0,0,Alpha-Other,94.83,MAG
TARA_SAMEA2622737_METAG_FOADNGHO,0,0,0,Verrucomicrobiota,82.38,MAG
TARA_SAMEA4397627_METAG_LKGFGPMC,0,0,0,Gamma-Other,88.52,MAG
TARA_SAMEA2621448_METAG_LJONKNMJ,0,0,0,Gamma-Other,85.87,MAG
TARA_SAMEA4396515_METAG_BDMNHPLO,0,0,0,Alpha-Rhodobacter,81.76,MAG
TARA_SAMEA4396515_METAG_HKGMPGMP,1,1,1,Bacteroidota,96.54,MAG
TARA_SAMEA4396515_METAG_MAOJNANK,0,0,0,Alpha-Rhodobacter,95.89,MAG
TARA_SAMEA2619815_METAG_EHGMOHKB,1,1,1,Gamma-Other,92.68,MAG
TARA_SAMEA2619815_METAG_FBLGAHDF,1,1,1,Gamma-Other,81.59,MAG
TARA_SAMEA2619815_METAG_EELKOFIF,0,0,0,Alpha-Other,98.66,MAG
TARA_SAMEA2619815_METAG_MMLGKPHN,0,0,0,Alpha-Other,83.08,MAG
TARA_SAMEA2619815_METAG_OBEFPELD,0,0,0,Alpha-Other,99.06,MAG
TARA_SAMEA2619815_METAG_AOBADPKK,0,0,0,Alpha-Other,91.04,MAG
TARA_SAMEA2623403_METAG_OPICABCB,0,0,0,Alpha-Rhodobacter,92.62,MAG
TARA_SAMEA2623403_METAG_IPPBAPAP,1,1,1,Gamma-Other,99.64,MAG
TARA_SAMEA2623403_METAG_EAJDOPHA,0,0,0,Gamma-Other,100,MAG
TARA_SAMEA4398111_METAG_HPFOOFGE,1,1,1,Bacteroidota,96.39,MAG
TARA_SAMEA4398111_METAG_POCKDNGE,1,1,1,Alpha-Other,95.48,MAG
TARA_SAMEA4398193_METAG_LBOBKNCC,0,0,0,Gamma-Other,92.67,MAG
TARA_SAMEA4398193_METAG_GPLGOEOF,1,1,1,Bacteroidota,97.64,MAG
TARA_SAMEA4398193_METAG_OMGMAKCJ,1,1,1,Alpha-Other,95.48,MAG
TARA_SAMEA2620273_METAG_OJEIIIKD,0,0,0,Gamma-Other,87.04,MAG
TARA_SAMEA2622763_METAG_MAAFEBAJ,1,1,1,Gamma-Other,81.4,MAG
TARA_SAMEA2620824_METAG_JNDIHJFK,0,0,0,Gamma-Other,91.04,MAG
TARA_SAMEA2620824_METAG_JEJBJBNI,0,0,0,Gamma-Other,80.65,MAG
TARA_SAMEA2620824_METAG_MHEOCICL,0,0,0,Gamma-Other,95.56,MAG
TARA_SAMEA2620824_METAG_CKFMAEKE,0,0,0,Gamma-Other,95.32,MAG
TARA_SAMEA4398083_METAG_KAPDJFIF,1,1,1,Bacteroidota,95.02,MAG
TARA_SAMEA4398083_METAG_OFMJOIDL,0,0,0,Alpha-Other,79.98,MAG
TARA_SAMEA4398027_METAG_CIIAMDFN,0,0,0,Bacteroidota,98.62,MAG
TARA_SAMEA4398027_METAG_NAAJHAME,1,1,1,Bacteroidota,95.65,MAG
TARA_SAMEA2622517_METAG_LAAJOJJB,0,0,0,Gamma-Other,89.4,MAG
TARA_SAMEA2622517_METAG_IEFBOCAI,0,0,0,Gamma-Other,93.62,MAG
TARA_SAMEA2621101_METAG_BDFFJCJM,0,0,0,Bacteria-Other,87.42,MAG
TARA_SAMEA4398238_METAG_GLKDCPCL,1,1,1,Gamma-Other,81.47,MAG
TARA_SAMEA4398238_METAG_PDCFLGBA,0,0,0,Alpha-Other,86.44,MAG
TARA_SAMEA4398238_METAG_EHHKOKFP,0,0,0,Alpha-Other,99.02,MAG
TARA_SAMEA4398238_METAG_IPMCJFCD,0,0,0,Verrucomicrobiota,93.52,MAG
TARA_SAMEA4398238_METAG_FCEBGBPC,1,1,1,Bacteroidota,89.06,MAG
TARA_SAMEA4398168_METAG_EJICOMMK,1,1,1,Bacteroidota,98.14,MAG
TARA_SAMEA4398168_METAG_JGNLDOKF,1,1,1,Bacteroidota,95.18,MAG
TARA_SAMEA4397023_METAG_JDCBPCFM,1,1,1,Alpha-Other,99.8,MAG
TARA_SAMEA4397023_METAG_GNMACKDF,0,0,0,Alpha-Other,79.44,MAG
TARA_SAMEA4397023_METAG_OCJMFMNB,1,1,1,Bacteroidota,94.84,MAG
TARA_SAMEA4397023_METAG_FBMOJIEP,1,1,1,Gamma-Other,80.72,MAG
TARA_SAMEA4397023_METAG_IPBNOBEK,0,0,0,Alpha-Other,90.38,MAG
TARA_SAMEA2619992_METAG_FFIJIJBK,0,0,0,Alpha-Other,100,MAG
TARA_SAMEA2619992_METAG_MPGECPOB,0,0,0,Gamma-Other,100,MAG
TARA_SAMEA2619992_METAG_FACLKKJA,1,1,1,Gamma-Other,92.95,MAG
TARA_SAMEA2619992_METAG_GEENPJPF,0,0,0,Gamma-Other,88,MAG
TARA_SAMEA2619992_METAG_MLOOJNKA,0,0,0,Alpha-Other,98.92,MAG
TARA_SAMEA2619625_METAG_CNCMHLGC,0,0,0,Alpha-Other,98.72,MAG
TARA_SAMEA2622821_METAG_ADABKCLH,1,1,1,Gamma-Other,81,MAG
TARA_SAMEA2622800_METAG_KEFEHEDP,0,0,0,Alpha-Other,85.14,MAG
TARA_SAMEA2622800_METAG_FOCDFOMG,0,0,0,Alpha-Other,91.61,MAG
TARA_SAMEA4398387_METAG_PINODCNJ,0,0,0,Gamma-Other,95.24,MAG
TARA_SAMEA4398387_METAG_IEPIPDMG,0,0,0,Gamma-Other,81.28,MAG
TARA_SAMEA4398387_METAG_MHCDEPIB,1,1,1,Bacteroidota,96.71,MAG
TARA_SAMEA4397536_METAG_IBGBAAJA,1,1,1,Alpha-Rhodobacter,92,MAG
TARA_SAMEA4397536_METAG_MMAJJEPO,0,0,0,Alpha-Other,91.19,MAG
TARA_SAMEA4397536_METAG_JKADAANA,0,0,0,Alpha-Other,98.54,MAG
TARA_SAMEA4397536_METAG_OBACDIFJ,0,0,0,Alpha-Rhodobacter,91.58,MAG
TARA_SAMEA2620980_METAG_CDNEAKFH,0,0,0,Actinobacteriota,96.06,MAG
TARA_SAMEA4397051_METAG_HMLNHMNC,1,1,1,Bacteroidota,93.02,MAG
TARA_SAMEA4397051_METAG_LHFCPFEC,0,0,0,Alpha-Other,75.28,MAG
TARA_SAMEA2620812_METAG_OHJNCFOP,1,1,1,Gamma-Other,82.18,MAG
TARA_SAMEA2620812_METAG_NKLAKLOH,0,0,0,Alpha-Rhodobacter,92.98,MAG
TARA_SAMEA2620668_METAG_AOKPHPCE,0,0,0,Alpha-Other,98.93,MAG
TARA_SAMEA2619974_METAG_KIHBEELN,0,0,0,Archaea-Other,75.63,MAG
TARA_SAMEA2622765_METAG_CNACHMFG,0,0,0,Cyano-Pro,89.58,MAG
TARA_SAMEA2622765_METAG_CKKHFEEO,1,1,1,Planctomycetota,97.06,MAG
TARA_SAMEA2622765_METAG_DACAFNHL,0,0,0,Gamma-Other,93.94,MAG
TARA_SAMEA4397948_METAG_MNIHEPPO,0,0,0,Alpha-Other,99.26,MAG
TARA_SAMEA4397948_METAG_GGNIFMGJ,1,1,1,Bacteroidota,94.07,MAG
TARA_SAMEA4397948_METAG_OCHNNAGN,0,0,0,Gamma-Other,88.66,MAG
TARA_SAMEA2621099_METAG_MOEJCAFC,0,0,0,Bacteria-Other,87.78,MAG
TARA_SAMEA2619974_METAG_FFBADHGH,0,0,0,Gamma-Other,96.18,MAG
TARA_SAMEA2622685_METAG_KEICCAJC,1,1,1,Bacteroidota,96.26,MAG
TARA_SAMEA2622685_METAG_HEEHHBLE,0,0,0,Alpha-Rhodobacter,97.18,MAG
TARA_SAMEA4398360_METAG_HPPMJFGP,0,0,0,Alpha-Other,82.22,MAG
TARA_SAMEA4398360_METAG_KMBPKEKE,1,1,1,Gamma-Other,99.96,MAG
TARA_SAMEA4398360_METAG_GJHCJNNP,0,0,0,Gamma-Other,97.65,MAG
TARA_SAMEA4398360_METAG_CELNDKLF,0,0,0,Gamma-Other,82.12,MAG
TARA_SAMEA4398360_METAG_ADPJLGHP,0,0,0,Gamma-Other,82.1,MAG
TARA_SAMEA4398360_METAG_ECKODFEK,1,1,1,Gamma-Other,76.1,MAG
TARA_SAMEA4398360_METAG_AALNJLDG,0,0,0,Alpha-Other,90.82,MAG
TARA_SAMEA4398360_METAG_KMINOFHI,1,1,1,Bacteroidota,97.02,MAG
TARA_SAMEA4398360_METAG_FAEBLOGG,0,0,0,Bacteroidota,98.62,MAG
TARA_SAMEA4398360_METAG_LFOBKOGF,1,1,1,Gamma-Other,85.15,MAG
TARA_SAMEA2621548_METAG_IBEGLMHE,1,1,1,Gamma-Other,87.33,MAG
TARA_SAMEA4398266_METAG_DDCDLJKJ,0,0,0,Alpha-Rhodobacter,86.4,MAG
TARA_SAMEA4398266_METAG_KILILMEM,1,1,1,Bacteroidota,97.88,MAG
TARA_SAMEA2622656_METAG_BOLCDEID,0,0,0,Gamma-Other,99.64,MAG
TARA_SAMEA4398432_METAG_FCLGMJKF,1,1,1,Gamma-Other,80.27,MAG
TARA_SAMEA4398432_METAG_NIHBHJKM,1,1,1,Bacteroidota,91.1,MAG
TARA_SAMEA4398432_METAG_DPPBFELL,1,1,1,Gamma-Other,97.94,MAG
TARA_SAMEA4397330_METAG_GCBFCMAB,0,0,0,Gamma-Other,82.2,MAG
TARA_SAMEA4397330_METAG_HPNADKDC,1,1,1,Alpha-Rhodobacter,95.29,MAG
TARA_SAMEA4397330_METAG_KOEIGPBB,0,0,0,Alpha-Other,99.26,MAG
TARA_SAMEA4397330_METAG_LHLFCDNB,0,0,0,Actinobacteriota,86.28,MAG
TARA_SAMEA4397330_METAG_KIDEALGP,0,0,0,Alpha-Other,89.78,MAG
TARA_SAMEA4397330_METAG_HCNLOCPB,0,0,0,Gamma-Other,79.38,MAG
TARA_SAMEA4397330_METAG_MGNNFKFN,0,0,0,Gamma-Other,98.88,MAG
TARA_SAMEA4397330_METAG_MHHDJKOH,0,0,0,Alpha-Other,97.28,MAG
TARA_SAMEA4397586_METAG_AKNHPNND,0,0,0,Gamma-Other,94.58,MAG
TARA_SAMEA4397586_METAG_ILCHCBMA,0,0,0,Bacteroidota,97.84,MAG
TARA_SAMEA4397586_METAG_ADKHDKBK,0,0,0,Gamma-Other,91.94,MAG
TARA_SAMEA4397586_METAG_PFHBEKHI,0,0,0,Alpha-Rhodobacter,87.96,MAG
TARA_SAMEA4397586_METAG_GHLGPPBL,0,0,0,Gamma-Other,99.14,MAG
TARA_SAMEA4397586_METAG_IEJIIILA,1,1,1,Bacteroidota,97.96,MAG
TARA_SAMEA2622473_METAG_CMBLJNCK,0,0,0,Gamma-Other,98.05,MAG
TARA_SAMEA2622696_METAG_LJCKGMCC,0,0,0,Bacteria-Other,95.63,MAG
TARA_SAMEA2622696_METAG_PPENOHPM,0,0,0,Cyano-Pro,91.66,MAG
TARA_SAMEA2620256_METAG_JEECJAPL,0,0,0,Gamma-Other,77.91,MAG
TARA_SAMEA4397489_METAG_LNCOJKKK,0,0,0,Alpha-Other,99.59,MAG
TARA_SAMEA4397489_METAG_DDCHKMAM,0,0,0,Alpha-Other,98.47,MAG
TARA_SAMEA4397489_METAG_MAHLAONA,1,1,1,Bacteroidota,88.38,MAG
TARA_SAMEA4397489_METAG_OFCPCJGL,1,1,1,Gamma-Other,79.34,MAG
TARA_SAMEA4397489_METAG_EFNJEAPH,1,1,1,Gamma-Other,82.48,MAG
TARA_SAMEA4397489_METAG_HJKOMDFN,0,0,0,Gamma-Other,98.56,MAG
TARA_SAMEA4397489_METAG_FPHGBFEN,0,0,0,Gamma-Other,76.15,MAG
TARA_SAMEA4397489_METAG_AEMPAEIM,0,0,0,Alpha-Other,92.84,MAG
TARA_SAMEA4397489_METAG_BHNLHHCG,0,0,0,Alpha-Other,91.81,MAG
TARA_SAMEA4397489_METAG_PJPKEKDA,0,0,0,Alpha-Rhodobacter,89.32,MAG
TARA_SAMEA4397489_METAG_NIECAJNJ,0,0,0,Gamma-Other,82.32,MAG
TARA_SAMEA4397489_METAG_BHAGCOIA,0,0,0,Alpha-Other,99.44,MAG
TARA_SAMEA2620967_METAG_NFCHAADF,0,0,0,Gamma-Other,77.84,MAG
TARA_SAMEA2621502_METAG_AGHMDDOP,1,1,1,Bacteroidota,96.94,MAG
TARA_SAMEA2621502_METAG_JFCCPHDO,1,1,1,Alpha-Rhodobacter,97.27,MAG
TARA_SAMEA2621502_METAG_KHOCAFDK,0,0,0,Gamma-Other,76.36,MAG
TARA_SAMEA2621502_METAG_FDHOLOBN,1,1,1,Gamma-Other,93.89,MAG
TARA_SAMEA2621502_METAG_NLHALEFI,1,1,1,Actinobacteriota,96.78,MAG
TARA_SAMEA2621285_METAG_ICLNENCH,0,0,0,Alpha-Other,80.43,MAG
TARA_SAMEA2621285_METAG_FIHIBEFB,1,1,1,Planctomycetota,92.24,MAG
TARA_SAMEA2621528_METAG_JOLHKIDP,1,1,1,Alpha-Rhodobacter,98.84,MAG
TARA_SAMEA2621528_METAG_EAMKACOE,0,0,0,Alpha-Rhodobacter,79.59,MAG
TARA_SAMEA4396988_METAG_FJLCIPNH,0,0,0,Alpha-Other,91.81,MAG
TARA_SAMEA4396988_METAG_KLOCLEMM,1,1,1,Alpha-Rhodobacter,97.5,MAG
TARA_SAMEA4396988_METAG_ABMLGJHF,1,1,1,Alpha-Other,98.7,MAG
TARA_SAMEA4396988_METAG_MBPFKPFE,0,0,0,Gamma-Other,82.2,MAG
TARA_SAMEA4396988_METAG_JBGFAFFN,0,0,0,Verrucomicrobiota,97.18,MAG
TARA_SAMEA4396988_METAG_OOCLDHGK,0,0,0,Alpha-Other,85.1,MAG
TARA_SAMEA4396988_METAG_CABPDNKF,0,0,0,Bacteroidota,97.48,MAG
TARA_SAMEA2621191_METAG_KOACLFMB,1,1,1,Alpha-Rhodobacter,95.75,MAG
TARA_SAMEA4397445_METAG_HMENGOCD,1,1,1,Alpha-Other,95.48,MAG
TARA_SAMEA4397445_METAG_DOMCJONG,0,0,0,Alpha-Other,99.44,MAG
TARA_SAMEA4397445_METAG_ICPPIAOP,0,0,0,Alpha-Rhodobacter,98.54,MAG
TARA_SAMEA4397445_METAG_HLJHHDAL,0,0,0,Bacteroidota,98.62,MAG
TARA_SAMEA4397445_METAG_BMAFPFKN,0,0,0,Gamma-Other,97.38,MAG
TARA_SAMEA4397445_METAG_FJMMFOIA,0,0,0,Gamma-Other,82.1,MAG
TARA_SAMEA4397445_METAG_KILNFEOI,1,1,1,Bacteroidota,97.72,MAG
TARA_SAMEA4397445_METAG_CGPDLPGA,0,0,0,Alpha-Other,100,MAG
TARA_SAMEA4397445_METAG_DNCIPDJB,0,0,0,Alpha-Other,85.71,MAG
TARA_SAMEA2620053_METAG_NOBBLIGF,0,0,0,Alpha-Other,80.6,MAG
TARA_SAMEA2620053_METAG_EPHAAEAD,1,1,1,Gamma-Other,80.06,MAG
TARA_SAMEA4398315_METAG_AFPEAJFA,1,1,1,Bacteroidota,95.54,MAG
TARA_SAMEA4398315_METAG_LFNPDGBP,0,0,0,Alpha-Other,97.96,MAG
TARA_SAMEA4398315_METAG_PALEGFHE,0,0,0,Alpha-Other,86.99,MAG
TARA_SAMEA4397920_METAG_AOALJNEL,0,0,0,Alpha-Rhodobacter,90.92,MAG
TARA_SAMEA4397920_METAG_IGHDIIEB,1,1,1,Alpha-Other,99.83,MAG
TARA_SAMEA4397920_METAG_DOFCMFJI,0,0,0,Alpha-Other,91.56,MAG
TARA_SAMEA4397920_METAG_ADLLGMMD,0,0,0,Gamma-Other,99.14,MAG
TARA_SAMEA2622841_METAG_LNHPPNIG,1,1,1,Gamma-Other,81.97,MAG
TARA_SAMEA2622716_METAG_PHFJLOCO,1,1,1,Bacteria-Other,93.81,MAG
TARA_SAMEA2622823_METAG_GALCLHPH,0,0,0,Acidobacteriota,94.88,MAG
TARA_SAMEA2622823_METAG_KCIBHMFJ,0,0,0,Alpha-Other,90.07,MAG
TARA_SAMEA4397118_METAG_KDNGICHC,0,0,0,Gamma-Other,98.94,MAG
TARA_SAMEA4397118_METAG_NBKJIIBH,1,1,1,Bacteroidota,97,MAG
TARA_SAMEA4397118_METAG_NPBNCPFF,0,0,0,Gamma-Other,78.26,MAG
TARA_SAMEA4397118_METAG_CEIGLMNO,0,0,0,Alpha-Other,77.91,MAG
TARA_SAMEA4397118_METAG_APJGJBFD,0,0,0,Alpha-Other,97.91,MAG
TARA_SAMEA4397118_METAG_PABDEIMO,1,1,1,Gamma-Other,92.14,MAG
TARA_SAMEA4397118_METAG_DLBFEDCK,1,1,1,Alpha-Other,97.23,MAG
TARA_SAMEA4397118_METAG_EJFCNOLM,1,1,1,Gamma-Other,99.72,MAG
TARA_SAMEA4397118_METAG_MMFEIOEA,0,0,0,Alpha-Rhodobacter,77.53,MAG
TARA_SAMEA4397118_METAG_GFNCINMP,0,0,0,Alpha-Other,95.37,MAG
TARA_SAMEA4397118_METAG_HJLEHBBM,0,0,0,Alpha-Other,90.14,MAG
TARA_SAMEA2623327_METAG_FJDDGPMM,0,0,0,Gamma-Other,98.36,MAG
TARA_SAMEA2591132_METAG_IGHGJMDJ,1,1,1,Gamma-Other,90.26,MAG
TARA_SAMEA2621300_METAG_KIBCEGBG,0,0,0,Alpha-Rhodobacter,98.17,MAG
TARA_SAMEA2621300_METAG_GDJNDOCK,0,0,0,Gamma-Other,98.06,MAG
TARA_SAMEA4397255_METAG_FFHKACEC,0,0,0,Gamma-Other,96.97,MAG
TARA_SAMEA4397255_METAG_FLBHNPFD,0,0,0,Alpha-Other,95.37,MAG
TARA_SAMEA4397255_METAG_AHIGENFC,0,0,0,Gamma-Other,87.1,MAG
TARA_SAMEA4397255_METAG_CIJAEJLN,0,0,0,Alpha-Other,99.14,MAG
TARA_SAMEA4398001_METAG_HHDPNOOC,1,1,1,Alpha-Other,99.58,MAG
TARA_SAMEA4398001_METAG_JOANBDMI,0,0,0,Bacteroidota,96.74,MAG
TARA_SAMEA4398001_METAG_IIGHFDPF,1,1,1,Gamma-Other,99,MAG
TARA_SAMEA4398001_METAG_BLPKBGFK,0,0,0,Gamma-Other,92.52,MAG
TARA_SAMEA4397859_METAG_EEBNOPDG,0,0,0,Gamma-Other,95,MAG
TARA_SAMEA4397859_METAG_ENHNBCKF,1,1,1,Alpha-Other,95.9,MAG
TARA_SAMEA4397859_METAG_BFDFGKDA,0,0,0,Gamma-Other,95.06,MAG
TARA_SAMEA4397859_METAG_OFBCODPG,0,0,0,Gamma-Other,82.32,MAG
TARA_SAMEA4397859_METAG_BEMGBAGL,0,0,0,Bacteroidota,91.35,MAG
TARA_SAMEA2619791_METAG_LDLPODBL,0,0,0,Gamma-Other,85.48,MAG
TARA_SAMEA2621021_METAG_EPOGKEMN,0,0,0,Cyano-Syn,78.4,MAG
TARA_SAMEA2622166_METAG_NBPNFFFC,0,0,0,Alpha-Rhodobacter,83.33,MAG
TARA_SAMEA2621242_METAG_GDMEHIBJ,1,1,1,Bacteroidota,92.78,MAG
TARA_SAMEA2621242_METAG_DFHNPMGP,1,1,1,Alpha-Rhodobacter,98.96,MAG
TARA_SAMEA2621242_METAG_OOMMJIKI,1,1,1,Alpha-Rhodobacter,92.19,MAG
TARA_SAMEA2621242_METAG_PGFFALEF,0,0,0,Alpha-Rhodobacter,82.06,MAG
TARA_SAMEA2622657_METAG_HIKLBKKB,0,0,0,Cyano-Pro,85.14,MAG
TARA_SAMEA2621085_METAG_LKNHBOJM,0,0,0,Gamma-Other,100,MAG
TARA_SAMEA4397747_METAG_GONOHJPN,0,0,0,Alpha-Other,82.97,MAG
TARA_SAMEA2619677_METAG_CAFHCOFC,0,0,0,Alpha-Other,91.5,MAG
TARA_SAMEA2619779_METAG_OMJCBIBO,1,1,1,Alpha-Rhodobacter,90.08,MAG
TARA_SAMEA2621010_METAG_NOEHDPEA,0,0,0,Gamma-Other,87.89,MAG
TARA_SAMEA2620078_METAG_JPKMADJK,1,1,1,Gamma-Other,95.42,MAG
TARA_SAMEA2622676_METAG_IPOEGCEH,0,0,0,Alpha-Rhodobacter,80.8,MAG
TARA_SAMEA2622676_METAG_IIECAFBG,0,0,0,Gamma-Other,92.59,MAG
TARA_SAMEA2622694_METAG_GNKAIBNI,0,0,0,Gamma-Other,99.52,MAG
TARA_SAMEA2621075_METAG_KDKFOIAJ,0,0,0,Bacteria-Other,93.81,MAG
TARA_SAMEA2621075_METAG_MJHOGFBH,0,0,0,Bacteroidota,90.94,MAG
TARA_SAMEA2621075_METAG_GLMEBPCK,0,0,0,Bacteria-Other,86.98,MAG
TARA_SAMEA2622801_METAG_HMDEAEKJ,0,0,0,Alpha-Other,91.2,MAG
TARA_SAMEA4397215_METAG_FGMGFONG,1,1,1,Verrucomicrobiota,89.5,MAG
TARA_SAMEA4397215_METAG_CFGNIOCL,0,0,0,Alpha-Rhodobacter,88.54,MAG
TARA_SAMEA4397215_METAG_ONKEHKMI,0,0,0,Gamma-Other,82.2,MAG
TARA_SAMEA4397215_METAG_AOKJGGCF,1,1,1,Bacteroidota,97.76,MAG
TARA_SAMEA4397215_METAG_NPDLJFDE,0,0,0,Alpha-Other,91.61,MAG
TARA_SAMEA4397215_METAG_EKGAJCPD,0,0,0,Alpha-Other,90.7,MAG
TARA_SAMEA4397215_METAG_FMKFHFFL,0,0,0,Gamma-Other,98.94,MAG
TARA_SAMEA4397772_METAG_MMNACICH,0,0,0,Alpha-Other,96.05,MAG
TARA_SAMEA2621045_METAG_EEGMNAGF,0,0,0,Cyano-Syn,87.44,MAG
TARA_SAMEA2622316_METAG_PCEAOEII,0,0,0,Verrucomicrobiota,96.44,MAG
TARA_SAMEA2623907_METAG_OAOJNEPM,0,0,0,Bacteroidota,98.94,MAG
TARA_SAMEA2623907_METAG_PJCNPLHD,1,1,1,Gamma-Other,99.35,MAG
TARA_SAMEA2623907_METAG_BKDEFHCI,1,1,1,Actinobacteriota,92.85,MAG
TARA_SAMEA2619907_METAG_EADLDOCI,0,0,0,Cyano-Pro,86.89,MAG
TARA_SAMEA2620081_METAG_EEAABNBB,0,0,0,Archaea-Other,80.01,MAG
TARA_SAMEA2623463_METAG_PPLLMEMB,0,0,0,Cyano-Other,88.5,MAG
TARA_SAMEA2623673_METAG_EDONDJIB,0,0,0,Gamma-Other,90.32,MAG
TARA_SAMEA2622149_METAG_ANGGDELM,0,0,0,Alpha-Other,98.38,MAG
TARA_SAMEA2622149_METAG_ENLLIFBN,1,1,1,Gamma-Other,89.74,MAG
TARA_SAMEA2620828_METAG_HFMANGFL,1,1,1,Alpha-Other,95.56,MAG
TARA_SAMEA2623370_METAG_IMFANIFH,1,1,1,Gamma-Other,96.62,MAG
TARA_SAMEA2591122_METAG_LNMOBCOM,1,1,1,Planctomycetota,95.3,MAG
TARA_SAMEA2591122_METAG_JMEHENCE,1,1,1,Verrucomicrobiota,93,MAG
TARA_SAMEA2620666_METAG_JFBNKCAE,1,1,1,Actinobacteriota,91.44,MAG
TARA_SAMEA2623135_METAG_PCLHNPOF,0,0,0,Cyano-Syn,87.47,MAG
TARA_SAMEA2621423_METAG_MMFGIHGM,0,0,0,Alpha-Rhodobacter,98.07,MAG
TARA_SAMEA2619857_METAG_HIDMCLBP,0,0,0,Archaea-Other,78.13,MAG
TARA_SAMEA2623116_METAG_MCLFJCFB,0,0,0,Verrucomicrobiota,97.16,MAG
TARA_SAMEA2623116_METAG_GJPACEJC,0,0,0,Verrucomicrobiota,96.46,MAG
TARA_SAMEA2623116_METAG_KOOJPCCB,0,0,0,Bacteria-Other,92.73,MAG
TARA_SAMEA2623446_METAG_CGPFIOBL,0,0,0,Gamma-Other,88.23,MAG
TARA_SAMEA2621155_METAG_JJEAFODF,0,0,0,Alpha-Other,99.5,MAG
TARA_SAMEA2621401_METAG_OBGIGDGA,0,0,0,Alpha-Rhodobacter,97.74,MAG
TARA_SAMEA2622710_METAG_KJEKKMEC,1,1,1,Planctomycetota,95.56,MAG
TARA_SAMEA2622362_METAG_NOOPJDFP,1,1,1,Gamma-Other,90.44,MAG
TARA_SAMEA2623079_METAG_JKHHHBLP,0,0,0,Gamma-Other,87.52,MAG
TARA_SAMEA2621232_METAG_OEJANBLF,1,1,1,Actinobacteriota,97.66,MAG
TARA_SAMEA2621132_METAG_LDNDBIDJ,1,1,1,Gamma-Other,82.24,MAG
TARA_SAMEA2623390_METAG_GGBAEGIL,0,0,0,Acidobacteriota,97.9,MAG
TARA_SAMEA2623390_METAG_NCAFBONB,0,0,0,Bacteria-Other,88.64,MAG
TARA_SAMEA2619970_METAG_DEJEEEHK,0,0,0,Bacteria-Other,96.78,MAG
TARA_SAMEA2619970_METAG_GLICNMBG,0,0,0,Alpha-Other,97.83,MAG
TARA_SAMEA2619970_METAG_FLMOKPJM,0,0,0,Gamma-Other,95.46,MAG
TARA_SAMEA2591098_METAG_PLHPJCGC,1,1,1,Planctomycetota,96.22,MAG
TARA_SAMEA2620882_METAG_PEOIGDBG,0,0,0,Alpha-Other,87.47,MAG
TARA_SAMEA2621487_METAG_FBBJOAML,0,0,0,Alpha-Rhodobacter,83.62,MAG
TARA_SAMEA2622336_METAG_ODHIMBAA,0,0,0,Verrucomicrobiota,94,MAG
TARA_SAMEA2622336_METAG_NHKDCMEP,0,0,0,Cyano-Syn,83.54,MAG
TARA_SAMEA2621101_METAG_NHAKJFJG,0,0,0,Archaea-Other,91.26,MAG
TARA_SAMEA2622796_METAG_IKFJOKBI,0,0,0,Alpha-Other,98.19,MAG
TARA_SAMEA2622796_METAG_HPFJMFBI,0,0,0,Alpha-Other,97.28,MAG
TARA_SAMEA2622796_METAG_PLIEIEDC,0,0,0,Alpha-Other,91.61,MAG
TARA_SAMEA2619970_METAG_DPGAKHOL,0,0,0,Archaea-Other,91.48,MAG
TARA_SAMEA2621092_METAG_IHOOOMPL,1,1,1,Alpha-Rhodobacter,99.21,MAG
TARA_SAMEA2622923_METAG_EBCPMCHF,1,1,1,Actinobacteriota,95.16,MAG
TARA_SAMEA2623756_METAG_EPAOJDBK,0,0,0,Bacteroidota,99.48,MAG
TARA_SAMEA2623756_METAG_LMHAEILL,1,1,1,Gamma-Other,92.34,MAG
TARA_SAMEA2623295_METAG_AHONLABG,1,1,1,Gamma-Other,92.14,MAG
TARA_SAMEA2623295_METAG_LCBNAALP,0,0,0,Alpha-Other,98.38,MAG
TARA_SAMEA2623314_METAG_FCKBMNCE,0,0,0,Acidobacteriota,98.43,MAG
TARA_SAMEA2623314_METAG_IAFAMNLA,1,1,1,Gamma-Other,84.68,MAG
TARA_SAMEA2623314_METAG_KCJJHIEC,1,1,1,Actinobacteriota,96.38,MAG
TARA_SAMEA2623314_METAG_CFPLBNDI,0,0,0,Gamma-Other,94.02,MAG
TARA_SAMEA2623314_METAG_KMFJBEED,0,0,0,Bacteria-Other,93.14,MAG
TARA_SAMEA2622766_METAG_GFDLGHPP,0,0,0,Cyano-Pro,93.88,MAG
TARA_SAMEA2620097_METAG_PGMGIDIJ,0,0,0,Archaea-Other,80.75,MAG
TARA_SAMEA2623794_METAG_CBBGAPHI,0,0,0,Bacteroidota,93.03,MAG
TARA_SAMEA2619766_METAG_LGHFEEAF,1,1,1,Verrucomicrobiota,95.06,MAG
TARA_SAMEA2622219_METAG_CDNBMKDP,0,0,0,Cyano-Syn,89.99,MAG
TARA_SAMEA2622901_METAG_HGNBNGDP,0,0,0,Cyano-Pro,93.12,MAG
TARA_SAMEA2623649_METAG_JMAILDDC,0,0,0,Bacteroidota,94.99,MAG
TARA_SAMEA2622837_METAG_IKHPFKLM,0,0,0,Acidobacteriota,95.67,MAG
TARA_SAMEA2621287_METAG_CBFAEDAG,1,1,1,Gamma-Other,94.56,MAG
TARA_SAMEA2621812_METAG_NFENDCDO,1,1,1,Gamma-Other,92.52,MAG
TARA_SAMEA2622690_METAG_KGFPAGGC,0,0,0,Gamma-Other,99.14,MAG
TARA_SAMEA2622197_METAG_PLBFGDCB,0,0,0,Bacteroidota,91.42,MAG
TARA_SAMEA2620097_METAG_KFELPDMJ,0,0,0,Bacteria-Other,92.76,MAG
TARA_SAMEA2619840_METAG_FFFLPPCO,1,1,1,Verrucomicrobiota,94.52,MAG
TARA_SAMEA2619840_METAG_CLHDDKPF,0,0,0,Alpha-Other,90.76,MAG
TARA_SAMEA4397157_METAG_EBPIGCJE,0,0,0,Alpha-Rhodobacter,97.97,MAG
TARA_SAMEA4397157_METAG_AHGIHHGL,0,0,0,Alpha-Other,92.29,MAG
TARA_SAMEA4397930_METAG_KPNEPIAD,0,0,0,Actinobacteriota,96.13,MAG
TARA_SAMEA4397930_METAG_IBOLJEJO,0,0,0,Alpha-Rhodobacter,96.12,MAG
TARA_SAMEA4398296_METAG_MHJPBEFB,0,0,0,Actinobacteriota,96.56,MAG
TARA_SAMEA4397196_METAG_GOGNMPAD,0,0,0,Verrucomicrobiota,97.05,MAG
TARA_SAMEA4397196_METAG_IPMANPNA,0,0,0,Alpha-Rhodobacter,96.76,MAG
TARA_SAMEA4397196_METAG_ICABMHNN,0,0,0,Bacteroidota,86.14,MAG
TARA_SAMEA4397983_METAG_JFKHNIHF,0,0,0,Gamma-Other,75.97,MAG
TARA_SAMEA4398094_METAG_DAFGDDKE,0,0,0,Verrucomicrobiota,97.48,MAG
TARA_SAMEA4398094_METAG_GBPKMEMO,0,0,0,Alpha-Rhodobacter,79.26,MAG
TARA_SAMEA4398150_METAG_LPGLIOKL,0,0,0,Gamma-Other,76.33,MAG
TARA_SAMEA4396424_METAG_PMEBNOPJ,0,0,0,Cyano-Syn,85.1,MAG
TARA_SAMEA4398370_METAG_PLLADIOM,0,0,0,Alpha-Rhodobacter,97.36,MAG
TARA_SAMEA4397798_METAG_JLLDCABA,0,0,0,Gamma-Other,94.32,MAG
TARA_SAMEA4397798_METAG_CJMABPGO,0,0,0,Alpha-Rhodobacter,96.36,MAG
TARA_SAMEA4397101_METAG_KJCMEFMA,0,0,0,Alpha-Rhodobacter,97.37,MAG
TARA_SAMEA4397355_METAG_EMKKJOON,0,0,0,Verrucomicrobiota,96,MAG
TARA_SAMEA4397355_METAG_OAHAPAHA,0,0,0,Acidobacteriota,96.85,MAG
TARA_SAMEA4398067_METAG_MBHHKPBM,0,0,0,Verrucomicrobiota,95.1,MAG
TARA_SAMEA4398067_METAG_BMGDKCLP,0,0,0,Alpha-Rhodobacter,87.92,MAG
TARA_SAMEA4397472_METAG_AMLOAKEN,0,0,0,Gamma-Other,89.42,MAG
TARA_SAMEA4397004_METAG_GOJLHACA,1,1,1,Gamma-Other,86.04,MAG
TARA_SAMEA4397649_METAG_AGJNBBPH,0,0,0,Gamma-Other,75.1,MAG
TARA_SAMEA4398341_METAG_LHBKEGEM,0,0,0,Alpha-Rhodobacter,96.98,MAG
BGEO_SAMN07136727_METAG_DFLFBMEC,0,0,0,Actinobacteriota,92,MAG
BGEO_SAMN07136710_METAG_ANLKCNPO,1,1,1,Gamma-Other,96.62,MAG
BGEO_SAMN07136788_METAG_AFBPEAAE,1,1,1,Gamma-Other,99.04,MAG
BGEO_SAMN07136937_METAG_BMDGFMPD,1,1,1,Planctomycetota,92.53,MAG
BGEO_SAMN07136708_METAG_JGHHNJEM,1,1,1,Gamma-Other,91.84,MAG
BGEO_SAMN07136946_METAG_LPLANNKM,0,0,0,Cyano-Syn,85.1,MAG
BGEO_SAMN07136940_METAG_CAIDBBMO,0,0,0,Cyano-Syn,88.8,MAG
BGEO_SAMN07136709_METAG_EEKAFEOM,1,1,1,Gamma-Other,98.86,MAG
BGEO_SAMN07136711_METAG_FIMGHCMK,1,1,1,Gamma-Other,97.62,MAG
BGEO_SAMN07136938_METAG_FBFFCPIJ,0,0,0,Cyano-Syn,82.12,MAG
BGEO_SAMN07136934_METAG_KDMDACHB,0,0,0,Cyano-Syn,78.38,MAG
MALA_SAMN05422160_METAG_JOPGKHLC,0,0,0,Bacteria-Other,90.02,MAG
MALA_SAMN05422122_METAG_CAFBCAFN,0,0,0,Bacteria-Other,95.56,MAG
MALA_SAMN05422140_METAG_HFADAPBO,0,0,0,Alpha-Rhodobacter,97.28,MAG
MALA_SAMN05422140_METAG_DGBIDDKG,0,0,0,Gamma-Other,98.66,MAG
MALA_SAMN05422140_METAG_NCPCLLJM,0,0,0,Actinobacteriota,95.78,MAG
MALA_SAMN05422121_METAG_BDGKKLOP,0,0,0,Gamma-Other,89.72,MAG
MALA_SAMN05422195_METAG_NJLALEJO,0,0,0,Gamma-Other,92.38,MAG
MALA_SAMN05421706_METAG_CCBNPPJM,0,0,0,Actinobacteriota,94.8,MAG
MALA_SAMN05422113_METAG_IGEILNAG,1,1,1,Actinobacteriota,78.52,MAG
MALA_SAMN05422113_METAG_ACPCAKPA,0,0,0,Gamma-Other,99.64,MAG
MALA_SAMN05422169_METAG_BPCBKGGL,0,0,0,Alpha-Rhodobacter,97.56,MAG
MALA_SAMN05422170_METAG_EPLBFDFI,0,0,0,Gamma-Other,88.51,MAG
MALA_SAMN05422123_METAG_COPMBDOP,0,0,0,Alpha-Other,97.95,MAG
TARA_SAMN05326644_METAG_PON00001,0,0,0,Gamma-Other,99,MAG
TARA_SAMN05326644_METAG_PON00011,0,0,0,Verrucomicrobiota,94.5,MAG
TARA_SAMN05326644_METAG_PON00015,0,0,0,Bacteria-Other,90.32,MAG
TARA_SAMN05326644_METAG_PON00023,1,1,1,Gamma-Other,93.18,MAG
TARA_SAMN05326645_METAG_PSE00015,0,0,0,Gamma-Other,96.45,MAG
TARA_SAMN05326650_METAG_MED00074,0,0,0,Alpha-Other,91.6,MAG
TARA_SAMN05326645_METAG_PSE00024,1,1,1,Alpha-Rhodobacter,97.23,MAG
TARA_SAMN05326646_METAG_PSW00018,1,1,1,Planctomycetota,97.06,MAG
TARA_SAMN05326643_METAG_ASW00012,1,1,1,Bacteroidota,92.67,MAG
TARA_SAMN05326647_METAG_ION00014,1,1,1,Gamma-Other,98.24,MAG
TARA_SAMN05326647_METAG_ION00025,1,1,1,Alpha-Other,93.59,MAG
TARA_SAMN05326648_METAG_IOS00060,0,0,0,Alpha-Other,80.14,MAG
TARA_SAMN05326650_METAG_MED00014,1,1,1,Verrucomicrobiota,96.49,MAG
TARA_SAMN05326650_METAG_MED00017,0,0,0,Alpha-Rhodobacter,91.45,MAG
TARA_SAMN05326651_METAG_RED00030,0,0,0,Acidobacteriota,92.42,MAG
TARA_SAMN05326651_METAG_RED00057,1,1,1,Verrucomicrobiota,92.19,MAG
TARA_SAMN05326651_METAG_RED00103,0,0,0,Alpha-Other,80.64,MAG
TARA_SAMN05326640_METAG_ANE00011,1,1,1,Alpha-Other,95.1,MAG
TARA_SAMN05326641_METAG_ANW00036,0,0,0,Gamma-Other,90.4,MAG
TARA_SAMN05326641_METAG_ANW00065,0,0,0,Bacteria-Other,79.91,MAG
GORG_SAMEA6075145_SAGS_AG349C13,0,0,0,Cyano-Pro,83.62,SAG
GORG_SAMEA6076119_SAGS_AG410K11,0,0,0,Planctomycetota,80.81,SAG
GORG_SAMEA6068175_SAGS_AH321B19,0,0,0,Cyano-Pro,86.56,SAG
GORG_SAMEA6068189_SAGS_AH321C14,0,0,0,Cyano-Pro,93.23,SAG
GORG_SAMEA6068193_SAGS_AH321C19,0,0,0,Cyano-Pro,84.66,SAG
MARD_SAMN08886324_SAGS_MMP08886324,0,0,0,Cyano-Pro,92.8,SAG
MARD_SAMN08886364_SAGS_MMP08886364,0,0,0,Cyano-Other,97.66,SAG
MARD_SAMN08886234_SAGS_MMP08886234,0,0,0,Cyano-Other,90.92,SAG
MARD_SAMN08886241_SAGS_MMP08886241,0,0,0,Cyano-Other,90.8,SAG
MARD_SAMN08886263_SAGS_MMP08886263,0,0,0,Cyano-Other,85.38,SAG
MARD_SAMN08886265_SAGS_MMP08886265,0,0,0,Cyano-Other,83.34,SAG
MARD_SAMN08886276_SAGS_MMP08886276,0,0,0,Cyano-Pro,97.38,SAG
MARD_SAMN08886278_SAGS_MMP08886278,0,0,0,Cyano-Pro,85.54,SAG
MARD_SAMN08886297_SAGS_MMP08886297,0,0,0,Cyano-Pro,87.23,SAG
MARD_SAMN08886306_SAGS_MMP08886306,0,0,0,Cyano-Pro,85.16,SAG
MARD_SAMN08202528_REFG_MMP08202528,0,0,0,Alpha-Rhodobacter,98.94,RefGenome
MARD_SAMN08383634_REFG_MMP08383634,1,1,1,Gamma-Other,99.64,RefGenome
MARD_SAMN08707727_REFG_MMP08707727,0,0,0,Gamma-Other,99.64,RefGenome
MARD_SAMN08970161_REFG_MMP08970161,0,0,0,Alpha-Rhodobacter,99.72,RefGenome
MARD_SAMN09080319_REFG_MMP09080319,0,0,0,Alpha-Rhodobacter,99.14,RefGenome
MARD_SAMN09218204_REFG_MMP09218204,0,0,0,Gamma-Other,100,RefGenome
MARD_SAMN09228020_REFG_MMP09228020,1,1,1,Gamma-Other,100,RefGenome
MARD_SAMN06299115_REFG_MMP06299115,0,0,0,Gamma-Other,99.03,RefGenome
MARD_SAMN06299118_REFG_MMP06299118,0,0,0,Gamma-Other,98.82,RefGenome
MARD_SAMN08241739_REFG_MMP08241739,0,0,0,Gamma-Other,99.6,RefGenome
MARD_SAMN08886632_SAGS_MMP08886632,0,0,0,Cyano-Syn,77.96,SAG
MARD_SAMN08886667_SAGS_MMP08886667,0,0,0,Cyano-Pro,93.57,SAG
MARD_SAMN09041437_REFG_MMP09041437,1,1,1,Gamma-Other,98.75,RefGenome
MARD_SAMN09078458_REFG_MMP09078458,1,1,1,Bacteroidota,97.34,RefGenome
MARD_SAMEA3925393_REFG_MMP3925393,1,1,1,Gamma-Other,99.56,RefGenome
MARD_SAMN02212510_REFG_MMP02212510,1,1,1,Gamma-Other,100,RefGenome
MARD_SAMN02745667_REFG_MMP02745667,0,0,0,Alpha-Rhodobacter,99.54,RefGenome
MARD_SAMN02745912_REFG_MMP02745912,1,1,1,Firmicutes,100,RefGenome
MARD_SAMN04320385_REFG_MMP04320385,1,1,1,Gamma-Other,99.64,RefGenome
MARD_SAMN04320386_REFG_MMP04320386,1,1,1,Gamma-Other,99.64,RefGenome
MARD_SAMN04320390_REFG_MMP04320390,1,1,1,Gamma-Other,99.64,RefGenome
MARD_SAMN04320392_REFG_MMP04320392,1,1,1,Gamma-Other,99.64,RefGenome
MARD_SAMN04320395_REFG_MMP04320395,1,1,1,Gamma-Other,99.64,RefGenome
MARD_SAMN04320397_REFG_MMP04320397,1,1,1,Gamma-Other,99.64,RefGenome
MARD_SAMN04320399_REFG_MMP04320399,1,1,1,Gamma-Other,99.64,RefGenome
MARD_SAMN04320402_REFG_MMP04320402,1,1,1,Gamma-Other,99.64,RefGenome
MARD_SAMN04320405_REFG_MMP04320405,1,1,1,Gamma-Other,99.64,RefGenome
MARD_SAMN04320410_REFG_MMP04320410,1,1,1,Gamma-Other,99.64,RefGenome
MARD_SAMN04320411_REFG_MMP04320411,1,1,1,Gamma-Other,99.64,RefGenome
MARD_SAMN04320415_REFG_MMP04320415,1,1,1,Gamma-Other,99.64,RefGenome
MARD_SAMN04320416_REFG_MMP04320416,1,1,1,Gamma-Other,99.64,RefGenome
MARD_SAMN04320419_REFG_MMP04320419,1,1,1,Gamma-Other,99.64,RefGenome
MARD_SAMN04320427_REFG_MMP04320427,1,1,1,Gamma-Other,99.64,RefGenome
MARD_SAMN04570274_REFG_MMP04570274,1,1,1,Bacteroidota,94.66,RefGenome
MARD_SAMN05386387_REFG_MMP05386387,1,1,1,Gamma-Other,100,RefGenome
MARD_SAMN05505091_REFG_MMP05505091,1,1,1,Gamma-Other,99.86,RefGenome
MARD_SAMN05791069_REFG_MMP05791069,1,1,1,Gamma-Other,98.36,RefGenome
MARD_SAMN05824028_REFG_MMP05824028,1,1,1,Gamma-Other,99.21,RefGenome
MARD_SAMN05969900_REFG_MMP05969900,0,0,0,Alpha-Rhodobacter,99.34,RefGenome
MARD_SAMD00000384_REFG_MMP00000384,0,0,0,Gamma-Other,95.62,RefGenome
MARD_SAMD00000391_REFG_MMP00000391,1,1,1,Firmicutes,92.52,RefGenome
MARD_SAMD00000436_REFG_MMP00000436,0,0,0,Bacteria-Other,76.96,RefGenome
MARD_SAMD00000560_REFG_MMP00000560,1,1,1,Gamma-Other,96.3,RefGenome
MARD_SAMD00000561_REFG_MMP00000561,1,1,1,Gamma-Other,96.56,RefGenome
MARD_SAMD00004655_REFG_MMP00004655,1,1,1,Gamma-Other,99.56,RefGenome
MARD_SAMD00008838_REFG_MMP00008838,1,1,1,Firmicutes,96.64,RefGenome
MARD_SAMD00015726_REFG_MMP00015726,1,1,1,Gamma-Other,98.92,RefGenome
MARD_SAMD00016823_REFG_MMP00016823,1,1,1,Gamma-Other,96.3,RefGenome
MARD_SAMD00016824_REFG_MMP00016824,1,1,1,Gamma-Other,96.56,RefGenome
MARD_SAMD00017759_REFG_MMP00017759,0,0,0,Alpha-Other,100,RefGenome
MARD_SAMD00018681_REFG_MMP00018681,1,1,1,Gamma-Other,99.83,RefGenome
MARD_SAMD00019133_REFG_MMP00019133,1,1,1,Gamma-Other,100,RefGenome
MARD_SAMD00036659_REFG_MMP00036659,1,1,1,Gamma-Other,100,RefGenome
MARD_SAMD00036660_REFG_MMP00036660,1,1,1,Gamma-Other,100,RefGenome
MARD_SAMD00036661_REFG_MMP00036661,1,1,1,Gamma-Other,100,RefGenome
MARD_SAMD00046904_REFG_MMP00046904,1,1,1,Gamma-Other,99.5,RefGenome
MARD_SAMEA2272395_REFG_MMP2272395,1,1,1,Bacteroidota,98.56,RefGenome
MARD_SAMN03154506_REFG_MMP03154506,0,0,0,Archaea-Other,98.74,RefGenome
MARD_SAMD00019131_REFG_MMP00019131,1,1,1,Gamma-Other,100,RefGenome
MARD_SAMD00019142_REFG_MMP00019142,1,1,1,Gamma-Other,100,RefGenome
MARD_SAMD00028750_REFG_MMP00028750,0,0,0,Alpha-Other,99.54,RefGenome
MARD_SAMEA2272452_REFG_MMP2272452,0,0,0,Gamma-Other,100,RefGenome
MARD_SAMEA2591285_REFG_MMP2591285,1,1,1,Gamma-Other,99.94,RefGenome
MARD_SAMEA2591294_REFG_MMP2591294,1,1,1,Gamma-Other,99.92,RefGenome
MARD_SAMEA2591295_REFG_MMP2591295,1,1,1,Gamma-Other,99.94,RefGenome
MARD_SAMEA2591297_REFG_MMP2591297,1,1,1,Gamma-Other,99.94,RefGenome
MARD_SAMEA2591298_REFG_MMP2591298,1,1,1,Gamma-Other,99.94,RefGenome
MARD_SAMEA2591299_REFG_MMP2591299,1,1,1,Gamma-Other,100,RefGenome
MARD_SAMEA859855_REFG_MMP859855,1,1,1,Gamma-Other,99.64,RefGenome
MARD_SAMN00622969_REFG_MMP00622969,1,1,1,Firmicutes,98.3,RefGenome
MARD_SAMN02435854_REFG_MMP02435854,1,1,1,Gamma-Other,78.26,RefGenome
MARD_SAMN02436086_REFG_MMP02436086,1,1,1,Gamma-Other,99.86,RefGenome
MARD_SAMN02436126_REFG_MMP02436126,0,0,0,Alpha-Other,99.44,RefGenome
MARD_SAMN02436143_REFG_MMP02436143,1,1,1,Gamma-Other,97.78,RefGenome
MARD_SAMEA104692611_REFG_MMP104692611,0,0,0,Alpha-Rhodobacter,99.42,RefGenome
MARD_SAMEA3282972_REFG_MMP3282972,1,1,1,Gamma-Other,99.64,RefGenome
MARD_SAMN05418013_REFG_MMP05418013,1,1,1,Gamma-Other,100,RefGenome
MARD_SAMN05418019_REFG_MMP05418019,1,1,1,Gamma-Other,99.8,RefGenome
MARD_SAMN05418040_REFG_MMP05418040,1,1,1,Gamma-Other,99.94,RefGenome
MARD_SAMN05418058_REFG_MMP05418058,1,1,1,Gamma-Other,99.96,RefGenome
MARD_SAMN05418066_REFG_MMP05418066,1,1,1,Gamma-Other,99.8,RefGenome
MARD_SAMN05418087_REFG_MMP05418087,1,1,1,Gamma-Other,100,RefGenome
MARD_SAMN05418100_REFG_MMP05418100,1,1,1,Gamma-Other,100,RefGenome
MARD_SAMN05418105_REFG_MMP05418105,1,1,1,Gamma-Other,100,RefGenome
MARD_SAMN05418112_REFG_MMP05418112,1,1,1,Gamma-Other,99.97,RefGenome
MARD_SAMN05418121_REFG_MMP05418121,1,1,1,Gamma-Other,99.8,RefGenome
MARD_SAMN05418138_REFG_MMP05418138,1,1,1,Gamma-Other,99.87,RefGenome
MARD_SAMN05418165_REFG_MMP05418165,1,1,1,Gamma-Other,99.4,RefGenome
MARD_SAMN05418223_REFG_MMP05418223,1,1,1,Gamma-Other,99.94,RefGenome
MARD_SAMN05421843_REFG_MMP05421843,0,0,0,Alpha-Rhodobacter,99.34,RefGenome
MARD_SAMN05444343_REFG_MMP05444343,0,0,0,Bacteroidota,99.64,RefGenome
MARD_SAMN06133355_REFG_MMP06133355,1,1,1,Gamma-Other,99.9,RefGenome
MARD_SAMN06265217_REFG_MMP06265217,0,0,0,Bacteroidota,97.88,RefGenome
MARD_SAMN07344462_REFG_MMP07344462,1,1,1,Gamma-Other,99.75,RefGenome
MARD_SAMN07357117_REFG_MMP07357117,1,1,1,Gamma-Other,100,RefGenome
MARD_SAMN07626137_REFG_MMP07626137,0,0,0,Alpha-Other,98.92,RefGenome
MARD_SAMN07961448_REFG_MMP07961448,0,0,0,Gamma-Other,99,RefGenome
MARD_SAMN08769784_REFG_MMP08769784,1,1,1,Gamma-Other,100,RefGenome
MARD_SAMN09205056_REFG_MMP09205056,1,1,1,Gamma-Other,96.94,RefGenome
MARD_SAMN09710956_REFG_MMP09710956,1,1,1,Gamma-Other,100,RefGenome
MARD_SAMN09710958_REFG_MMP09710958,1,1,1,Gamma-Other,100,RefGenome
MARD_SAMN09710959_REFG_MMP09710959,1,1,1,Gamma-Other,100,RefGenome
MARD_SAMN09710960_REFG_MMP09710960,1,1,1,Gamma-Other,100,RefGenome
MARD_SAMN10233975_REFG_MMP10233975,1,1,1,Gamma-Other,100,RefGenome
MARD_SAMN10362856_REFG_MMP10362856,0,0,0,Alpha-Rhodobacter,98.73,RefGenome
MARD_SAMD00113762_REFG_MMP00113762,0,0,0,Chloroflexota,96.65,RefGenome
MARD_SAMEA4076716_REFG_MMP4076716,1,1,1,Actinobacteriota,96.62,RefGenome
MARD_SAMEA4707913_REFG_MMP4707913,0,0,0,Cyano-Syn,100,RefGenome
MARD_SAMN02927982_REFG_MMP02927982,0,0,0,Alpha-Other,98.92,RefGenome
MARD_SAMN02927985_REFG_MMP02927985,0,0,0,Alpha-Other,98.54,RefGenome
MARD_SAMN07375086_REFG_MMP07375086,1,1,1,Gamma-Other,100,RefGenome
MARD_SAMN07375275_REFG_MMP07375275,1,1,1,Gamma-Other,100,RefGenome
MARD_SAMN08204758_REFG_MMP08204758,1,1,1,Gamma-Other,100,RefGenome
MARD_SAMN08204774_REFG_MMP08204774,1,1,1,Gamma-Other,100,RefGenome
MARD_SAMN08770175_REFG_MMP08770175,0,0,0,Bacteroidota,98.75,RefGenome
MARD_SAMN09074856_REFG_MMP09074856,1,1,1,Gamma-Other,99.64,RefGenome
MARD_SAMN09269650_REFG_MMP09269650,0,0,0,Alpha-Rhodobacter,98.88,RefGenome
MARD_SAMN09425405_REFG_MMP09425405,1,1,1,Gamma-Other,99.64,RefGenome
MARD_SAMN09522135_REFG_MMP09522135,1,1,1,Alpha-Rhodobacter,99.34,RefGenome
MARD_SAMN09665230_REFG_MMP09665230,1,1,1,Gamma-Other,98.26,RefGenome
MARD_SAMN09700398_REFG_MMP09700398,1,1,1,Gamma-Other,99.42,RefGenome
MARD_SAMN09748093_REFG_MMP09748093,1,1,1,Gamma-Other,99.28,RefGenome
MARD_SAMN09767474_REFG_MMP09767474,0,0,0,Alpha-Other,98.52,RefGenome
MARD_SAMN09901140_REFG_MMP09901140,1,1,1,Firmicutes,99.3,RefGenome
MARD_SAMN09930779_REFG_MMP09930779,0,0,0,Alpha-Other,99.62,RefGenome
MARD_SAMN10058827_REFG_MMP10058827,0,0,0,Gamma-Other,100,RefGenome
MARD_SAMN10146989_REFG_MMP10146989,1,1,1,Bacteroidota,99.44,RefGenome
MARD_SAMN10284733_REFG_MMP10284733,1,1,1,Gamma-Other,100,RefGenome
MARD_SAMN10320203_REFG_MMP10320203,0,0,0,Gamma-Other,99.78,RefGenome
MARD_SAMN10397592_REFG_MMP10397592,1,1,1,Gamma-Other,99.56,RefGenome
MARD_SAMN10397593_REFG_MMP10397593,1,1,1,Gamma-Other,99.35,RefGenome
MARD_SAMN10397596_REFG_MMP10397596,1,1,1,Gamma-Other,99.56,RefGenome
MARD_SAMN02744035_REFG_MMP02744035,0,0,0,Alpha-Rhodobacter,98.94,RefGenome
MARD_SAMN03080594_REFG_MMP03080594,1,1,1,Bacteroidota,99.12,RefGenome
MARD_SAMN04487868_REFG_MMP04487868,0,0,0,Gamma-Other,99.64,RefGenome
MARD_SAMN04487963_REFG_MMP04487963,1,1,1,Gamma-Other,99.22,RefGenome
MARD_SAMN04487991_REFG_MMP04487991,1,1,1,Alpha-Rhodobacter,99.62,RefGenome
MARD_SAMN04488002_REFG_MMP04488002,0,0,0,Alpha-Rhodobacter,99.13,RefGenome
MARD_SAMN04488005_REFG_MMP04488005,0,0,0,Alpha-Rhodobacter,99.34,RefGenome
MARD_SAMN04488039_REFG_MMP04488039,0,0,0,Alpha-Rhodobacter,99.68,RefGenome
MARD_SAMN04488040_REFG_MMP04488040,1,1,1,Alpha-Rhodobacter,99.32,RefGenome
MARD_SAMN04488513_REFG_MMP04488513,0,0,0,Bacteroidota,99.12,RefGenome
MARD_SAMN04489724_REFG_MMP04489724,0,0,0,Bacteroidota,98.2,RefGenome
MARD_SAMN05216183_REFG_MMP05216183,1,1,1,Alpha-Rhodobacter,99.18,RefGenome
MARD_SAMN05421762_REFG_MMP05421762,1,1,1,Alpha-Rhodobacter,99.18,RefGenome
MARD_SAMN05444002_REFG_MMP05444002,0,0,0,Alpha-Rhodobacter,99.34,RefGenome
MARD_SAMN05444336_REFG_MMP05444336,1,1,1,Alpha-Rhodobacter,99.64,RefGenome
MARD_SAMN05444339_REFG_MMP05444339,0,0,0,Alpha-Rhodobacter,99.54,RefGenome
MARD_SAMN05444359_REFG_MMP05444359,1,1,1,Bacteroidota,98.78,RefGenome
MARD_SAMN05444415_REFG_MMP05444415,1,1,1,Alpha-Rhodobacter,99.42,RefGenome
MARD_SAMN05660971_REFG_MMP05660971,1,1,1,Gamma-Other,99.16,RefGenome
MARD_SAMD00036654_REFG_MMP00036654,1,1,1,Gamma-Other,99.86,RefGenome
MARD_SAMD00036656_REFG_MMP00036656,1,1,1,Gamma-Other,100,RefGenome
MARD_SAMD00050834_REFG_MMP00050834,1,1,1,Bacteroidota,99.3,RefGenome
MARD_SAMEA3312982_REFG_MMP3312982.1,0,0,0,Alpha-Rhodobacter,99.54,RefGenome
MARD_SAMEA3312982_REFG_MMP3312982.2,0,0,0,Alpha-Rhodobacter,99.54,RefGenome
MARD_SAMEA3393042_REFG_MMP3393042,0,0,0,Alpha-Rhodobacter,99.52,RefGenome
MARD_SAMEA3490732_REFG_MMP3490732,0,0,0,Alpha-Rhodobacter,98.55,RefGenome
MARD_SAMEA3529277_REFG_MMP3529277,0,0,0,Alpha-Rhodobacter,98.94,RefGenome
MARD_SAMEA3532031_REFG_MMP3532031,0,0,0,Alpha-Rhodobacter,99.16,RefGenome
MARD_SAMEA859932_REFG_MMP859932,1,1,1,Gamma-Other,99.64,RefGenome
MARD_SAMN02671321_SAGS_MMP02671321,0,0,0,Cyano-Pro,91.9,SAG
MARD_SAMN07327728_REFG_MMP07327728,1,1,1,Gamma-Other,100,RefGenome
TARA_SAMEA2622822_METAG_AEGEMICO,0,0,0,Archaea-Nitrosopumilaceae,87.94,MAG
TARA_SAMEA2620035_METAG_EPPMDGKI,0,0,0,Archaea-Other,79.58,MAG
MARD_SAMN08776247_REFG_MMP08776247,0,0,0,Gamma-Other,99.56,RefGenome
MARD_SAMN08984054_REFG_MMP08984054,1,1,1,Gamma-Other,99.99,RefGenome
MARD_SAMN08984057_REFG_MMP08984057,1,1,1,Gamma-Other,99.99,RefGenome
MARD_SAMN08984066_REFG_MMP08984066,1,1,1,Gamma-Other,99.76,RefGenome
MARD_SAMN08984067_REFG_MMP08984067,1,1,1,Gamma-Other,99.6,RefGenome
MARD_SAMN08984084_REFG_MMP08984084,1,1,1,Gamma-Other,100,RefGenome
MARD_SAMN09074957_REFG_MMP09074957,1,1,1,Gamma-Other,100,RefGenome
MARD_SAMN09083205_REFG_MMP09083205,1,1,1,Actinobacteriota,98.99,RefGenome
MARD_SAMN09236930_REFG_MMP09236930,1,1,1,Alpha-Other,99.3,RefGenome
MARD_SAMN09478215_REFG_MMP09478215,1,1,1,Alpha-Rhodobacter,99.7,RefGenome
MARD_SAMN09478228_REFG_MMP09478228,0,0,0,Alpha-Other,100,RefGenome
MARD_SAMN09531221_REFG_MMP09531221,1,1,1,Bacteroidota,99.14,RefGenome
MARD_SAMN09625553_REFG_MMP09625553,1,1,1,Firmicutes,99.67,RefGenome
MARD_SAMN09908144_REFG_MMP09908144,0,0,0,Alpha-Rhodobacter,99.49,RefGenome
MARD_SAMN04487765_REFG_MMP04487765,1,1,1,Bacteroidota,99.47,RefGenome
MARD_SAMN04487808_REFG_MMP04487808,1,1,1,Firmicutes,99.67,RefGenome
MARD_SAMN04487993_REFG_MMP04487993,0,0,0,Alpha-Rhodobacter,99.19,RefGenome
MARD_SAMN04488104_REFG_MMP04488104,1,1,1,Bacteroidota,99.28,RefGenome
MARD_SAMN04488136_REFG_MMP04488136,1,1,1,Gamma-Other,99.96,RefGenome
MARD_SAMN04489761_REFG_MMP04489761,1,1,1,Bacteroidota,99.06,RefGenome
TARA_SAMEA2619970_METAG_CMHMBNJG,0,0,0,Archaea-Other,77.02,MAG
MARD_SAMN05216290_REFG_MMP05216290,0,0,0,Bacteroidota,97.88,RefGenome
MARD_SAMN05216418_REFG_MMP05216418,1,1,1,Actinobacteriota,98.42,RefGenome
MARD_SAMN05216575_REFG_MMP05216575,1,1,1,Gamma-Other,99.92,RefGenome
MARD_SAMN05421636_REFG_MMP05421636,1,1,1,Bacteroidota,98.73,RefGenome
MARD_SAMN05421734_REFG_MMP05421734,1,1,1,Firmicutes,99.67,RefGenome
MARD_SAMN05421823_REFG_MMP05421823,1,1,1,Bacteroidota,98.1,RefGenome
MARD_SAMN05444340_REFG_MMP05444340,0,0,0,Alpha-Rhodobacter,99.4,RefGenome
MARD_SAMN08099983_REFG_MMP08099983,1,1,1,Bacteroidota,99.12,RefGenome
MARD_SAMN08100003_REFG_MMP08100003,1,1,1,Bacteroidota,99.12,RefGenome
MARD_SAMN08295223_REFG_MMP08295223,1,1,1,Gamma-Other,99.72,RefGenome
MARD_SAMN09279961_REFG_MMP09279961,1,1,1,Bacteroidota,99.46,RefGenome
MARD_SAMN05418053_REFG_MMP05418053,1,1,1,Gamma-Other,99.94,RefGenome
MARD_SAMN05418096_REFG_MMP05418096,1,1,1,Gamma-Other,99.92,RefGenome
MARD_SAMN05418117_REFG_MMP05418117,1,1,1,Gamma-Other,99.89,RefGenome
MARD_SAMN05418123_REFG_MMP05418123,1,1,1,Gamma-Other,99.84,RefGenome
MARD_SAMN05418136_REFG_MMP05418136,1,1,1,Gamma-Other,99.8,RefGenome
MARD_SAMN05418143_REFG_MMP05418143,1,1,1,Gamma-Other,99.94,RefGenome
MARD_SAMN05418191_REFG_MMP05418191,1,1,1,Gamma-Other,99.89,RefGenome
MARD_SAMN05418194_REFG_MMP05418194,1,1,1,Gamma-Other,99.94,RefGenome
MARD_SAMN05418209_REFG_MMP05418209,1,1,1,Gamma-Other,100,RefGenome
MARD_SAMN05418214_REFG_MMP05418214,1,1,1,Gamma-Other,100,RefGenome
MARD_SAMN05418216_REFG_MMP05418216,1,1,1,Gamma-Other,99.91,RefGenome
MARD_SAMN05418227_REFG_MMP05418227,1,1,1,Gamma-Other,99.87,RefGenome
MARD_SAMN05418228_REFG_MMP05418228,1,1,1,Gamma-Other,99.94,RefGenome
MARD_SAMN06133339_REFG_MMP06133339,1,1,1,Gamma-Other,99.86,RefGenome
MARD_SAMN07818924_REFG_MMP07818924,1,1,1,Gamma-Other,100,RefGenome
MARD_SAMN08166448_REFG_MMP08166448,1,1,1,Gamma-Other,100,RefGenome
MARD_SAMN08238100_REFG_MMP08238100,1,1,1,Gamma-Other,100,RefGenome
MARD_SAMN08238101_REFG_MMP08238101,1,1,1,Gamma-Other,100,RefGenome
MARD_SAMN08238104_REFG_MMP08238104,1,1,1,Gamma-Other,100,RefGenome
MARD_SAMN08329242_REFG_MMP08329242,1,1,1,Gamma-Other,100,RefGenome
MARD_SAMN08329243_REFG_MMP08329243,1,1,1,Gamma-Other,100,RefGenome
MARD_SAMN08329244_REFG_MMP08329244,1,1,1,Gamma-Other,100,RefGenome
MARD_SAMN08329245_REFG_MMP08329245,1,1,1,Gamma-Other,100,RefGenome
MARD_SAMN08329246_REFG_MMP08329246,1,1,1,Gamma-Other,100,RefGenome
MARD_SAMN08329247_REFG_MMP08329247,1,1,1,Gamma-Other,100,RefGenome
MARD_SAMN08329248_REFG_MMP08329248,1,1,1,Gamma-Other,100,RefGenome
MARD_SAMN08329249_REFG_MMP08329249,1,1,1,Gamma-Other,100,RefGenome
MARD_SAMN08329250_REFG_MMP08329250,1,1,1,Gamma-Other,100,RefGenome
MARD_SAMN08329251_REFG_MMP08329251,1,1,1,Gamma-Other,100,RefGenome
MARD_SAMN08329252_REFG_MMP08329252,1,1,1,Gamma-Other,100,RefGenome
MARD_SAMN08329253_REFG_MMP08329253,1,1,1,Gamma-Other,100,RefGenome
MARD_SAMN08329254_REFG_MMP08329254,1,1,1,Gamma-Other,100,RefGenome
MARD_SAMN08329255_REFG_MMP08329255,1,1,1,Gamma-Other,100,RefGenome
MARD_SAMN08329256_REFG_MMP08329256,1,1,1,Gamma-Other,100,RefGenome
MARD_SAMN08329257_REFG_MMP08329257,1,1,1,Gamma-Other,100,RefGenome
MARD_SAMN08329258_REFG_MMP08329258,1,1,1,Gamma-Other,100,RefGenome
MARD_SAMN08329259_REFG_MMP08329259,1,1,1,Gamma-Other,99.96,RefGenome
MARD_SAMN08329260_REFG_MMP08329260,1,1,1,Gamma-Other,100,RefGenome
MARD_SAMN08329261_REFG_MMP08329261,1,1,1,Gamma-Other,100,RefGenome
MARD_SAMN08329262_REFG_MMP08329262,1,1,1,Gamma-Other,100,RefGenome
MARD_SAMN08330083_REFG_MMP08330083,1,1,1,Gamma-Other,99.62,RefGenome
MARD_SAMN08330124_REFG_MMP08330124,1,1,1,Gamma-Other,99.83,RefGenome
MARD_SAMN08331699_REFG_MMP08331699,1,1,1,Gamma-Other,99.83,RefGenome
MARD_SAMN08331724_REFG_MMP08331724,1,1,1,Gamma-Other,99.83,RefGenome
TARA_SAMEA2621033_METAG_MEHJMBOM,0,0,0,Gamma-Other,90.96,MAG
TARA_SAMEA2621033_METAG_CHLDFFCB,0,0,0,Bacteroidota,94.11,MAG
TARA_SAMEA2622667_METAG_HAEIDMAL,0,0,0,Gamma-Other,81.7,MAG
TARA_SAMEA2622667_METAG_FODHHONE,0,0,0,Gamma-Other,81.57,MAG
TARA_SAMEA4396941_METAG_PIGFCADJ,1,1,1,Gamma-Other,99.35,MAG
TARA_SAMEA4396941_METAG_AAGOONDD,0,0,0,Alpha-Rhodobacter,78.92,MAG
TARA_SAMEA4396941_METAG_OOGPDHDP,0,0,0,Bacteria-Other,85.88,MAG
TARA_SAMEA4396941_METAG_HEIBHHHB,0,0,0,Alpha-Other,99.44,MAG
TARA_SAMEA4396941_METAG_CLHAFEDN,0,0,0,Gamma-Other,95.82,MAG
TARA_SAMEA4396941_METAG_EKBNELLO,1,1,1,Bacteroidota,82.7,MAG
TARA_SAMEA4396941_METAG_MBGPMJCM,0,0,0,Alpha-Rhodobacter,85.57,MAG
TARA_SAMEA4396941_METAG_NLILAFGO,1,1,1,Gamma-Other,93.84,MAG
TARA_SAMEA4396941_METAG_OIKHAKIF,0,0,0,Alpha-Rhodobacter,98.66,MAG
TARA_SAMEA4396941_METAG_HADKALDI,0,0,0,Alpha-Rhodobacter,75.34,MAG
TARA_SAMEA4396941_METAG_AAIBGDPM,0,0,0,Bacteroidota,96.17,MAG
TARA_SAMEA4396941_METAG_OPLEGJHE,0,0,0,Bacteroidota,97.8,MAG
TARA_SAMEA4396941_METAG_CIIPALPC,0,0,0,Alpha-Other,75.74,MAG
TARA_SAMEA4396941_METAG_OENFGICL,0,0,0,Bacteroidota,87.88,MAG
TARA_SAMEA4396941_METAG_AKJIGFEK,0,0,0,Gamma-Other,95.59,MAG
TARA_SAMEA4396941_METAG_NCLDMJBD,1,1,1,Gamma-Other,89.14,MAG
TARA_SAMEA4397174_METAG_MJABFAEM,0,0,0,Alpha-Other,98.59,MAG
TARA_SAMEA4397174_METAG_OEMLBLOH,1,1,1,Gamma-Other,92.44,MAG
TARA_SAMEA4397174_METAG_HFENLIFN,0,0,0,Gamma-Other,80.96,MAG
TARA_SAMEA4397174_METAG_JBNHJBAN,1,1,1,Alpha-Other,96.46,MAG
TARA_SAMEA4397174_METAG_KMIHOAAC,0,0,0,Gamma-Other,96.15,MAG
TARA_SAMEA4397174_METAG_JGGKHFGL,0,0,0,Alpha-Other,98.99,MAG
TARA_SAMEA4397174_METAG_EHJFDMGO,0,0,0,Gamma-Other,91.7,MAG
TARA_SAMEA2622843_METAG_OFHGMBOK,0,0,0,Alpha-Other,92.1,MAG
TARA_SAMEA2622843_METAG_LMNNKAIA,1,1,1,Gamma-Other,91.22,MAG
TARA_SAMEA2622837_METAG_NBGNEKPI,0,0,0,Archaea-Nitrosopumilaceae,81.41,MAG
TARA_SAMEA2622843_METAG_KNEGIENJ,0,0,0,Verrucomicrobiota,94.16,MAG
TARA_SAMEA2622843_METAG_FLHLFEND,0,0,0,Cyano-Pro,79.57,MAG
TARA_SAMEA2620360_METAG_FAODKFPB,0,0,0,Bacteroidota,99.28,MAG
TARA_SAMEA2620014_METAG_HDEGHCPL,1,1,1,Gamma-Other,97.6,MAG
TARA_SAMEA4397815_METAG_KFMEHIHM,0,0,0,Alpha-Other,85.06,MAG
TARA_SAMEA4397815_METAG_KENMEGKD,1,1,1,Gamma-Other,99.06,MAG
TARA_SAMEA4397815_METAG_FKGBJBKE,1,1,1,Gamma-Other,96.9,MAG
TARA_SAMEA4397815_METAG_IBMPHPDM,0,0,0,Bacteroidota,92.67,MAG
TARA_SAMEA4397815_METAG_NHJILJPF,0,0,0,Gamma-Other,87.44,MAG
TARA_SAMEA2622695_METAG_LDMPOLJG,0,0,0,Cyano-Pro,83.92,MAG
TARA_SAMEA2621003_METAG_OFKGPJMO,0,0,0,Planctomycetota,93.92,MAG
TARA_SAMEA2620039_METAG_PIJHEMFK,1,1,1,Gamma-Other,89.67,MAG
TARA_SAMEA2620039_METAG_DCIGMOMO,1,1,1,Alpha-Other,95.58,MAG
TARA_SAMEA2620039_METAG_FMHJPOBE,1,1,1,Gamma-Other,86.8,MAG
TARA_SAMEA2620039_METAG_OIEPFOGP,0,0,0,Bacteria-Other,88.78,MAG
BGEO_SAMN07136799_METAG_KHPCGMBF,0,0,0,Archaea-Nitrosopumilaceae,92.98,MAG
BATS_SAMN07137120_METAG_IGNAKKMM,0,0,0,Archaea-Nitrosopumilaceae,83.11,MAG
TARA_SAMEA4396489_METAG_INFMPJFH,1,1,1,Gamma-Other,94.24,MAG
TARA_SAMEA4396489_METAG_FIEAECCH,1,1,1,Gamma-Other,99.14,MAG
TARA_SAMEA4396489_METAG_FBEIFKAB,0,0,0,Alpha-Other,79.37,MAG
TARA_SAMEA4396489_METAG_GEGHDJAN,0,0,0,Alpha-Other,99.8,MAG
TARA_SAMEA4397295_METAG_GMGPPPEG,0,0,0,Gamma-Other,95.16,MAG
TARA_SAMEA4397295_METAG_JLEAAFNI,0,0,0,Alpha-Rhodobacter,85.46,MAG
TARA_SAMEA4397295_METAG_JKFNPPDB,0,0,0,Alpha-Other,91.83,MAG
TARA_SAMEA4397295_METAG_DLGELEBD,0,0,0,Gamma-Other,98.04,MAG
TARA_SAMEA4397295_METAG_PFKNFJML,1,1,1,Gamma-Other,81.66,MAG
TARA_SAMEA4397295_METAG_DFJEEKAM,0,0,0,Alpha-Other,98.28,MAG
TARA_SAMEA4397295_METAG_CBLMNNKN,0,0,0,Gamma-Other,75.71,MAG
TARA_SAMEA4397295_METAG_MLOPDMFJ,0,0,0,Gamma-Other,96.83,MAG
TARA_SAMEA4397295_METAG_GHOELJED,0,0,0,Gamma-Other,94.26,MAG
TARA_SAMEA4397295_METAG_IEJJFIAK,1,1,1,Bacteroidota,98.44,MAG
TARA_SAMEA4397295_METAG_DFNFENKD,0,0,0,Gamma-Other,100,MAG
TARA_SAMEA4397295_METAG_JBFHAIIM,0,0,0,Bacteroidota,98.12,MAG
TARA_SAMEA4397363_METAG_OMLLHMMO,0,0,0,Alpha-Other,99.44,MAG
TARA_SAMEA4397363_METAG_LHNIFELI,0,0,0,Gamma-Other,96.75,MAG
TARA_SAMEA4397363_METAG_IDONDPJC,0,0,0,Gamma-Other,98.85,MAG
TARA_SAMEA4397363_METAG_HPDCBDAL,0,0,0,Gamma-Other,98.62,MAG
TARA_SAMEA4397363_METAG_AJNBBCBC,1,1,1,Gamma-Other,98.68,MAG
TARA_SAMEA4397363_METAG_MMDIHOLP,1,1,1,Bacteroidota,87.23,MAG
TARA_SAMEA4397363_METAG_CLNGJDJI,1,1,1,Bacteroidota,97.56,MAG
TARA_SAMEA4397363_METAG_PMMFCDAM,0,0,0,Bacteroidota,95.15,MAG
TARA_SAMEA4397363_METAG_IBOEOEGG,1,1,1,Gamma-Other,90.42,MAG
TARA_SAMEA4397666_METAG_OJJBLIBD,0,0,0,Gamma-Other,94.84,MAG
TARA_SAMEA4397666_METAG_GAJLKJOH,0,0,0,Alpha-Other,82.98,MAG
TARA_SAMEA4397666_METAG_AMFGMDJG,0,0,0,Gamma-Other,75.2,MAG
TARA_SAMEA2621107_METAG_JFHJPGDA,1,1,1,Gamma-Other,96.48,MAG
TARA_SAMEA2621107_METAG_OFBLMKIA,1,1,1,Gamma-Other,83.88,MAG
TARA_SAMEA2621107_METAG_MEPJHCIK,0,0,0,Alpha-Rhodobacter,87.42,MAG
TARA_SAMEA2621107_METAG_ECPGMINP,1,1,1,Gamma-Other,90.34,MAG
TARA_SAMEA4397722_METAG_FAOPMNHL,1,1,1,Bacteroidota,96.81,MAG
TARA_SAMEA4397722_METAG_IFAMFHPI,0,0,0,Alpha-Other,98.08,MAG
TARA_SAMEA4397722_METAG_CFNOIEPD,0,0,0,Gamma-Other,97.79,MAG
TARA_SAMEA4397722_METAG_CFKBMDCB,1,1,1,Gamma-Other,84.79,MAG
TARA_SAMEA4397409_METAG_JKOOAGJI,1,1,1,Gamma-Other,99.5,MAG
TARA_SAMEA4397409_METAG_BJMPBNEB,1,1,1,Bacteroidota,95.54,MAG
TARA_SAMEA4397409_METAG_CBHOJBLG,0,0,0,Bacteroidota,90.61,MAG
TARA_SAMEA4397409_METAG_KPGCMJHM,1,1,1,Gamma-Other,93.38,MAG
TARA_SAMEA4397409_METAG_PELODJGM,0,0,0,Gamma-Other,97.71,MAG
TARA_SAMEA2622764_METAG_ALMLMAMN,0,0,0,Alpha-Other,98.41,MAG
TARA_SAMEA2622737_METAG_DJAOPDEJ,0,0,0,Alpha-Other,96.55,MAG
TARA_SAMEA2622737_METAG_GCHMEJCJ,0,0,0,Gamma-Other,91.48,MAG
TARA_SAMEA4397627_METAG_NJBILOFJ,0,0,0,Alpha-Rhodobacter,85.58,MAG
TARA_SAMEA4397627_METAG_BNCPLGHP,0,0,0,Gamma-Other,78.21,MAG
TARA_SAMEA4397627_METAG_NPFBMMNH,1,1,1,Gamma-Other,99.04,MAG
TARA_SAMEA4397627_METAG_PGIKIKEJ,1,1,1,Gamma-Other,88.54,MAG
TARA_SAMEA4397627_METAG_PPLBLGBC,1,1,1,Bacteroidota,92.81,MAG
TARA_SAMEA2620879_METAG_BPIKPDHH,1,1,1,Gamma-Other,91.78,MAG
TARA_SAMEA4396515_METAG_PIFMPKCH,1,1,1,Gamma-Other,99.78,MAG
TARA_SAMEA4396515_METAG_GBPKHNMJ,0,0,0,Bacteroidota,98.92,MAG
TARA_SAMEA4396515_METAG_BDDKCIAH,0,0,0,Alpha-Rhodobacter,96.01,MAG
TARA_SAMEA4396515_METAG_ADNJBJOC,0,0,0,Bacteroidota,99.62,MAG
TARA_SAMEA2619815_METAG_MJBMGOIA,0,0,0,Gamma-Other,100,MAG
TARA_SAMEA2619815_METAG_ECBPGHIA,0,0,0,Gamma-Other,92.14,MAG
TARA_SAMEA2623403_METAG_NLMHLFLJ,0,0,0,Bacteroidota,95.7,MAG
TARA_SAMEA4398111_METAG_AABMDEGJ,1,1,1,Gamma-Other,99.05,MAG
TARA_SAMEA4398111_METAG_JEHKNIFP,1,1,1,Gamma-Other,96.22,MAG
TARA_SAMEA4398111_METAG_HKLDNABC,0,0,0,Alpha-Other,98.96,MAG
TARA_SAMEA4398193_METAG_CMGAPHLK,0,0,0,Alpha-Other,99.53,MAG
TARA_SAMEA2622763_METAG_DDDNMJLC,0,0,0,Gamma-Other,78.54,MAG
TARA_SAMEA2620824_METAG_CHMCGJIA,0,0,0,Actinobacteriota,83.04,MAG
TARA_SAMEA2620824_METAG_JCBAOKPC,0,0,0,Alpha-Other,81.65,MAG
TARA_SAMEA2620824_METAG_CHHCDFBL,0,0,0,Alpha-Rhodobacter,79.04,MAG
TARA_SAMEA2620824_METAG_OAGJFFDB,0,0,0,Alpha-Other,81.72,MAG
TARA_SAMEA2620663_METAG_HDLDFHPP,0,0,0,Alpha-Other,94.51,MAG
TARA_SAMEA4398083_METAG_OINEHICL,1,1,1,Bacteroidota,87.32,MAG
TARA_SAMEA4398083_METAG_DHNFCCFC,0,0,0,Alpha-Other,99.53,MAG
TARA_SAMEA2622112_METAG_MLEFJOOD,0,0,0,Alpha-Rhodobacter,96.14,MAG
TARA_SAMEA4398027_METAG_IJJNLOIG,1,1,1,Gamma-Other,86.94,MAG
TARA_SAMEA4398027_METAG_MGHCAAGB,0,0,0,Bacteroidota,96.06,MAG
TARA_SAMEA4398027_METAG_JFPJLACK,1,1,1,Bacteroidota,89.42,MAG
TARA_SAMEA4398027_METAG_BKLIPBOK,0,0,0,Bacteroidota,99.28,MAG
TARA_SAMEA4398027_METAG_DILHFPOM,0,0,0,Alpha-Other,99.53,MAG
TARA_SAMEA2621229_METAG_LADBHJDI,1,1,1,Alpha-Other,91.9,MAG
TARA_SAMEA2621101_METAG_BHEBGKFO,0,0,0,Chloroflexota,92.82,MAG
TARA_SAMEA2620925_METAG_PJFGBEAD,1,1,1,Gamma-Other,89.6,MAG
TARA_SAMEA2620094_METAG_EKBCJFPL,0,0,0,Bacteroidota,99.28,MAG
TARA_SAMEA2621213_METAG_AAEJBNEG,1,1,1,Actinobacteriota,94.7,MAG
TARA_SAMEA2621213_METAG_AAEHPKID,1,1,1,Alpha-Other,91.9,MAG
TARA_SAMEA4398238_METAG_BBIMKEDM,0,0,0,Gamma-Other,97,MAG
TARA_SAMEA4398238_METAG_IECFNHJI,0,0,0,Alpha-Other,99.53,MAG
TARA_SAMEA4398238_METAG_OLFMOBML,1,1,1,Gamma-Other,96.82,MAG
TARA_SAMEA4398238_METAG_GONOIKHO,1,1,1,Alpha-Other,97.09,MAG
TARA_SAMEA4398238_METAG_DNLLMKCP,1,1,1,Bacteroidota,97.34,MAG
TARA_SAMEA4398238_METAG_NNMHFKGB,0,0,0,Alpha-Other,99.24,MAG
TARA_SAMEA4398238_METAG_MKMOEGDP,0,0,0,Gamma-Other,98.96,MAG
TARA_SAMEA4398238_METAG_AIJMAKNN,0,0,0,Alpha-Rhodobacter,98.88,MAG
TARA_SAMEA4398238_METAG_EBANCAMO,1,1,1,Bacteroidota,94.38,MAG
TARA_SAMEA4398238_METAG_DLDHKFBO,0,0,0,Gamma-Other,94.56,MAG
TARA_SAMEA4398238_METAG_IKIBGFFM,0,0,0,Alpha-Other,78.6,MAG
TARA_SAMEA4398168_METAG_JFHBEBDI,1,1,1,Bacteroidota,88.21,MAG
TARA_SAMEA4398168_METAG_DPKPLMFD,0,0,0,Alpha-Other,99.53,MAG
TARA_SAMEA4398168_METAG_GNFNAGEB,1,1,1,Gamma-Other,80.18,MAG
TARA_SAMEA4398168_METAG_AFIMNHLL,1,1,1,Bacteroidota,87.96,MAG
TARA_SAMEA4397023_METAG_FDKPDAPF,1,1,1,Bacteroidota,85.19,MAG
TARA_SAMEA4397023_METAG_CCLBJDHA,0,0,0,Gamma-Other,97.28,MAG
TARA_SAMEA4397023_METAG_CDAJJLGH,1,1,1,Gamma-Other,96.42,MAG
TARA_SAMEA4397023_METAG_LGIEEMAO,0,0,0,Bacteroidota,98.62,MAG
TARA_SAMEA4397023_METAG_JLGFKGBK,0,0,0,Bacteroidota,96.57,MAG
TARA_SAMEA4397023_METAG_JAGPMDEB,1,1,1,Gamma-Other,98.88,MAG
TARA_SAMEA4397023_METAG_GLMDEDKP,0,0,0,Alpha-Other,91.73,MAG
TARA_SAMEA4397023_METAG_ANAEGKPA,0,0,0,Alpha-Rhodobacter,79.55,MAG
TARA_SAMEA4397023_METAG_DPNJCNNI,1,1,1,Bacteroidota,93.14,MAG
TARA_SAMEA4397023_METAG_BIAHDCHN,1,1,1,Bacteroidota,91.23,MAG
TARA_SAMEA2619992_METAG_EHILDEDD,0,0,0,Alpha-Rhodobacter,98.08,MAG
TARA_SAMEA2619625_METAG_IHHGDKNJ,0,0,0,Alpha-Other,86.31,MAG
TARA_SAMEA2622821_METAG_EGDJJKOF,0,0,0,Gamma-Other,97.56,MAG
TARA_SAMEA2622821_METAG_NHJIMNDA,1,1,1,Gamma-Other,77.72,MAG
TARA_SAMEA2622800_METAG_LFLMEILA,0,0,0,Bacteria-Other,77.07,MAG
TARA_SAMEA2622800_METAG_EBDDKJPO,0,0,0,Gamma-Other,100,MAG
TARA_SAMEA4398387_METAG_PJCAPIMO,0,0,0,Alpha-Other,82.34,MAG
TARA_SAMEA4398387_METAG_GHIDNKEH,1,1,1,Gamma-Other,99.46,MAG
TARA_SAMEA4398387_METAG_PMBGJHFE,1,1,1,Bacteroidota,85.44,MAG
TARA_SAMEA4398387_METAG_PKNKNMNH,1,1,1,Gamma-Other,79.31,MAG
TARA_SAMEA4398387_METAG_PBBIBPIA,1,1,1,Gamma-Other,98.04,MAG
TARA_SAMEA4398387_METAG_IBMMFFJE,1,1,1,Planctomycetota,87.35,MAG
TARA_SAMEA4398387_METAG_MKDFJCJD,1,1,1,Gamma-Other,95.94,MAG
TARA_SAMEA4398387_METAG_KMMIBDKE,0,0,0,Alpha-Other,98.89,MAG
TARA_SAMEA4398387_METAG_FOCKOCJP,0,0,0,Alpha-Other,99.53,MAG
TARA_SAMEA4397536_METAG_IJGEPACM,0,0,0,Alpha-Other,99.53,MAG
TARA_SAMEA4397536_METAG_HCCKAIAO,1,1,1,Gamma-Other,80.24,MAG
TARA_SAMEA4397536_METAG_GGPDDDEL,1,1,1,Bacteroidota,98.74,MAG
TARA_SAMEA4397536_METAG_HNEHFNIH,0,0,0,Gamma-Other,94.76,MAG
TARA_SAMEA2620980_METAG_DLEMJNFF,0,0,0,Alpha-Rhodobacter,98,MAG
TARA_SAMEA2620980_METAG_LAEKGEHP,0,0,0,Alpha-Rhodobacter,98.71,MAG
TARA_SAMEA4397051_METAG_OOEHBLAD,0,0,0,Alpha-Rhodobacter,98.55,MAG
TARA_SAMEA4397051_METAG_CDLOKLHE,1,1,1,Gamma-Other,79.18,MAG
TARA_SAMEA4397051_METAG_DLEGBIKK,1,1,1,Gamma-Other,96.74,MAG
TARA_SAMEA2620120_METAG_DONBMIKB,0,0,0,Bacteroidota,90.64,MAG
TARA_SAMEA2620120_METAG_CANACJJB,1,1,1,Gamma-Other,99.28,MAG
TARA_SAMEA2620120_METAG_JANFAAED,0,0,0,Gamma-Other,91.02,MAG
TARA_SAMEA2620812_METAG_BJILOBGI,0,0,0,Alpha-Rhodobacter,83.18,MAG
TARA_SAMEA2620812_METAG_FNCPAIPI,0,0,0,Alpha-Other,98.77,MAG
TARA_SAMEA2620668_METAG_AACKOALD,0,0,0,Bacteroidota,99.28,MAG
TARA_SAMEA2620668_METAG_JADNKOCL,1,1,1,Actinobacteriota,93.78,MAG
GORG_SAMEA6075888_SAGS_AG414B09,0,0,0,Archaea-Nitrosopumilaceae,77.59,SAG
TARA_SAMEA2621076_METAG_JJMNOABK,1,1,1,Verrucomicrobiota,95.4,MAG
TARA_SAMEA2622765_METAG_DHJAKLCE,0,0,0,Alpha-Other,97.89,MAG
TARA_SAMEA2622765_METAG_KBILLEND,0,0,0,Gamma-Other,96.22,MAG
TARA_SAMEA4397948_METAG_NHLGMPKF,0,0,0,Alpha-Other,99.53,MAG
TARA_SAMEA4397948_METAG_FJPCIEMI,0,0,0,Bacteroidota,92.04,MAG
TARA_SAMEA4397948_METAG_BNMPBJDB,0,0,0,Alpha-Other,99.18,MAG
TARA_SAMEA2622822_METAG_FDHJGNPO,1,1,1,Gamma-Other,90.36,MAG
TARA_SAMEA2622822_METAG_HKOBEFIG,0,0,0,Gamma-Other,90.42,MAG
TARA_SAMEA2619974_METAG_LDOJPJKM,0,0,0,Gamma-Other,95.04,MAG
TARA_SAMEA2620991_METAG_NLDPPCEE,0,0,0,Bacteroidota,88.36,MAG
TARA_SAMEA2622685_METAG_NEJJHIOK,0,0,0,Alpha-Other,98.74,MAG
TARA_SAMEA2622685_METAG_MBJKPIAI,0,0,0,Gamma-Other,88.88,MAG
TARA_SAMEA4398360_METAG_EJCEBJIF,0,0,0,Alpha-Rhodobacter,88.68,MAG
TARA_SAMEA4398360_METAG_MHKMMONG,0,0,0,Alpha-Other,79.7,MAG
TARA_SAMEA4398360_METAG_FEKEFDEP,0,0,0,Gamma-Other,92.62,MAG
TARA_SAMEA4398360_METAG_ACMIDIDC,0,0,0,Alpha-Other,99.53,MAG
TARA_SAMEA4398360_METAG_NNEHDLAJ,0,0,0,Alpha-Other,99.64,MAG
TARA_SAMEA4398360_METAG_KCNEADHP,0,0,0,Gamma-Other,88.04,MAG
TARA_SAMEA2621548_METAG_PKNPPHAL,0,0,0,Alpha-Rhodobacter,90.5,MAG
TARA_SAMEA4398266_METAG_KLOMINHN,1,1,1,Bacteroidota,99.12,MAG
TARA_SAMEA4398266_METAG_HOAHKCOD,0,0,0,Alpha-Other,99.53,MAG
TARA_SAMEA4398266_METAG_LMMBHNFN,1,1,1,Gamma-Other,92.28,MAG
TARA_SAMEA4398266_METAG_ABDIENDO,1,1,1,Gamma-Other,99.96,MAG
TARA_SAMEA4398432_METAG_MIGMLPHB,0,0,0,Alpha-Other,99.32,MAG
TARA_SAMEA4398432_METAG_OFKKBAMD,1,1,1,Gamma-Other,95.8,MAG
TARA_SAMEA4398432_METAG_MGKICFLD,1,1,1,Alpha-Rhodobacter,91.06,MAG
TARA_SAMEA4398432_METAG_PLCIALDG,0,0,0,Gamma-Other,90.36,MAG
TARA_SAMEA2621222_METAG_AEHFOHHD,1,1,1,Actinobacteriota,97.86,MAG
TARA_SAMEA4397330_METAG_AKOOJBND,1,1,1,Gamma-Other,89.8,MAG
TARA_SAMEA4397330_METAG_ONJLDILD,0,0,0,Actinobacteriota,90.34,MAG
TARA_SAMEA4397330_METAG_EPPFJKHD,0,0,0,Alpha-Other,99.14,MAG
TARA_SAMEA4397330_METAG_HLFCHFMP,1,1,1,Gamma-Other,99.72,MAG
TARA_SAMEA4397330_METAG_AFKOBOMF,1,1,1,Bacteroidota,98.9,MAG
TARA_SAMEA4397330_METAG_DLAKABPD,1,1,1,Bacteroidota,98.75,MAG
TARA_SAMEA4397330_METAG_BNOLGDGH,0,0,0,Alpha-Other,96.98,MAG
TARA_SAMEA4397586_METAG_EOGAAMKG,0,0,0,Alpha-Other,75.03,MAG
TARA_SAMEA4397586_METAG_NMBCHNOJ,0,0,0,Alpha-Other,99.16,MAG
TARA_SAMEA4397586_METAG_IGALKGMI,0,0,0,Alpha-Rhodobacter,98.36,MAG
TARA_SAMEA4397586_METAG_JNKJFCKL,1,1,1,Gamma-Other,86.79,MAG
TARA_SAMEA4397586_METAG_AALDNBDA,1,1,1,Gamma-Other,99.64,MAG
TARA_SAMEA4397586_METAG_DHBKNKAI,1,1,1,Gamma-Other,85.55,MAG
TARA_SAMEA4397586_METAG_GHEFKAMH,1,1,1,Gamma-Other,81.8,MAG
TARA_SAMEA2622696_METAG_MPKBNFFE,0,0,0,Gamma-Other,98.83,MAG
TARA_SAMEA2622696_METAG_BAOOJBHG,0,0,0,Cyano-Pro,88.71,MAG
TARA_SAMEA2620256_METAG_KDIHCGKE,0,0,0,Alpha-Other,95.73,MAG
TARA_SAMEA2620256_METAG_FDNBDMJL,1,1,1,Gamma-Other,94.78,MAG
TARA_SAMEA4397489_METAG_NCPEBONE,0,0,0,Alpha-Other,81.26,MAG
TARA_SAMEA4397489_METAG_FLBNDNPC,1,1,1,Bacteroidota,89.78,MAG
TARA_SAMEA4397489_METAG_CNDAACNP,1,1,1,Bacteroidota,95.26,MAG
TARA_SAMEA4397489_METAG_EFBOLIKB,0,0,0,Gamma-Other,100,MAG
TARA_SAMEA4397489_METAG_NIGNMMPI,1,1,1,Gamma-Other,95.08,MAG
TARA_SAMEA4397489_METAG_FNDMBMHG,1,1,1,Bacteroidota,92.52,MAG
TARA_SAMEA4397489_METAG_PJKGBEKD,0,0,0,Bacteroidota,92.84,MAG
TARA_SAMEA2619747_METAG_EHNOMLCN,0,0,0,Bacteroidota,89.85,MAG
TARA_SAMEA2620384_METAG_BGLIODMN,0,0,0,Alpha-Other,91.12,MAG
TARA_SAMEA2620384_METAG_KNFDGPKC,0,0,0,Alpha-Other,99.48,MAG
TARA_SAMEA2620384_METAG_GDNNHIFL,0,0,0,Bacteroidota,97.53,MAG
TARA_SAMEA2620967_METAG_PFAAIKDN,0,0,0,Gamma-Other,94.04,MAG
TARA_SAMEA2620967_METAG_KEADIBHP,1,1,1,Gamma-Other,92.26,MAG
TARA_SAMEA2621502_METAG_CPABLBNG,0,0,0,Gamma-Other,76.44,MAG
TARA_SAMEA2621502_METAG_IANPGGNM,0,0,0,Bacteroidota,96.41,MAG
TARA_SAMEA2619854_METAG_LEKGDMEI,0,0,0,Gamma-Other,94,MAG
TARA_SAMEA2621044_METAG_DCGBDOFF,1,1,1,Bacteroidota,80.37,MAG
TARA_SAMEA2619888_METAG_DIFDLMKJ,1,1,1,Gamma-Other,99.51,MAG
TARA_SAMEA2619903_METAG_EBKKDKBB,0,0,0,Bacteroidota,97.44,MAG
TARA_SAMEA2621528_METAG_EBFMECCI,0,0,0,Bacteroidota,92.04,MAG
TARA_SAMEA2621528_METAG_HFEPAIBP,0,0,0,Gamma-Other,96.44,MAG
TARA_SAMEA2621528_METAG_EIMBEHHP,0,0,0,Gamma-Other,86.3,MAG
TARA_SAMEA2621528_METAG_GNGMLFPE,0,0,0,Alpha-Rhodobacter,95.44,MAG
TARA_SAMEA4396988_METAG_EAMMHGMG,0,0,0,Alpha-Other,84.38,MAG
TARA_SAMEA4396988_METAG_NNJBECKO,1,1,1,Bacteroidota,82.16,MAG
TARA_SAMEA4396988_METAG_DIGDJNNL,1,1,1,Gamma-Other,91,MAG
TARA_SAMEA4396988_METAG_PEDGLOAG,1,1,1,Gamma-Other,99.35,MAG
TARA_SAMEA2621191_METAG_MJDMCHJO,0,0,0,Alpha-Other,99.68,MAG
TARA_SAMEA4397445_METAG_DEAGEKMG,0,0,0,Bacteroidota,82.02,MAG
TARA_SAMEA4397445_METAG_GIPEALJA,0,0,0,Bacteroidota,96.88,MAG
TARA_SAMEA4397445_METAG_AIAEOEKP,0,0,0,Gamma-Other,97.62,MAG
TARA_SAMEA4397445_METAG_BCDLPCKD,0,0,0,Bacteroidota,82.15,MAG
TARA_SAMEA4397445_METAG_GHHKGMCP,0,0,0,Alpha-Rhodobacter,96.94,MAG
TARA_SAMEA4397445_METAG_CBMDFEFF,0,0,0,Gamma-Other,85.1,MAG
TARA_SAMEA4397445_METAG_OIJNNMDI,0,0,0,Verrucomicrobiota,88.2,MAG
TARA_SAMEA4397445_METAG_CHDHEFAE,0,0,0,Alpha-Rhodobacter,98.09,MAG
TARA_SAMEA4397445_METAG_DJDBGKJJ,0,0,0,Alpha-Other,93.72,MAG
TARA_SAMEA4397445_METAG_KNLEEKAB,1,1,1,Bacteroidota,98.75,MAG
TARA_SAMEA4397445_METAG_JDEGCGLB,1,1,1,Alpha-Other,95.26,MAG
TARA_SAMEA4397445_METAG_GMEBPIMC,0,0,0,Gamma-Other,83.79,MAG
TARA_SAMEA4397445_METAG_FHGNKODE,0,0,0,Gamma-Other,75.62,MAG
TARA_SAMEA4397445_METAG_NJDIOBDK,0,0,0,Alpha-Other,99.62,MAG
TARA_SAMEA2620053_METAG_DLLGMLLJ,1,1,1,Gamma-Other,89.21,MAG
TARA_SAMEA2620053_METAG_IMGPCKKG,0,0,0,Gamma-Other,98.5,MAG
TARA_SAMEA4398315_METAG_BPOPHJHL,0,0,0,Alpha-Rhodobacter,94.37,MAG
TARA_SAMEA4398315_METAG_BJAKHDDB,0,0,0,Alpha-Other,98.11,MAG
TARA_SAMEA4398315_METAG_ANIFHKHO,0,0,0,Gamma-Other,92.46,MAG
TARA_SAMEA4398315_METAG_EBCFJELJ,0,0,0,Alpha-Other,78.18,MAG
TARA_SAMEA4398315_METAG_POBJPKPL,0,0,0,Alpha-Other,91.84,MAG
TARA_SAMEA4398315_METAG_PGGOGEDK,1,1,1,Gamma-Other,75.47,MAG
TARA_SAMEA4398315_METAG_IKMBHIOE,0,0,0,Bacteroidota,97.9,MAG
TARA_SAMEA4398315_METAG_BKPOIDCN,0,0,0,Alpha-Other,93.85,MAG
TARA_SAMEA4398315_METAG_MIGMCLDG,0,0,0,Alpha-Other,99.53,MAG
TARA_SAMEA4398315_METAG_KFFLLMFO,1,1,1,Gamma-Other,97.56,MAG
TARA_SAMEA4398315_METAG_PBOOGFGD,1,1,1,Gamma-Other,80.24,MAG
TARA_SAMEA4398315_METAG_JIDPDINC,1,1,1,Gamma-Other,80.1,MAG
TARA_SAMEA4398315_METAG_CICABPDB,0,0,0,Alpha-Rhodobacter,95.29,MAG
TARA_SAMEA2622736_METAG_DIOOGNDP,1,1,1,Gamma-Other,97.94,MAG
TARA_SAMEA4397920_METAG_ABHPMBCP,0,0,0,Gamma-Other,89.76,MAG
TARA_SAMEA4397920_METAG_HMEDABHJ,1,1,1,Alpha-Rhodobacter,82.26,MAG
TARA_SAMEA4397920_METAG_MADNENDE,0,0,0,Gamma-Other,90.5,MAG
TARA_SAMEA4397920_METAG_PJADDPIH,0,0,0,Alpha-Other,89.4,MAG
TARA_SAMEA4397920_METAG_BGAOHGBK,0,0,0,Alpha-Other,93.09,MAG
TARA_SAMEA4397920_METAG_PIPKNLNE,0,0,0,Alpha-Other,81.47,MAG
TARA_SAMEA4397920_METAG_LIHEJCMK,0,0,0,Gamma-Other,82.88,MAG
TARA_SAMEA4397920_METAG_DNIDHFPG,0,0,0,Alpha-Other,99.03,MAG
TARA_SAMEA2619950_METAG_FLGJLIOD,1,1,1,Gamma-Other,90.42,MAG
TARA_SAMEA2622841_METAG_JCAEBLCG,1,1,1,Gamma-Other,96.12,MAG
TARA_SAMEA2621295_METAG_JFLCCKIL,1,1,1,Bacteroidota,96.26,MAG
TARA_SAMEA2622716_METAG_MHHBCNFD,1,1,1,Planctomycetota,94.84,MAG
MARD_SAMN02851527_SAGS_MMP02851527,0,0,0,Archaea-Nitrosopumilaceae,84.53,SAG
MARD_SAMN02854326_SAGS_MMP02854326,0,0,0,Archaea-Nitrosopumilaceae,79.27,SAG
TARA_SAMEA2622716_METAG_FCPPLOOE,0,0,0,Alpha-Other,98.54,MAG
MARD_SAMN02869596_SAGS_MMP02869596,0,0,0,Archaea-Nitrosopumilaceae,82.95,SAG
MARD_SAMN02869648_SAGS_MMP02869648,0,0,0,Archaea-Nitrosopumilaceae,96.6,SAG
TARA_SAMEA2622715_METAG_MOCPPJEA,0,0,0,Alpha-Other,92.96,MAG
MARD_SAMN02469589_REFG_MMP02469589,0,0,0,Archaea-Nitrosopumilaceae,94.36,RefGenome
MARD_SAMN02471010_REFG_MMP02471010,0,0,0,Archaea-Nitrosopumilaceae,96.87,RefGenome
TARA_SAMEA2620947_METAG_GFHKLJJK,1,1,1,Gamma-Other,91.3,MAG
TARA_SAMEA2620947_METAG_AEFPPACM,1,1,1,Gamma-Other,99.24,MAG
TARA_SAMEA2622823_METAG_GGEKDAAF,1,1,1,Gamma-Other,76.36,MAG
TARA_SAMEA2622823_METAG_JCPPHIJO,0,0,0,Gamma-Other,80.34,MAG
TARA_SAMEA2622823_METAG_KJDALBOO,0,0,0,Acidobacteriota,97.78,MAG
TARA_SAMEA2622823_METAG_FBOGAHJJ,0,0,0,Verrucomicrobiota,97.88,MAG
TARA_SAMEA2622823_METAG_CMDHGKGK,0,0,0,Gamma-Other,87.84,MAG
TARA_SAMEA2622823_METAG_PECEPINN,0,0,0,Acidobacteriota,94.78,MAG
TARA_SAMEA2622823_METAG_KADFMIEB,0,0,0,Verrucomicrobiota,83.93,MAG
TARA_SAMEA2622823_METAG_NBJBKFCL,1,1,1,Gamma-Other,86.27,MAG
TARA_SAMEA4397118_METAG_DICAGIIG,0,0,0,Bacteroidota,98.92,MAG
TARA_SAMEA4397118_METAG_JLGHNKAL,1,1,1,Alpha-Other,83.95,MAG
TARA_SAMEA4397118_METAG_CDEACHMB,0,0,0,Gamma-Other,96.38,MAG
TARA_SAMEA4397118_METAG_LDCBLIPN,0,0,0,Alpha-Other,96.56,MAG
TARA_SAMEA4397118_METAG_PAOBMCEM,1,1,1,Gamma-Other,95.02,MAG
TARA_SAMEA4397118_METAG_NJFDPKPL,0,0,0,Alpha-Rhodobacter,86.35,MAG
TARA_SAMEA4397118_METAG_DAPHGPDF,0,0,0,Gamma-Other,91.5,MAG
TARA_SAMEA4397118_METAG_MMEMDPFH,0,0,0,Gamma-Other,84.1,MAG
TARA_SAMEA4397118_METAG_HIMADFCP,0,0,0,Alpha-Rhodobacter,90.32,MAG
TARA_SAMEA2623327_METAG_BDJHNBNE,0,0,0,Alpha-Rhodobacter,85.31,MAG
TARA_SAMEA2621300_METAG_GGKHKFLB,0,0,0,Bacteroidota,97.78,MAG
TARA_SAMEA2621300_METAG_EPPGOMCI,0,0,0,Gamma-Other,78.3,MAG
TARA_SAMEA2621300_METAG_PHCILBJA,0,0,0,Gamma-Other,95.84,MAG
TARA_SAMEA2621300_METAG_CCGLMDCH,1,1,1,Planctomycetota,89.38,MAG
TARA_SAMEA4397255_METAG_OCKGPNNB,0,0,0,Gamma-Other,85.48,MAG
TARA_SAMEA4397255_METAG_LKCHICOH,1,1,1,Planctomycetota,91.55,MAG
TARA_SAMEA4397255_METAG_MHMKMMKP,0,0,0,Alpha-Other,91.82,MAG
TARA_SAMEA4398001_METAG_BIFKKCPL,0,0,0,Alpha-Other,99.53,MAG
TARA_SAMEA4398001_METAG_EGKJEALB,0,0,0,Alpha-Other,82.65,MAG
TARA_SAMEA4398001_METAG_JJGIINJE,1,1,1,Gamma-Other,92.23,MAG
TARA_SAMEA4398001_METAG_DEIEPJOM,1,1,1,Bacteroidota,87.26,MAG
TARA_SAMEA4398001_METAG_DCPOPHPO,1,1,1,Gamma-Other,99.94,MAG
TARA_SAMEA2620198_METAG_ODJBNHEL,1,1,1,Gamma-Other,83.09,MAG
TARA_SAMEA4397859_METAG_FGINHFMC,0,0,0,Planctomycetota,94.07,MAG
TARA_SAMEA4397859_METAG_OKNLKAAC,0,0,0,Alpha-Other,89.4,MAG
TARA_SAMEA2620027_METAG_EKDOKKCF,0,0,0,Gamma-Other,98.5,MAG
TARA_SAMEA2622166_METAG_GKKEPOIK,0,0,0,Gamma-Other,92.68,MAG
TARA_SAMEA2622166_METAG_IANMOLPN,0,0,0,Alpha-Rhodobacter,93.12,MAG
TARA_SAMEA2622212_METAG_OIPLKCFJ,0,0,0,Gamma-Other,81.65,MAG
TARA_SAMEA2622212_METAG_LOCHKFBB,0,0,0,Alpha-Other,98.52,MAG
TARA_SAMEA2621242_METAG_GMIEJGMJ,0,0,0,Bacteroidota,91.26,MAG
TARA_SAMEA2621242_METAG_DIAHKJHJ,0,0,0,Chloroflexota,90.1,MAG
TARA_SAMEA2621242_METAG_MLAFPOHO,0,0,0,Alpha-Other,88.98,MAG
TARA_SAMEA2621085_METAG_BLECNDCL,0,0,0,Alpha-Other,99.02,MAG
TARA_SAMEA4397747_METAG_HMNAJNKB,0,0,0,Gamma-Other,100,MAG
TARA_SAMEA4397747_METAG_DGEPDBII,0,0,0,Alpha-Other,81.27,MAG
TARA_SAMEA4397747_METAG_MEEFMIPO,1,1,1,Gamma-Other,99.5,MAG
TARA_SAMEA2619677_METAG_DHGDAHEG,0,0,0,Bacteroidota,99.07,MAG
TARA_SAMEA2619677_METAG_ODFJCGPO,0,0,0,Alpha-Other,99.1,MAG
TARA_SAMEA2619677_METAG_APHPNJNA,1,1,1,Bacteroidota,92.68,MAG
TARA_SAMEA2620755_METAG_CFILFLIG,0,0,0,Bacteroidota,87.79,MAG
TARA_SAMEA2620413_METAG_KIKEPFNH,0,0,0,Bacteroidota,97.06,MAG
TARA_SAMEA2621203_METAG_IEFLJMCG,1,1,1,Gamma-Other,86.39,MAG
TARA_SAMEA2621203_METAG_OIOCIAKB,1,1,1,Gamma-Other,78.91,MAG
TARA_SAMEA2621204_METAG_NPDFCODL,1,1,1,Gamma-Other,87.8,MAG
TARA_SAMEA2621204_METAG_LONOPCNJ,0,0,0,Alpha-Other,88.95,MAG
TARA_SAMEA2622676_METAG_FDCNKGDA,1,1,1,Gamma-Other,81.3,MAG
TARA_SAMEA2622676_METAG_DAOHLNFG,0,0,0,Gamma-Other,92.25,MAG
TARA_SAMEA2622801_METAG_JEALBMGB,0,0,0,Alpha-Other,97.32,MAG
TARA_SAMEA2622801_METAG_FBHCFNJI,0,0,0,Gamma-Other,98.39,MAG
TARA_SAMEA2622801_METAG_INILGBIK,1,1,1,Gamma-Other,80.26,MAG
TARA_SAMEA2622801_METAG_PIDHMMGD,0,0,0,Alpha-Other,97.78,MAG
TARA_SAMEA2622801_METAG_OFCBHAIC,1,1,1,Gamma-Other,98.14,MAG
TARA_SAMEA2622801_METAG_IMPHJOHN,0,0,0,Gamma-Other,86.62,MAG
TARA_SAMEA4397215_METAG_KLMFFEGC,0,0,0,Gamma-Other,98.52,MAG
TARA_SAMEA4397215_METAG_JMCLIOKD,0,0,0,Alpha-Rhodobacter,93.33,MAG
TARA_SAMEA4397215_METAG_NPBIIPCA,1,1,1,Gamma-Other,98.28,MAG
TARA_SAMEA4397215_METAG_IGAOMPDF,0,0,0,Bacteroidota,98.56,MAG
TARA_SAMEA4397215_METAG_CJAEGIAG,0,0,0,Alpha-Other,89.5,MAG
TARA_SAMEA4397215_METAG_DPBONLII,1,1,1,Gamma-Other,98.08,MAG
TARA_SAMEA2622799_METAG_BMAADKHL,0,0,0,Cyano-Syn,85.82,MAG
TARA_SAMEA2622678_METAG_LCCFEJME,0,0,0,Gamma-Other,99.12,MAG
TARA_SAMEA2622678_METAG_DFADELFD,1,1,1,Actinobacteriota,90.11,MAG
TARA_SAMEA2622142_METAG_DOMGPOGD,0,0,0,Gamma-Other,79.43,MAG
TARA_SAMEA2621247_METAG_ACCPMPPG,0,0,0,Alpha-Other,99.53,MAG
TARA_SAMEA2621247_METAG_IMMEPKJM,0,0,0,Gamma-Other,92.65,MAG
TARA_SAMEA2621247_METAG_NPJDFJGK,1,1,1,Alpha-Other,99.24,MAG
TARA_SAMEA2621247_METAG_HJKOCAEK,0,0,0,Alpha-Rhodobacter,98.77,MAG
TARA_SAMEA2621247_METAG_BNMKABCC,0,0,0,Alpha-Other,92.9,MAG
TARA_SAMEA2621247_METAG_FOKJHEGI,0,0,0,Gamma-Other,80.05,MAG
TARA_SAMEA2621045_METAG_EJOHEGHD,0,0,0,Cyano-Syn,75.72,MAG
TARA_SAMEA2620035_METAG_EOHBKGBH,0,0,0,Chloroflexota,95.01,MAG
TARA_SAMEA2620035_METAG_HBFLEOAK,0,0,0,Gamma-Other,97.09,MAG
TARA_SAMEA2620035_METAG_KEIDOCPJ,0,0,0,Alpha-Other,94.88,MAG
TARA_SAMEA2622518_METAG_IPPBENAH,1,1,1,Planctomycetota,97.06,MAG
TARA_SAMEA2621198_METAG_NHKNDBOB,1,1,1,Actinobacteriota,93.13,MAG
TARA_SAMEA2622376_METAG_HEDHIPCE,1,1,1,Gamma-Other,91.8,MAG
TARA_SAMEA2622316_METAG_NMDBPDMN,0,0,0,Verrucomicrobiota,94.72,MAG
TARA_SAMEA2621278_METAG_BMGJHFGO,0,0,0,Archaea-Nitrosopumilaceae,89.84,MAG
TARA_SAMEA2623907_METAG_KDOILCDM,0,0,0,Bacteroidota,92.71,MAG
TARA_SAMEA2623907_METAG_ECFMHMMB,1,1,1,Bacteroidota,94.46,MAG
TARA_SAMEA2623907_METAG_JBHOJJHF,0,0,0,Alpha-Rhodobacter,98.48,MAG
TARA_SAMEA2623907_METAG_JDNJOPDE,0,0,0,Alpha-Rhodobacter,95.55,MAG
TARA_SAMEA2619907_METAG_BGFNPMII,0,0,0,Alpha-Other,96.88,MAG
TARA_SAMEA2619907_METAG_KEJNNEFL,1,1,1,Planctomycetota,94.06,MAG
TARA_SAMEA2619907_METAG_APLDGJCD,0,0,0,Cyano-Other,80.95,MAG
TARA_SAMEA2622733_METAG_BKAEPIEG,0,0,0,Bacteria-Other,97.18,MAG
TARA_SAMEA2622733_METAG_OMEBJIFN,0,0,0,Gamma-Other,92.34,MAG
TARA_SAMEA2622733_METAG_NBNMNLNB,1,1,1,Actinobacteriota,86.5,MAG
TARA_SAMEA2623513_METAG_NGIMBIGM,0,0,0,Bacteroidota,91.84,MAG
TARA_SAMEA2623513_METAG_JEHEGMBA,0,0,0,Gamma-Other,86.58,MAG
TARA_SAMEA2623513_METAG_LNEJMMOG,1,1,1,Actinobacteriota,82.3,MAG
TARA_SAMEA2591057_METAG_BLEHBCBO,0,0,0,Cyano-Other,83.36,MAG
TARA_SAMEA2621013_METAG_CBHFFEGP,0,0,0,Cyano-Syn,84.14,MAG
TARA_SAMEA2621013_METAG_HEDNGIGK,0,0,0,Cyano-Syn,85.37,MAG
TARA_SAMEA2591122_METAG_DKOENCIK,0,0,0,Alpha-Other,97.52,MAG
TARA_SAMEA2591122_METAG_CMIOHKHC,0,0,0,Gamma-Other,96.43,MAG
TARA_SAMEA2591122_METAG_HOFIGPPD,0,0,0,Alpha-Other,93.86,MAG
TARA_SAMEA2591122_METAG_HENEDIFH,0,0,0,Cyano-Syn,79.76,MAG
TARA_SAMEA2620666_METAG_JEPBBOGE,0,0,0,Bacteroidota,98.37,MAG
TARA_SAMEA2620666_METAG_BEHDOIIH,0,0,0,Alpha-Rhodobacter,99.04,MAG
TARA_SAMEA2620666_METAG_LLDDNLDC,1,1,1,Actinobacteriota,76.38,MAG
TARA_SAMEA2621076_METAG_LJFJNBCF,0,0,0,Archaea-Nitrosopumilaceae,85.1,MAG
TARA_SAMEA2619678_METAG_ANGHACOK,0,0,0,Alpha-Other,92.46,MAG
TARA_SAMEA2622568_METAG_BPIONGFC,0,0,0,Bacteroidota,98.37,MAG
TARA_SAMEA2622568_METAG_AABAHIOA,1,1,1,Bacteroidota,85.78,MAG
TARA_SAMEA2622568_METAG_KDEBLPGF,0,0,0,Alpha-Rhodobacter,97.09,MAG
TARA_SAMEA2622568_METAG_MOOFBCEI,0,0,0,Gamma-Other,98.54,MAG
TARA_SAMEA2622568_METAG_MDLKCBOG,0,0,0,Chloroflexota,95.16,MAG
TARA_SAMEA2622568_METAG_JEFONMEN,0,0,0,Bacteroidota,90.46,MAG
TARA_SAMEA2620404_METAG_MDOJCKDP,0,0,0,Alpha-Other,84.68,MAG
TARA_SAMEA2621099_METAG_LNGKDKOO,0,0,0,Archaea-Other,92.76,MAG
TARA_SAMEA2621099_METAG_KAJBAIPL,0,0,0,Archaea-Nitrosopumilaceae,78.6,MAG
TARA_SAMEA2622822_METAG_FPFDCNHD,0,0,0,Archaea-Nitrosopumilaceae,84.62,MAG
TARA_SAMEA2623116_METAG_LBEAGNHC,0,0,0,Gamma-Other,90.84,MAG
TARA_SAMEA2623116_METAG_IJGFKNPC,0,0,0,Alpha-Other,93.88,MAG
TARA_SAMEA2623116_METAG_MDIHEBOA,0,0,0,Alpha-Rhodobacter,95.07,MAG
TARA_SAMEA2623116_METAG_MCLEHBBC,0,0,0,Alpha-Rhodobacter,93.98,MAG
TARA_SAMEA2622822_METAG_HGAIBMDJ,0,0,0,Archaea-Other,91.71,MAG
TARA_SAMEA2623116_METAG_OJKPDKPG,0,0,0,Verrucomicrobiota,82.15,MAG
TARA_SAMEA2619667_METAG_BOPPNKGE,0,0,0,Alpha-Other,92.34,MAG
TARA_SAMEA2621222_METAG_APBIOLEJ,0,0,0,Archaea-Nitrosopumilaceae,90.38,MAG
TARA_SAMEA2621155_METAG_FNDJLMBE,1,1,1,Bacteroidota,86.61,MAG
TARA_SAMEA2621155_METAG_EECICDMG,0,0,0,Alpha-Other,88.64,MAG
TARA_SAMEA2623488_METAG_GEMNNJBJ,1,1,1,Planctomycetota,91.54,MAG
TARA_SAMEA2623488_METAG_NKHOEFPE,1,1,1,Actinobacteriota,91.58,MAG
TARA_SAMEA2623488_METAG_JGCIPBNE,0,0,0,Alpha-Rhodobacter,82.36,MAG
TARA_SAMEA4397278_METAG_CMCAAODG,0,0,0,Bacteroidota,97.04,MAG
TARA_SAMEA2622710_METAG_BPCIPLNH,0,0,0,Alpha-Other,98.54,MAG
TARA_SAMEA2621021_METAG_JPHGBBEF,0,0,0,Archaea-Nitrosopumilaceae,91.2,MAG
TARA_SAMEA2621242_METAG_KCIFBCJK,0,0,0,Archaea-Nitrosopumilaceae,81.61,MAG
TARA_SAMEA2622362_METAG_BEIAPOCM,0,0,0,Bacteroidota,96.32,MAG
TARA_SAMEA2622362_METAG_PKLKMDGE,0,0,0,Bacteroidota,98.6,MAG
TARA_SAMEA2623079_METAG_CJOCBLOE,0,0,0,Verrucomicrobiota,92.24,MAG
TARA_SAMEA2621232_METAG_AICMFHKD,0,0,0,Chloroflexota,92.73,MAG
TARA_SAMEA2621232_METAG_GBGPEPCD,0,0,0,Alpha-Other,84.1,MAG
TARA_SAMEA2621132_METAG_GICDNNLA,0,0,0,Alpha-Other,91.28,MAG
TARA_SAMEA2621132_METAG_HHIKJHGI,0,0,0,Bacteroidota,90.3,MAG
TARA_SAMEA2621075_METAG_IKKHENNA,0,0,0,Archaea-Nitrosopumilaceae,91.55,MAG
TARA_SAMEA2621045_METAG_BEJFDEGC,0,0,0,Archaea-Nitrosopumilaceae,90.19,MAG
TARA_SAMEA2622173_METAG_JIJMHIFL,0,0,0,Verrucomicrobiota,87.38,MAG
TARA_SAMEA2622173_METAG_EIJJNOAA,0,0,0,Cyano-Syn,86.86,MAG
TARA_SAMEA2620035_METAG_KAODMFOI,0,0,0,Archaea-Other,90.56,MAG
TARA_SAMEA2623390_METAG_NEGDPLBP,1,1,1,Gamma-Other,84.7,MAG
TARA_SAMEA2623390_METAG_DPDHLDNN,0,0,0,Gamma-Other,92.86,MAG
TARA_SAMEA2623390_METAG_EOEGPGLG,0,0,0,Alpha-Other,81.68,MAG
TARA_SAMEA2623693_METAG_MAANBGIO,0,0,0,Bacteroidota,95.94,MAG
TARA_SAMEA2623693_METAG_GIENLJFM,0,0,0,Alpha-Rhodobacter,98.88,MAG
TARA_SAMEA2623693_METAG_GHHPFIDC,0,0,0,Alpha-Rhodobacter,97.71,MAG
TARA_SAMEA2623693_METAG_EFEFIPAF,1,1,1,Bacteroidota,96.76,MAG
TARA_SAMEA2619970_METAG_KIIHFBOD,0,0,0,Chloroflexota,95.95,MAG
TARA_SAMEA2619970_METAG_HLOJIBLI,0,0,0,Acidobacteriota,94.34,MAG
TARA_SAMEA2619970_METAG_IKNEEGGJ,0,0,0,Gamma-Other,90.47,MAG
TARA_SAMEA2591084_METAG_FMKGCENE,1,1,1,Planctomycetota,95.3,MAG
TARA_SAMEA2620021_METAG_MLOOJBBB,0,0,0,Alpha-Other,90.63,MAG
TARA_SAMEA2620021_METAG_AFPMGIIL,1,1,1,Planctomycetota,80.79,MAG
TARA_SAMEA2591098_METAG_EKCBDPJI,0,0,0,Alpha-Other,95.56,MAG
TARA_SAMEA2591098_METAG_OOHHFBGP,0,0,0,Alpha-Rhodobacter,92.54,MAG
TARA_SAMEA2620882_METAG_ECPJEPLI,0,0,0,Alpha-Rhodobacter,99.04,MAG
TARA_SAMEA2620882_METAG_ALBANCPJ,0,0,0,Bacteroidota,92.26,MAG
TARA_SAMEA2620882_METAG_CPNAPCJC,1,1,1,Actinobacteriota,82.96,MAG
TARA_SAMEA2620194_METAG_GIEIEECH,0,0,0,Gamma-Other,87.3,MAG
TARA_SAMEA2622673_METAG_MOHFBCHB,0,0,0,Bacteroidota,95.69,MAG
TARA_SAMEA2622673_METAG_IIFCJLEJ,0,0,0,Gamma-Other,89.12,MAG
TARA_SAMEA2622673_METAG_PLFAMGMI,1,1,1,Actinobacteriota,93.12,MAG
TARA_SAMEA2622673_METAG_OJPGHNJO,1,1,1,Actinobacteriota,91.94,MAG
TARA_SAMEA2619548_METAG_JMBKEIOI,1,1,1,Planctomycetota,94.43,MAG
TARA_SAMEA2619548_METAG_GBLMOJEK,0,0,0,Cyano-Pro,78.81,MAG
TARA_SAMEA2621551_METAG_HJGDCJHC,0,0,0,Planctomycetota,96.08,MAG
TARA_SAMEA2621551_METAG_IBCCMGFG,0,0,0,Verrucomicrobiota,95.03,MAG
TARA_SAMEA2623627_METAG_EEHCIPFL,0,0,0,Gamma-Other,93.82,MAG
TARA_SAMEA2620815_METAG_LKIKPLLC,0,0,0,Archaea-Other,81.53,MAG
TARA_SAMEA2620230_METAG_DONKKNCJ,0,0,0,Alpha-Other,98.41,MAG
TARA_SAMEA2622119_METAG_AHPOGDIA,0,0,0,Bacteroidota,97.36,MAG
TARA_SAMEA2622119_METAG_LDGGJPFJ,0,0,0,Cyano-Pro,83.59,MAG
TARA_SAMEA2622796_METAG_GNHMALAC,0,0,0,Alpha-Other,96.58,MAG
TARA_SAMEA2620815_METAG_OKLGPCNP,0,0,0,Archaea-Other,83.08,MAG
TARA_SAMEA2621092_METAG_HEPGENHG,0,0,0,Chloroflexota,92.24,MAG
TARA_SAMEA2622923_METAG_EMAJFPMF,0,0,0,Verrucomicrobiota,91.86,MAG
TARA_SAMEA2622817_METAG_CBINACBH,0,0,0,Verrucomicrobiota,95.68,MAG
TARA_SAMEA2623907_METAG_FIEPDKCH,0,0,0,Archaea-Other,94.96,MAG
TARA_SAMEA2620217_METAG_IEOKAIED,0,0,0,Alpha-Other,97.43,MAG
TARA_SAMEA2620217_METAG_MFEDECDH,0,0,0,Alpha-Other,93.8,MAG
TARA_SAMEA2620217_METAG_MDLLKPGL,1,1,1,Gamma-Other,88.02,MAG
TARA_SAMEA2622429_METAG_EMLOIADE,0,0,0,Gamma-Other,84.96,MAG
TARA_SAMEA2620970_METAG_OJJJPFLA,0,0,0,Alpha-Rhodobacter,97.76,MAG
TARA_SAMEA2620970_METAG_MMCNDLAO,0,0,0,Alpha-Rhodobacter,96.9,MAG
TARA_SAMEA2620570_METAG_GKAHPFEE,1,1,1,Gamma-Other,87.62,MAG
TARA_SAMEA2621216_METAG_ECAEAMPJ,1,1,1,Actinobacteriota,81.72,MAG
TARA_SAMEA2623850_METAG_HLNHPIEF,1,1,1,Alpha-Other,92.18,MAG
TARA_SAMEA2623907_METAG_PCEINGMB,0,0,0,Archaea-Other,88.34,MAG
TARA_SAMEA2619879_METAG_JPGMKILO,0,0,0,Cyano-Syn,86.21,MAG
TARA_SAMEA2623756_METAG_HLBGCHOC,1,1,1,Bacteroidota,83.76,MAG
TARA_SAMEA2623756_METAG_CFMFDDPO,0,0,0,Bacteroidota,96.51,MAG
TARA_SAMEA2623756_METAG_KGLCBGOK,0,0,0,Planctomycetota,93.66,MAG
TARA_SAMEA2623756_METAG_AHGOCOOE,0,0,0,Planctomycetota,88.71,MAG
TARA_SAMEA2623314_METAG_JGJMCJMN,0,0,0,Bacteria-Other,92.33,MAG
TARA_SAMEA2622652_METAG_JKGJOOHH,0,0,0,Cyano-Pro,93.18,MAG
TARA_SAMEA2622766_METAG_HMICCCOP,0,0,0,Alpha-Other,97.26,MAG
TARA_SAMEA2622766_METAG_HBJBJOMI,1,1,1,Gamma-Other,96.52,MAG
TARA_SAMEA2622766_METAG_EDDOGMGI,0,0,0,Alpha-Other,98.54,MAG
TARA_SAMEA2622766_METAG_HLOEFLAJ,0,0,0,Verrucomicrobiota,85.5,MAG
TARA_SAMEA2622733_METAG_FAPCEBDL,0,0,0,Archaea-Other,86.74,MAG
TARA_SAMEA2623774_METAG_LJAFNIFN,0,0,0,Archaea-Nitrosopumilaceae,89.46,MAG
TARA_SAMEA2623673_METAG_PJECNDIB,0,0,0,Archaea-Nitrosopumilaceae,89.94,MAG
TARA_SAMEA2623275_METAG_KPGDNKKP,0,0,0,Bacteroidota,95.78,MAG
TARA_SAMEA2623275_METAG_FFCILAGJ,0,0,0,Verrucomicrobiota,90.64,MAG
TARA_SAMEA2623673_METAG_OHJFNMIE,0,0,0,Archaea-Nitrosopumilaceae,83.88,MAG
TARA_SAMEA2622499_METAG_LOIOBFOG,0,0,0,Bacteroidota,92.34,MAG
TARA_SAMEA2622499_METAG_IPMMCNAK,0,0,0,Gamma-Other,90.57,MAG
TARA_SAMEA2623794_METAG_GCMKOOOC,0,0,0,Bacteroidota,93.14,MAG
TARA_SAMEA2623794_METAG_DGHNCGJB,0,0,0,Alpha-Rhodobacter,99.07,MAG
TARA_SAMEA2623794_METAG_AGNFKEDD,0,0,0,Bacteroidota,92.15,MAG
TARA_SAMEA2623794_METAG_ALOENMBB,0,0,0,Alpha-Rhodobacter,98.88,MAG
TARA_SAMEA2622097_METAG_CGPDAOLO,0,0,0,Alpha-Other,88.27,MAG
TARA_SAMEA2622149_METAG_AAEJBKAF,0,0,0,Archaea-Nitrosopumilaceae,95.46,MAG
TARA_SAMEA2621779_METAG_JBODLJEL,1,1,1,Gamma-Other,97.81,MAG
TARA_SAMEA2619766_METAG_ECIEHDAN,0,0,0,Cyano-Other,95.48,MAG
TARA_SAMEA2622149_METAG_JEPKGHNL,0,0,0,Archaea-Other,92.66,MAG
TARA_SAMEA2622149_METAG_MMEOGIPH,0,0,0,Archaea-Nitrosopumilaceae,90.18,MAG
TARA_SAMEA2622149_METAG_JMBGEAKD,0,0,0,Archaea-Nitrosopumilaceae,87.18,MAG
TARA_SAMEA2622149_METAG_MFGJBKLI,0,0,0,Archaea-Nitrosopumilaceae,82.17,MAG
TARA_SAMEA2623649_METAG_MAMDGIMF,1,1,1,Bacteroidota,93.98,MAG
TARA_SAMEA2623649_METAG_GGGGOBLB,0,0,0,Bacteroidota,97.61,MAG
TARA_SAMEA2623649_METAG_NCKOBIHG,0,0,0,Alpha-Rhodobacter,98.66,MAG
TARA_SAMEA2623649_METAG_PKLKAFFB,1,1,1,Actinobacteriota,92.67,MAG
TARA_SAMEA2623649_METAG_BOMFGDKL,0,0,0,Alpha-Rhodobacter,96,MAG
TARA_SAMEA2623649_METAG_BCHBHJEJ,1,1,1,Actinobacteriota,90.24,MAG
TARA_SAMEA2623649_METAG_MJNMMDAC,0,0,0,Chloroflexota,78.93,MAG
TARA_SAMEA2622837_METAG_JBJCKAAA,0,0,0,Acidobacteriota,87.38,MAG
TARA_SAMEA2621013_METAG_JDGAFPJC,0,0,0,Archaea-Nitrosopumilaceae,91.24,MAG
TARA_SAMEA2619782_METAG_FADEPKNA,0,0,0,Alpha-Other,97.34,MAG
TARA_SAMEA2619782_METAG_JFMHGPNE,1,1,1,Planctomycetota,94.36,MAG
TARA_SAMEA2619782_METAG_CHLDNCEO,1,1,1,Verrucomicrobiota,88.85,MAG
TARA_SAMEA2622690_METAG_PCAJHLNK,0,0,0,Alpha-Other,97.62,MAG
TARA_SAMEA2622690_METAG_IFBOIKPA,1,1,1,Gamma-Other,78.53,MAG
TARA_SAMEA2622690_METAG_HHMBDOOL,0,0,0,Alpha-Other,90.57,MAG
TARA_SAMEA2622197_METAG_NOPBLNLP,1,1,1,Gamma-Other,91.94,MAG
TARA_SAMEA2620097_METAG_NCIIEPOG,1,1,1,Bacteroidota,94.74,MAG
TARA_SAMEA2621037_METAG_FFEIHJMD,0,0,0,Bacteria-Other,90.68,MAG
TARA_SAMEA2621037_METAG_KELAOGGB,0,0,0,Cyano-Syn,87.92,MAG
TARA_SAMEA2622568_METAG_DOJKIAJF,0,0,0,Archaea-Other,92.45,MAG
TARA_SAMEA2622568_METAG_FECFJJEB,0,0,0,Archaea-Other,92.02,MAG
TARA_SAMEA2622545_METAG_NPNOEMNH,0,0,0,Bacteroidota,97.99,MAG
TARA_SAMEA2591074_METAG_KHLHJAFB,1,1,1,Alpha-Other,90.36,MAG
TARA_SAMEA2619840_METAG_OBGEGELO,0,0,0,Alpha-Other,99.2,MAG
TARA_SAMEA2619840_METAG_LDCGPDKP,0,0,0,Alpha-Other,97.29,MAG
TARA_SAMEA2619840_METAG_HLGDDOEN,0,0,0,Gamma-Other,80.96,MAG
TARA_SAMEA4397157_METAG_OEPPPCEN,0,0,0,Bacteroidota,98.92,MAG
TARA_SAMEA2622568_METAG_NAEKHGCP,0,0,0,Archaea-Other,91.54,MAG
TARA_SAMEA4397516_METAG_BBMGPPDB,1,1,1,Gamma-Other,78.41,MAG
TARA_SAMEA2622568_METAG_OHMOJBNK,0,0,0,Archaea-Other,84.34,MAG
TARA_SAMEA2620995_METAG_PNKOPBNF,0,0,0,Archaea-Nitrosopumilaceae,83.8,MAG
TARA_SAMEA4396496_METAG_DNBDGNMF,0,0,0,Verrucomicrobiota,96.12,MAG
TARA_SAMEA4396496_METAG_FLKKHAPJ,0,0,0,Alpha-Rhodobacter,93.94,MAG
TARA_SAMEA4396496_METAG_CCDCDMEM,1,1,1,Gamma-Other,84.42,MAG
TARA_SAMEA4397239_METAG_IFKGMDCJ,0,0,0,Alpha-Rhodobacter,90.17,MAG
TARA_SAMEA4397930_METAG_NBNOCLFN,0,0,0,Alpha-Rhodobacter,97.67,MAG
TARA_SAMEA4397930_METAG_ENPOPFFO,0,0,0,Gamma-Other,85.33,MAG
TARA_SAMEA4397756_METAG_GPNNLFDB,0,0,0,Alpha-Rhodobacter,98.9,MAG
TARA_SAMEA4397756_METAG_MFCCEFMA,0,0,0,Gamma-Other,89.71,MAG
TARA_SAMEA4397196_METAG_FOAMLLMK,0,0,0,Bacteroidota,98.38,MAG
TARA_SAMEA4397196_METAG_GHNDOLDE,0,0,0,Verrucomicrobiota,95.56,MAG
TARA_SAMEA4397196_METAG_IFCABLLB,0,0,0,Actinobacteriota,96.06,MAG
TARA_SAMEA4397983_METAG_BALILBAF,0,0,0,Verrucomicrobiota,96.08,MAG
TARA_SAMEA4398094_METAG_JKDFMADP,0,0,0,Verrucomicrobiota,96.46,MAG
TARA_SAMEA4398094_METAG_LJKCHDII,0,0,0,Alpha-Rhodobacter,94.18,MAG
TARA_SAMEA4398094_METAG_HAHDNDFA,0,0,0,Gamma-Other,93.22,MAG
TARA_SAMEA4398094_METAG_IAAOPOCK,0,0,0,Alpha-Rhodobacter,77.13,MAG
TARA_SAMEA4398094_METAG_DOHDLKON,0,0,0,Gamma-Other,91.5,MAG
TARA_SAMEA4398150_METAG_DOGMCALJ,0,0,0,Alpha-Rhodobacter,98.95,MAG
TARA_SAMEA4398150_METAG_BHFPEIBM,0,0,0,Verrucomicrobiota,96.88,MAG
TARA_SAMEA4398150_METAG_NLDOOBLD,0,0,0,Verrucomicrobiota,96.12,MAG
TARA_SAMEA4397842_METAG_EKIJPONI,0,0,0,Gamma-Other,98.93,MAG
TARA_SAMEA4397842_METAG_INEHHMKA,0,0,0,Alpha-Rhodobacter,98.83,MAG
TARA_SAMEA4397034_METAG_BEJJLMAO,0,0,0,Alpha-Rhodobacter,97.47,MAG
TARA_SAMEA4397034_METAG_FAIFBENJ,0,0,0,Alpha-Rhodobacter,91.54,MAG
TARA_SAMEA4397426_METAG_PDFLOHJD,0,0,0,Gamma-Other,98.58,MAG
TARA_SAMEA4397426_METAG_NMLIANFF,0,0,0,Gamma-Other,97.83,MAG
TARA_SAMEA4397426_METAG_DJIEGDCK,0,0,0,Alpha-Rhodobacter,95.9,MAG
TARA_SAMEA4397426_METAG_NOKGLLBA,0,0,0,Alpha-Rhodobacter,80.91,MAG
TARA_SAMEA4397426_METAG_BDFEHJMA,0,0,0,Alpha-Rhodobacter,91.64,MAG
TARA_SAMEA4397426_METAG_GPFFIEFF,0,0,0,Bacteroidota,87.32,MAG
TARA_SAMEA4396424_METAG_KJFNGIDN,0,0,0,Verrucomicrobiota,96.48,MAG
TARA_SAMEA4398219_METAG_IAKBBOPM,0,0,0,Verrucomicrobiota,95.6,MAG
TARA_SAMEA4398219_METAG_MDLGIFNC,0,0,0,Alpha-Rhodobacter,91.72,MAG
TARA_SAMEA4398219_METAG_PDJNEJGL,1,1,1,Planctomycetota,87.27,MAG
TARA_SAMEA4397390_METAG_KPIDHNMA,0,0,0,SAR324,93.88,MAG
TARA_SAMEA4397903_METAG_NIGGCILB,0,0,0,Alpha-Rhodobacter,96.38,MAG
TARA_SAMEA4397903_METAG_PKHLEIKH,0,0,0,Gamma-Other,76.24,MAG
TARA_SAMEA4397903_METAG_HMDDLJIK,0,0,0,Alpha-Rhodobacter,92.99,MAG
TARA_SAMEA4397903_METAG_CIEAFGBM,0,0,0,Gamma-Other,76.64,MAG
TARA_SAMEA4398370_METAG_DIKAOHFM,0,0,0,Bacteroidota,98.07,MAG
TARA_SAMEA4398009_METAG_OPMNFMGF,0,0,0,Alpha-Rhodobacter,97.96,MAG
TARA_SAMEA4398009_METAG_NFABANHD,0,0,0,Gamma-Other,88.67,MAG
TARA_SAMEA4398009_METAG_OBIPICFJ,0,0,0,Bacteroidota,95.34,MAG
TARA_SAMEA4398009_METAG_AFPPAFJA,0,0,0,Gamma-Other,84.42,MAG
TARA_SAMEA4397798_METAG_KKNFBHFK,0,0,0,Alpha-Rhodobacter,85.32,MAG
TARA_SAMEA4397072_METAG_FNJOLAKH,1,1,1,Verrucomicrobiota,93.76,MAG
TARA_SAMEA4397311_METAG_ABPPOKKB,0,0,0,Alpha-Rhodobacter,98.65,MAG
TARA_SAMEA4398176_METAG_INFHCMOL,0,0,0,Alpha-Rhodobacter,96.4,MAG
TARA_SAMEA4398176_METAG_OPIGJALF,0,0,0,Alpha-Rhodobacter,95.36,MAG
TARA_SAMEA4398176_METAG_EEMEGEEN,0,0,0,Alpha-Other,86.02,MAG
TARA_SAMEA4397355_METAG_KCONGBFG,0,0,0,Gamma-Other,93.12,MAG
TARA_SAMEA4397730_METAG_DEMECKJL,0,0,0,Acidobacteriota,90.18,MAG
TARA_SAMEA4398067_METAG_KCPPIFMG,0,0,0,Alpha-Rhodobacter,94.36,MAG
TARA_SAMEA4398067_METAG_AEFEMGOH,0,0,0,Verrucomicrobiota,95.42,MAG
TARA_SAMEA4398067_METAG_AODAAFBN,0,0,0,Alpha-Rhodobacter,80.07,MAG
TARA_SAMEA4398067_METAG_DFDENNGN,0,0,0,Gamma-Other,76.92,MAG
TARA_SAMEA4398067_METAG_GFOFJNFI,0,0,0,Alpha-Rhodobacter,77.98,MAG
TARA_SAMEA2621232_METAG_OFIAGHJH,0,0,0,Archaea-Other,85.44,MAG
TARA_SAMEA4397472_METAG_GDHFHFMM,0,0,0,Gamma-Other,75.03,MAG
TARA_SAMEA4397004_METAG_JPDEEDJH,0,0,0,Bacteria-Other,99.2,MAG
TARA_SAMEA4397004_METAG_OCACEJAG,0,0,0,Alpha-Other,90.15,MAG
TARA_SAMEA4396468_METAG_PMKCLFEO,0,0,0,Verrucomicrobiota,93.77,MAG
TARA_SAMEA4396468_METAG_IJNKHNMO,0,0,0,Bacteria-Other,80.31,MAG
TARA_SAMEA2621232_METAG_PLNAJDND,0,0,0,Archaea-Other,83.13,MAG
BGEO_SAMN07136762_METAG_HONJKJFC,0,0,0,Cyano-Pro,84.8,MAG
BGEO_SAMN07136941_METAG_IPPKPCOF,0,0,0,Cyano-Syn,90.04,MAG
BGEO_SAMN07136799_METAG_MMMMDLND,0,0,0,Chloroflexota,95.2,MAG
BGEO_SAMN07136727_METAG_DGMMJFAF,0,0,0,Chloroflexota,95.2,MAG
BGEO_SAMN07136710_METAG_IMMBNPOM,0,0,0,Gamma-Other,100,MAG
BGEO_SAMN07136905_METAG_LKICKCKI,0,0,0,Cyano-Pro,81.32,MAG
BGEO_SAMN07136696_METAG_MLGHLEEL,0,0,0,Cyano-Pro,86.24,MAG
BGEO_SAMN07136554_METAG_JACLMMPH,0,0,0,Gamma-Other,98.58,MAG
BGEO_SAMN07136606_METAG_HAKLAEPD,0,0,0,Cyano-Syn,81.41,MAG
BGEO_SAMN07136698_METAG_OEGNKJEF,0,0,0,Cyano-Pro,84.87,MAG
BGEO_SAMN07136753_METAG_FPKHJEMF,0,0,0,Cyano-Pro,86.88,MAG
BGEO_SAMN07136752_METAG_KLGBMELL,0,0,0,Cyano-Pro,86.33,MAG
BGEO_SAMN07136708_METAG_KAJBENCP,1,1,1,Gamma-Other,80.49,MAG
BGEO_SAMN07136706_METAG_CMFOPOJG,0,0,0,Cyano-Syn,89.68,MAG
BGEO_SAMN07136944_METAG_CEAFCBEO,0,0,0,Cyano-Syn,88.79,MAG
BGEO_SAMN07136900_METAG_ADPNHCBL,0,0,0,Chloroflexota,92.86,MAG
BATS_SAMN07137071_METAG_PONJEGOG,0,0,0,Cyano-Syn,83.36,MAG
BGEO_SAMN07136942_METAG_BLJPHDCG,0,0,0,Cyano-Syn,84.92,MAG
BGEO_SAMN07136585_METAG_MJHNAHHN,0,0,0,Cyano-Pro,88.54,MAG
BGEO_SAMN07136825_METAG_ACAAAIMF,0,0,0,Chloroflexota,95.2,MAG
BGEO_SAMN07136751_METAG_OBOFMLHN,0,0,0,Cyano-Pro,81.96,MAG
TARA_SAMEA2623390_METAG_KIHAIACD,0,0,0,Archaea-Other,82.2,MAG
HOTS_SAMN07137059_METAG_PMKAHHED,0,0,0,Planctomycetota,96.29,MAG
HOTS_SAMN07137059_METAG_GCHHNHBI,1,1,1,Verrucomicrobiota,96,MAG
HOTS_SAMN07137009_METAG_HOKOCFPA,0,0,0,Planctomycetota,94.22,MAG
BGEO_SAMN07136939_METAG_GLHAKDIJ,0,0,0,Cyano-Syn,80.48,MAG
BGEO_SAMN07136638_METAG_ONFPDEBI,0,0,0,Cyano-Pro,88.53,MAG
BATS_SAMN07137119_METAG_KMAJOMNB,0,0,0,Cyano-Pro,88.67,MAG
BGEO_SAMN07136607_METAG_KDKFLKCE,0,0,0,Cyano-Syn,77.09,MAG
MALA_SAMN05422194_METAG_IIAHLBOG,0,0,0,Gamma-Other,86.78,MAG
MALA_SAMN05421699_METAG_CLHBCOKF,0,0,0,Chloroflexota,95.24,MAG
MALA_SAMN05421699_METAG_FNGIEPGD,0,0,0,Actinobacteriota,92.58,MAG
MALA_SAMN05422122_METAG_JKIMJOKL,0,0,0,SAR324,92.8,MAG
MALA_SAMN05422122_METAG_EAEHONNA,0,0,0,Bacteroidota,99.45,MAG
MALA_SAMN05422122_METAG_NEMGCJEA,0,0,0,Chloroflexota,93.14,MAG
MALA_SAMN05422175_METAG_GACELPJF,0,0,0,Alpha-Other,97.45,MAG
MALA_SAMN05422175_METAG_FLAPKNAB,0,0,0,Actinobacteriota,81.22,MAG
MALA_SAMN05422104_METAG_KIJJMMJF,1,1,1,Actinobacteriota,76.58,MAG
MALA_SAMN05422104_METAG_HIONBNBB,0,0,0,Alpha-Rhodobacter,79.14,MAG
MALA_SAMN05422149_METAG_GCFKDEGM,0,0,0,SAR324,93.54,MAG
MALA_SAMN05422195_METAG_LPGNDHKG,0,0,0,Chloroflexota,95.7,MAG
MALA_SAMN05422166_METAG_DFMOJGGE,0,0,0,Chloroflexota,95.15,MAG
MALA_SAMN05422117_METAG_DMDBIJPP,0,0,0,Gamma-Other,89.32,MAG
MALA_SAMN05422117_METAG_LMAINAON,0,0,0,Chloroflexota,81.77,MAG
MALA_SAMN05421660_METAG_NBPLHFIP,0,0,0,Chloroflexota,96.01,MAG
MALA_SAMN05422111_METAG_DGLIOKAD,1,1,1,Alpha-Other,78.71,MAG
MALA_SAMN05422111_METAG_PJKHLEIK,0,0,0,Chloroflexota,95.7,MAG
MALA_SAMN05422111_METAG_EMNDHGAM,0,0,0,Gamma-Other,92.07,MAG
MALA_SAMN05421913_METAG_FEOEAFNE,0,0,0,Gamma-Other,92.8,MAG
MALA_SAMN05421901_METAG_DMLDKPEN,0,0,0,Chloroflexota,95.56,MAG
MALA_SAMN05422138_METAG_DFBCMAIG,0,0,0,Chloroflexota,94.54,MAG
MALA_SAMN05422107_METAG_PBCECJKK,0,0,0,Chloroflexota,95.06,MAG
MALA_SAMN05422120_METAG_BOFCDAAO,0,0,0,Gamma-Other,84.86,MAG
MALA_SAMN05422152_METAG_NNFJJNIN,0,0,0,Chloroflexota,95.2,MAG
MALA_SAMN05422171_METAG_IPGIMLOF,0,0,0,Chloroflexota,96.06,MAG
MALA_SAMN05422192_METAG_OKDKCHDL,0,0,0,Chloroflexota,95.2,MAG
MALA_SAMN05421555_METAG_HGMEDINM,0,0,0,Alpha-Rhodobacter,95.3,MAG
MALA_SAMN05422110_METAG_OODCIIBH,0,0,0,Gamma-Other,95.98,MAG
MALA_SAMN05422143_METAG_IFLBMKFN,0,0,0,SAR324,88.73,MAG
MALA_SAMN05422191_METAG_MJFFLHCL,1,1,1,Gamma-Other,97.39,MAG
MALA_SAMN05422169_METAG_NMKAJFHO,0,0,0,Gamma-Other,99.04,MAG
MALA_SAMN05422128_METAG_NBJKAMMF,0,0,0,Chloroflexota,94.04,MAG
MALA_SAMN05422114_METAG_NAJFPNCO,1,1,1,Gamma-Other,98.87,MAG
TARA_SAMN05326644_METAG_PON00004,0,0,0,Gamma-Other,93.76,MAG
TARA_SAMEA2623390_METAG_JOLOLJPI,0,0,0,Archaea-Other,76.84,MAG
TARA_SAMN05326645_METAG_PSE00018,0,0,0,Bacteroidota,97.36,MAG
TARA_SAMN05326645_METAG_PSE00019,0,0,0,Alpha-Other,98.41,MAG
TARA_SAMN05326645_METAG_PSE00022,0,0,0,Gamma-Other,93.56,MAG
TARA_SAMN05326645_METAG_PSE00026,0,0,0,Gamma-Other,99.28,MAG
TARA_SAMN05326645_METAG_PSE00042,1,1,1,Gamma-Other,90.24,MAG
TARA_SAMN05326645_METAG_PSE00083,0,0,0,Bacteroidota,86.01,MAG
TARA_SAMN05326646_METAG_PSW00019,0,0,0,Gamma-Other,92.96,MAG
TARA_SAMN05326646_METAG_PSW00037,0,0,0,Gamma-Other,88.95,MAG
TARA_SAMN05326646_METAG_PSW00040,0,0,0,Alpha-Other,94.98,MAG
TARA_SAMN05326646_METAG_PSW00046,0,0,0,Alpha-Other,94.6,MAG
TARA_SAMN05326646_METAG_PSW00084,0,0,0,Alpha-Other,83.34,MAG
TARA_SAMN05326647_METAG_ION00002,0,0,0,Alpha-Other,99.16,MAG
TARA_SAMN05326647_METAG_ION00012,0,0,0,Cyano-Pro,90.46,MAG
TARA_SAMN05326647_METAG_ION00032,0,0,0,Gamma-Other,88.22,MAG
TARA_SAMN05326647_METAG_ION00058,1,1,1,Gamma-Other,84.28,MAG
TARA_SAMN05326648_METAG_IOS00003,1,1,1,Alpha-Other,98.95,MAG
TARA_SAMN05326651_METAG_RED00020,1,1,1,Planctomycetota,97,MAG
TARA_SAMN05326651_METAG_RED00060,0,0,0,Gamma-Other,76.85,MAG
TARA_SAMN05326651_METAG_RED00093,1,1,1,Planctomycetota,86.39,MAG
TARA_SAMN05326651_METAG_RED00109,0,0,0,Alpha-Other,80.78,MAG
TARA_SAMN05326640_METAG_ANE00004,0,0,0,Bacteroidota,94.27,MAG
TARA_SAMN05326640_METAG_ANE00009,0,0,0,Alpha-Other,97.41,MAG
TARA_SAMN05326640_METAG_ANE00046,0,0,0,Gamma-Other,75.4,MAG
TARA_SAMN05326641_METAG_ANW00009,0,0,0,Gamma-Other,96.6,MAG
TARA_SAMN05326642_METAG_ASE00002,0,0,0,Bacteria-Other,93.42,MAG
GORG_SAMEA6070082_SAGS_AG894B21,0,0,0,Cyano-Pro,85.11,SAG
GORG_SAMEA6070105_SAGS_AG894D05,0,0,0,Cyano-Pro,77.77,SAG
GORG_SAMEA6070242_SAGS_AG894O05,0,0,0,Cyano-Pro,86.48,SAG
GORG_SAMEA6070245_SAGS_AG894O08,0,0,0,Cyano-Pro,81.06,SAG
GORG_SAMEA6076212_SAGS_AG422C15,0,0,0,Cyano-Pro,91.94,SAG
GORG_SAMEA6070424_SAGS_AG895M21,0,0,0,Cyano-Pro,84.98,SAG
GORG_SAMEA6075558_SAGS_AG404O15,0,0,0,Cyano-Pro,81.92,SAG
GORG_SAMEA6080221_SAGS_AG439B13,0,0,0,Cyano-Other,79.96,SAG
GORG_SAMEA6074009_SAGS_AG915K06,0,0,0,Cyano-Pro,90.4,SAG
GORG_SAMEA6074058_SAGS_AG915N20,0,0,0,Cyano-Pro,76.56,SAG
GORG_SAMEA6074980_SAGS_AG920J16,0,0,0,Cyano-Pro,85.92,SAG
GORG_SAMEA6075412_SAGS_AG404D14,0,0,0,Cyano-Pro,88.96,SAG
GORG_SAMEA6076323_SAGS_AG422K10,0,0,0,Cyano-Pro,90.39,SAG
GORG_SAMEA6076325_SAGS_AG422K13,0,0,0,Cyano-Pro,85.23,SAG
GORG_SAMEA6069965_SAGS_AG893J23,0,0,0,Cyano-Pro,95.44,SAG
GORG_SAMEA6069969_SAGS_AG893K05,0,0,0,Cyano-Pro,96.93,SAG
GORG_SAMEA6071176_SAGS_AG899M13,0,0,0,Cyano-Pro,84.46,SAG
GORG_SAMEA6073626_SAGS_AG913N17,0,0,0,Cyano-Pro,85.96,SAG
GORG_SAMEA6069676_SAGS_AG892C17,0,0,0,Cyano-Pro,77.91,SAG
GORG_SAMEA6074791_SAGS_AG919J11,0,0,0,Cyano-Pro,95.75,SAG
GORG_SAMEA6073862_SAGS_AG914P03,0,0,0,Cyano-Pro,81,SAG
TARA_SAMEA2619970_METAG_ICCPPBJG,0,0,0,Archaea-Other,94.15,MAG
GORG_SAMEA6068369_SAGS_AH321P05,0,0,0,Cyano-Pro,75.01,SAG
GORG_SAMEA6067916_SAGS_AH287O17,0,0,0,Cyano-Pro,77.83,SAG
GORG_SAMEA6068285_SAGS_AH321J17,0,0,0,Cyano-Pro,81.47,SAG
MARD_SAMN08886326_SAGS_MMP08886326,0,0,0,Cyano-Pro,96.48,SAG
MARD_SAMN08886329_SAGS_MMP08886329,0,0,0,Cyano-Pro,95.42,SAG
MARD_SAMN08886338_SAGS_MMP08886338,0,0,0,Cyano-Pro,80.34,SAG
MARD_SAMN08886367_SAGS_MMP08886367,0,0,0,Cyano-Pro,80.22,SAG
MARD_SAMN08886375_SAGS_MMP08886375,0,0,0,Cyano-Other,96.39,SAG
MARD_SAMN08886389_SAGS_MMP08886389,0,0,0,Cyano-Pro,77.13,SAG
MARD_SAMN08886390_SAGS_MMP08886390,0,0,0,Cyano-Pro,86.78,SAG
MARD_SAMN08886397_SAGS_MMP08886397,0,0,0,Cyano-Pro,85.9,SAG
MARD_SAMN08886409_SAGS_MMP08886409,0,0,0,Cyano-Pro,82.22,SAG
MARD_SAMN08886410_SAGS_MMP08886410,0,0,0,Cyano-Pro,76.62,SAG
MARD_SAMN08886414_SAGS_MMP08886414,0,0,0,Cyano-Pro,91.66,SAG
MARD_SAMN08886421_SAGS_MMP08886421,0,0,0,Cyano-Pro,98.18,SAG
MARD_SAMN08886423_SAGS_MMP08886423,0,0,0,Cyano-Pro,77.1,SAG
MARD_SAMN08886426_SAGS_MMP08886426,0,0,0,Cyano-Pro,89.66,SAG
MARD_SAMN08886443_SAGS_MMP08886443,0,0,0,Cyano-Pro,88.1,SAG
MARD_SAMN08886451_SAGS_MMP08886451,0,0,0,Cyano-Pro,88.66,SAG
MARD_SAMN08886492_SAGS_MMP08886492,0,0,0,Cyano-Pro,89.5,SAG
MARD_SAMN08886504_SAGS_MMP08886504,0,0,0,Cyano-Pro,77.88,SAG
MARD_SAMN08886513_SAGS_MMP08886513,0,0,0,Cyano-Pro,90.4,SAG
MARD_SAMN08886514_SAGS_MMP08886514,0,0,0,Cyano-Pro,96.44,SAG
MARD_SAMN08886515_SAGS_MMP08886515,0,0,0,Cyano-Pro,95.65,SAG
MARD_SAMN08886529_SAGS_MMP08886529,0,0,0,Cyano-Pro,76.5,SAG
MARD_SAMN08886587_SAGS_MMP08886587,0,0,0,Cyano-Pro,75.79,SAG
MARD_SAMN08886595_SAGS_MMP08886595,0,0,0,Cyano-Pro,86.05,SAG
MARD_SAMN08886599_SAGS_MMP08886599,0,0,0,Cyano-Pro,82.92,SAG
MARD_SAMN08886136_SAGS_MMP08886136,0,0,0,Cyano-Pro,91.52,SAG
MARD_SAMN08886137_SAGS_MMP08886137,0,0,0,Cyano-Pro,88.52,SAG
MARD_SAMN08886138_SAGS_MMP08886138,0,0,0,Cyano-Pro,86.78,SAG
MARD_SAMN08886141_SAGS_MMP08886141,0,0,0,Cyano-Pro,95.44,SAG
MARD_SAMN08886143_SAGS_MMP08886143,0,0,0,Cyano-Pro,92.36,SAG
MARD_SAMN08886144_SAGS_MMP08886144,0,0,0,Cyano-Pro,93.72,SAG
MARD_SAMN08886148_SAGS_MMP08886148,0,0,0,Cyano-Pro,78.32,SAG
MARD_SAMN08886150_SAGS_MMP08886150,0,0,0,Cyano-Pro,91.84,SAG
MARD_SAMN08886151_SAGS_MMP08886151,0,0,0,Cyano-Pro,90.66,SAG
MARD_SAMN08886152_SAGS_MMP08886152,0,0,0,Cyano-Pro,93.18,SAG
MARD_SAMN08886154_SAGS_MMP08886154,0,0,0,Cyano-Pro,82.34,SAG
MARD_SAMN08886155_SAGS_MMP08886155,0,0,0,Cyano-Pro,85.19,SAG
MARD_SAMN08886158_SAGS_MMP08886158,0,0,0,Cyano-Pro,94.35,SAG
MARD_SAMN08886159_SAGS_MMP08886159,0,0,0,Cyano-Pro,93.24,SAG
MARD_SAMN08886160_SAGS_MMP08886160,0,0,0,Cyano-Pro,94.8,SAG
MARD_SAMN08886161_SAGS_MMP08886161,0,0,0,Cyano-Pro,91.36,SAG
MARD_SAMN08886173_SAGS_MMP08886173,0,0,0,Cyano-Pro,84.64,SAG
MARD_SAMN08886174_SAGS_MMP08886174,0,0,0,Cyano-Pro,83.18,SAG
MARD_SAMN08886175_SAGS_MMP08886175,0,0,0,Cyano-Pro,91.2,SAG
MARD_SAMN08886176_SAGS_MMP08886176,0,0,0,Cyano-Pro,87.41,SAG
MARD_SAMN08886178_SAGS_MMP08886178,0,0,0,Cyano-Pro,88.42,SAG
MARD_SAMN08886190_SAGS_MMP08886190,0,0,0,Cyano-Pro,81.41,SAG
MARD_SAMN08886193_SAGS_MMP08886193,0,0,0,Cyano-Pro,81.59,SAG
MARD_SAMN08886195_SAGS_MMP08886195,0,0,0,Cyano-Pro,91.64,SAG
MARD_SAMN08886201_SAGS_MMP08886201,0,0,0,Cyano-Pro,75.3,SAG
MARD_SAMN08886203_SAGS_MMP08886203,0,0,0,Cyano-Pro,93.62,SAG
MARD_SAMN08886205_SAGS_MMP08886205,0,0,0,Cyano-Pro,88.04,SAG
MARD_SAMN08886209_SAGS_MMP08886209,0,0,0,Cyano-Pro,92.76,SAG
MARD_SAMN08886211_SAGS_MMP08886211,0,0,0,Cyano-Pro,93.43,SAG
MARD_SAMN08886212_SAGS_MMP08886212,0,0,0,Cyano-Pro,92.77,SAG
MARD_SAMN08886217_SAGS_MMP08886217,0,0,0,Cyano-Pro,95.15,SAG
MARD_SAMN08886221_SAGS_MMP08886221,0,0,0,Cyano-Pro,90.79,SAG
MARD_SAMN08886223_SAGS_MMP08886223,0,0,0,Cyano-Pro,89.81,SAG
MARD_SAMN08886224_SAGS_MMP08886224,0,0,0,Cyano-Pro,86.43,SAG
MARD_SAMN08886235_SAGS_MMP08886235,0,0,0,Cyano-Other,77.41,SAG
MARD_SAMN08886237_SAGS_MMP08886237,0,0,0,Cyano-Pro,76.28,SAG
MARD_SAMN08886238_SAGS_MMP08886238,0,0,0,Cyano-Pro,93.82,SAG
MARD_SAMN08886269_SAGS_MMP08886269,0,0,0,Cyano-Pro,89.49,SAG
MARD_SAMN08886270_SAGS_MMP08886270,0,0,0,Cyano-Pro,88.41,SAG
MARD_SAMN08886271_SAGS_MMP08886271,0,0,0,Cyano-Pro,83.76,SAG
MARD_SAMN08886272_SAGS_MMP08886272,0,0,0,Cyano-Pro,84.22,SAG
MARD_SAMN08886273_SAGS_MMP08886273,0,0,0,Cyano-Pro,98.38,SAG
MARD_SAMN08886274_SAGS_MMP08886274,0,0,0,Cyano-Pro,88.49,SAG
MARD_SAMN08886275_SAGS_MMP08886275,0,0,0,Cyano-Pro,95.84,SAG
MARD_SAMN08886291_SAGS_MMP08886291,0,0,0,Cyano-Pro,80.04,SAG
MARD_SAMN08886292_SAGS_MMP08886292,0,0,0,Cyano-Pro,86.82,SAG
MARD_SAMN08886294_SAGS_MMP08886294,0,0,0,Cyano-Pro,92.77,SAG
MARD_SAMN08886298_SAGS_MMP08886298,0,0,0,Cyano-Pro,89.14,SAG
MARD_SAMN08886301_SAGS_MMP08886301,0,0,0,Cyano-Pro,87.14,SAG
MARD_SAMN08886302_SAGS_MMP08886302,0,0,0,Cyano-Pro,86.95,SAG
MARD_SAMN08886304_SAGS_MMP08886304,0,0,0,Cyano-Pro,90.26,SAG
MARD_SAMN08886309_SAGS_MMP08886309,0,0,0,Cyano-Pro,81.74,SAG
MARD_SAMN08886310_SAGS_MMP08886310,0,0,0,Cyano-Pro,94.82,SAG
MARD_SAMN08886316_SAGS_MMP08886316,0,0,0,Cyano-Pro,95,SAG
MARD_SAMN08886317_SAGS_MMP08886317,0,0,0,Cyano-Pro,87.22,SAG
MARD_SAMN08886318_SAGS_MMP08886318,0,0,0,Cyano-Pro,87.4,SAG
MARD_SAMN06134493_REFG_MMP06134493,1,1,1,Gamma-Other,98.82,RefGenome
MARD_SAMN08469618_REFG_MMP08469618,1,1,1,Firmicutes,99.67,RefGenome
MARD_SAMN08954522_REFG_MMP08954522,1,1,1,Bacteroidota,98.95,RefGenome
MARD_SAMN09230410_REFG_MMP09230410,1,1,1,Gamma-Other,100,RefGenome
MARD_SAMN05418161_REFG_MMP05418161,1,1,1,Gamma-Other,99.47,RefGenome
MARD_SAMN06090799_REFG_MMP06090799,0,0,0,Verrucomicrobiota,98.15,RefGenome
MARD_SAMN06091621_REFG_MMP06091621,0,0,0,Bacteroidota,97.62,RefGenome
MARD_SAMN06299117_REFG_MMP06299117,1,1,1,Gamma-Other,98.82,RefGenome
MARD_SAMN07786985_REFG_MMP07786985,0,0,0,Bacteroidota,99.36,RefGenome
MARD_SAMN08886637_SAGS_MMP08886637,0,0,0,Cyano-Pro,81.34,SAG
MARD_SAMN08886640_SAGS_MMP08886640,0,0,0,Cyano-Pro,99.15,SAG
MARD_SAMN08886642_SAGS_MMP08886642,0,0,0,Cyano-Pro,77.28,SAG
MARD_SAMN08886643_SAGS_MMP08886643,0,0,0,Cyano-Pro,76.5,SAG
MARD_SAMN09010082_REFG_MMP09010082,0,0,0,Gamma-Other,99.82,RefGenome
MARD_SAMN09205228_REFG_MMP09205228,1,1,1,Alpha-Rhodobacter,99.06,RefGenome
MARD_SAMN09228104_REFG_MMP09228104,1,1,1,Alpha-Rhodobacter,99.85,RefGenome
MARD_SAMEA4019367_REFG_MMP4019367,1,1,1,Gamma-Other,100,RefGenome
MARD_SAMN02745181_REFG_MMP02745181,0,0,0,Verrucomicrobiota,97.5,RefGenome
MARD_SAMN03080610_REFG_MMP03080610,1,1,1,Alpha-Other,99.34,RefGenome
MARD_SAMN03892967_REFG_MMP03892967,0,0,0,Alpha-Rhodobacter,99.16,RefGenome
MARD_SAMN04320394_REFG_MMP04320394,1,1,1,Gamma-Other,98.16,RefGenome
MARD_SAMN04507564_REFG_MMP04507564,1,1,1,Gamma-Other,98.52,RefGenome
MARD_SAMN04965935_REFG_MMP04965935,0,0,0,Alpha-Other,99.06,RefGenome
MARD_SAMN05225367_REFG_MMP05225367,1,1,1,Gamma-Other,99.96,RefGenome
MARD_SAMN05567582_REFG_MMP05567582,0,0,0,Bacteroidota,97.22,RefGenome
MARD_SAMN05578452_REFG_MMP05578452,1,1,1,Gamma-Alteromonas,99.64,RefGenome
MARD_SAMN05660479_REFG_MMP05660479,0,0,0,Gamma-Other,99.57,RefGenome
MARD_SAMN05660830_REFG_MMP05660830,1,1,1,Bacteria-Other,98.92,RefGenome
MARD_SAMN06109290_REFG_MMP06109290,0,0,0,Gamma-Other,100,RefGenome
MARD_SAMN06109310_REFG_MMP06109310,0,0,0,Gamma-Other,100,RefGenome
MARD_SAMD00000449_REFG_MMP00000449,0,0,0,Bacteroidota,97.25,RefGenome
MARD_SAMD00008912_REFG_MMP00008912,0,0,0,Alpha-Other,99.2,RefGenome
MARD_SAMD00036772_REFG_MMP00036772,0,0,0,Cyano-Other,98.65,RefGenome
MARD_SAMD00041794_REFG_MMP00041794,1,1,1,Gamma-Other,97.65,RefGenome
MARD_SAMD00046480_REFG_MMP00046480,0,0,0,Actinobacteriota,99.06,RefGenome
MARD_SAMD00049912_REFG_MMP00049912,1,1,1,Alpha-Rhodobacter,99.13,RefGenome
MARD_SAMEA2272636_REFG_MMP2272636,1,1,1,Gamma-Other,99.94,RefGenome
MARD_SAMN02470816_REFG_MMP02470816,0,0,0,Gamma-Other,100,RefGenome
TARA_SAMEA2619970_METAG_JFBHGPEN,0,0,0,Archaea-Other,93.39,MAG
TARA_SAMEA2619970_METAG_EMLGDMDF,0,0,0,Archaea-Other,87.5,MAG
TARA_SAMEA2619970_METAG_FCBJNKBN,0,0,0,Archaea-Other,86.55,MAG
MARD_SAMD00017310_REFG_MMP00017310,1,1,1,Gamma-Other,97.1,RefGenome
MARD_SAMD00017312_REFG_MMP00017312,1,1,1,Gamma-Other,96.06,RefGenome
MARD_SAMD00019143_REFG_MMP00019143,1,1,1,Gamma-Other,100,RefGenome
MARD_SAMD00036600_REFG_MMP00036600,0,0,0,Gamma-Other,100,RefGenome
MARD_SAMD00036601_REFG_MMP00036601,1,1,1,Gamma-Other,99.66,RefGenome
MARD_SAMD00039894_REFG_MMP00039894,1,1,1,Gamma-Other,99.94,RefGenome
MARD_SAMD00041798_REFG_MMP00041798,0,0,0,Actinobacteriota,99.19,RefGenome
MARD_SAMEA2752415_REFG_MMP2752415,1,1,1,Gamma-Other,100,RefGenome
MARD_SAMEA3355991_REFG_MMP3355991,1,1,1,Gamma-Other,99.96,RefGenome
MARD_SAMN02261245_REFG_MMP02261245,0,0,0,Gamma-Other,99.78,RefGenome
MARD_SAMN02261247_REFG_MMP02261247,0,0,0,Gamma-Other,99.64,RefGenome
MARD_SAMN02436081_REFG_MMP02436081,0,0,0,Alpha-Rhodobacter,99.08,RefGenome
MARD_SAMN02436096_REFG_MMP02436096,1,1,1,Gamma-Other,96.35,RefGenome
MARD_SAMN02436108_REFG_MMP02436108,0,0,0,Alpha-Rhodobacter,99.16,RefGenome
MARD_SAMN02436109_REFG_MMP02436109,0,0,0,Alpha-Rhodobacter,98.86,RefGenome
MARD_SAMN02436111_REFG_MMP02436111,1,1,1,Bacteroidota,99.16,RefGenome
MARD_SAMN02436117_REFG_MMP02436117,1,1,1,Gamma-Other,83.92,RefGenome
MARD_SAMN02436155_REFG_MMP02436155,0,0,0,Gamma-Other,99.19,RefGenome
MARD_SAMN02436165_REFG_MMP02436165,1,1,1,Gamma-Other,95.96,RefGenome
MARD_SAMN02441633_SAGS_MMP02441633,1,1,1,Verrucomicrobiota,76.6,SAG
MARD_SAMN02603919_REFG_MMP02603919,0,0,0,Bacteroidota,99,RefGenome
MARD_SAMN03733602_REFG_MMP03733602,1,1,1,Bacteroidota,99.11,RefGenome
MARD_SAMN05418012_REFG_MMP05418012,1,1,1,Gamma-Other,99.8,RefGenome
MARD_SAMN05418045_REFG_MMP05418045,1,1,1,Gamma-Other,99.87,RefGenome
MARD_SAMN08281192_REFG_MMP08281192,0,0,0,Gamma-Other,100,RefGenome
MARD_SAMN08779091_REFG_MMP08779091,1,1,1,Bacteroidota,99.47,RefGenome
MARD_SAMN08969185_REFG_MMP08969185,1,1,1,Alpha-Rhodobacter,99.13,RefGenome
MARD_SAMN09437463_REFG_MMP09437463,1,1,1,Gamma-Other,99.96,RefGenome
MARD_SAMN09700386_REFG_MMP09700386,1,1,1,Gamma-Other,99.4,RefGenome
MARD_SAMN09710957_REFG_MMP09710957,1,1,1,Gamma-Other,100,RefGenome
MARD_SAMN09736004_REFG_MMP09736004,1,1,1,Gamma-Other,99.74,RefGenome
MARD_SAMN10169376_REFG_MMP10169376,0,0,0,Gamma-Other,99.89,RefGenome
MARD_SAMN10363429_REFG_MMP10363429,1,1,1,Gamma-Other,99.78,RefGenome
MARD_SAMN02927977_REFG_MMP02927977,0,0,0,Alpha-Other,98.92,RefGenome
MARD_SAMN02927978_REFG_MMP02927978,0,0,0,Alpha-Other,99.28,RefGenome
MARD_SAMN07327780_REFG_MMP07327780,1,1,1,Gamma-Other,100,RefGenome
MARD_SAMN08100074_REFG_MMP08100074,1,1,1,Firmicutes,98.8,RefGenome
MARD_SAMN08535650_REFG_MMP08535650,1,1,1,Actinobacteriota,99,RefGenome
MARD_SAMN08828797_REFG_MMP08828797,0,0,0,Bacteria-Other,94.83,RefGenome
MARD_SAMN08912472_REFG_MMP08912472,1,1,1,Alpha-Rhodobacter,98.88,RefGenome
MARD_SAMN09074857_REFG_MMP09074857,0,0,0,Gamma-Other,99.39,RefGenome
MARD_SAMN09074945_REFG_MMP09074945,0,0,0,Alpha-Rhodobacter,100,RefGenome
MARD_SAMN09196822_REFG_MMP09196822,1,1,1,Gamma-Other,99.58,RefGenome
MARD_SAMN09206170_REFG_MMP09206170,1,1,1,Gamma-Other,99.93,RefGenome
MARD_SAMN09381308_REFG_MMP09381308,0,0,0,Gamma-Other,100,RefGenome
MARD_SAMN09522132_REFG_MMP09522132,1,1,1,Gamma-Other,99.44,RefGenome
MARD_SAMN09522136_REFG_MMP09522136,1,1,1,Gamma-Other,86.58,RefGenome
MARD_SAMN09531617_REFG_MMP09531617,1,1,1,Firmicutes,98.61,RefGenome
TARA_SAMEA2620021_METAG_JNBBEMFP,0,0,0,Archaea-Nitrosopumilaceae,92.33,MAG
MARD_SAMN09835476_REFG_MMP09835476,1,1,1,Gamma-Other,99.94,RefGenome
MARD_SAMN10081840_REFG_MMP10081840,1,1,1,Gamma-Other,100,RefGenome
MARD_SAMN10172241_REFG_MMP10172241,1,1,1,Firmicutes,99.64,RefGenome
MARD_SAMN10225537_REFG_MMP10225537,1,1,1,Actinobacteriota,98.06,RefGenome
MARD_SAMN10319551_REFG_MMP10319551,0,0,0,Gamma-Other,100,RefGenome
TARA_SAMEA2591098_METAG_AKEKLNCA,0,0,0,Archaea-Nitrosopumilaceae,87.72,MAG
MARD_SAMN10393854_REFG_MMP10393854,1,1,1,Gamma-Other,99.93,RefGenome
MARD_SAMN10393855_REFG_MMP10393855,1,1,1,Gamma-Other,99.93,RefGenome
MARD_SAMN02745148_REFG_MMP02745148,1,1,1,Gamma-Other,99.75,RefGenome
MARD_SAMN02745729_REFG_MMP02745729,1,1,1,Gamma-Other,99,RefGenome
MARD_SAMN02745824_REFG_MMP02745824,0,0,0,Alpha-Other,99.8,RefGenome
MARD_SAMN03764887_REFG_MMP03764887,0,0,0,Bacteroidota,98.92,RefGenome
MARD_SAMN03764910_REFG_MMP03764910,0,0,0,Bacteroidota,98.92,RefGenome
MARD_SAMN04219563_REFG_MMP04219563,0,0,0,Gamma-Other,99.46,RefGenome
MARD_SAMN04487961_REFG_MMP04487961,1,1,1,Gamma-Other,99.64,RefGenome
MARD_SAMN04487965_REFG_MMP04487965,1,1,1,Gamma-Other,99.21,RefGenome
MARD_SAMN04487999_REFG_MMP04487999,1,1,1,Bacteroidota,99.45,RefGenome
MARD_SAMN04488007_REFG_MMP04488007,1,1,1,Bacteroidota,99.12,RefGenome
MARD_SAMN04488008_REFG_MMP04488008,1,1,1,Bacteroidota,99.48,RefGenome
MARD_SAMN04488010_REFG_MMP04488010,1,1,1,Bacteroidota,99.12,RefGenome
MARD_SAMN04488020_REFG_MMP04488020,0,0,0,Alpha-Rhodobacter,99.28,RefGenome
MARD_SAMN04488036_REFG_MMP04488036,1,1,1,Alpha-Rhodobacter,99.3,RefGenome
MARD_SAMN04488044_REFG_MMP04488044,0,0,0,Alpha-Rhodobacter,99.94,RefGenome
MARD_SAMN04488049_REFG_MMP04488049,0,0,0,Alpha-Rhodobacter,99.47,RefGenome
MARD_SAMN04488095_REFG_MMP04488095,0,0,0,Alpha-Rhodobacter,99.14,RefGenome
MARD_SAMN04488096_REFG_MMP04488096,0,0,0,Bacteroidota,99.45,RefGenome
MARD_SAMN04488116_REFG_MMP04488116,0,0,0,Bacteroidota,99.48,RefGenome
MARD_SAMN04488517_REFG_MMP04488517,0,0,0,Alpha-Rhodobacter,98.86,RefGenome
MARD_SAMN04488526_REFG_MMP04488526,0,0,0,Alpha-Rhodobacter,99.23,RefGenome
MARD_SAMN04488527_REFG_MMP04488527,0,0,0,Alpha-Rhodobacter,99.8,RefGenome
TARA_SAMEA2620882_METAG_EHJBGKAP,0,0,0,Archaea-Other,92.46,MAG
MARD_SAMN04489858_REFG_MMP04489858,0,0,0,Alpha-Rhodobacter,99.34,RefGenome
MARD_SAMN04490243_REFG_MMP04490243,1,1,1,Bacteroidota,98.46,RefGenome
MARD_SAMN05216256_REFG_MMP05216256,1,1,1,Gamma-Other,100,RefGenome
MARD_SAMN05216283_REFG_MMP05216283,0,0,0,Bacteroidota,98.56,RefGenome
MARD_SAMN05216600_REFG_MMP05216600,1,1,1,Gamma-Other,99.76,RefGenome
MARD_SAMN05421688_REFG_MMP05421688,1,1,1,Alpha-Rhodobacter,99.18,RefGenome
MARD_SAMN05421764_REFG_MMP05421764,1,1,1,Alpha-Rhodobacter,99.04,RefGenome
MARD_SAMN05444000_REFG_MMP05444000,1,1,1,Alpha-Rhodobacter,99.64,RefGenome
MARD_SAMN05444344_REFG_MMP05444344,1,1,1,Bacteroidota,99.11,RefGenome
MARD_SAMEA3368576_SAGS_MMP3368576,0,0,0,Cyano-Pro,87.63,SAG
MARD_SAMEA3368577_SAGS_MMP3368577,0,0,0,Cyano-Pro,87.48,SAG
MARD_SAMEA3489929_REFG_MMP3489929,0,0,0,Alpha-Rhodobacter,98.86,RefGenome
MARD_SAMEA3493278_REFG_MMP3493278,1,1,1,Alpha-Other,99.48,RefGenome
MARD_SAMEA3532111_REFG_MMP3532111,0,0,0,Alpha-Rhodobacter,99.47,RefGenome
MARD_SAMEA3542137_REFG_MMP3542137,1,1,1,Alpha-Rhodobacter,99.48,RefGenome
MARD_SAMN02436179_REFG_MMP02436179,0,0,0,Gamma-Other,98.64,RefGenome
MARD_SAMN02671325_SAGS_MMP02671325,0,0,0,Cyano-Pro,88.04,SAG
MARD_SAMN02671332_SAGS_MMP02671332,0,0,0,Cyano-Pro,89.34,SAG
MARD_SAMN02671334_SAGS_MMP02671334,0,0,0,Cyano-Pro,96.39,SAG
MARD_SAMN02671335_SAGS_MMP02671335,0,0,0,Cyano-Pro,91.83,SAG
MARD_SAMN02671336_SAGS_MMP02671336,0,0,0,Cyano-Pro,85.53,SAG
MARD_SAMN02671337_SAGS_MMP02671337,0,0,0,Cyano-Pro,94.4,SAG
MARD_SAMN02671343_SAGS_MMP02671343,0,0,0,Cyano-Pro,96.3,SAG
MARD_SAMN02671344_SAGS_MMP02671344,0,0,0,Cyano-Pro,97.79,SAG
MARD_SAMN02671358_SAGS_MMP02671358,0,0,0,Cyano-Pro,93.88,SAG
MARD_SAMN02671364_SAGS_MMP02671364,0,0,0,Cyano-Pro,94.79,SAG
MARD_SAMN02671368_SAGS_MMP02671368,0,0,0,Cyano-Pro,87.72,SAG
MARD_SAMN02671371_SAGS_MMP02671371,0,0,0,Cyano-Pro,86.04,SAG
MARD_SAMN02671372_SAGS_MMP02671372,0,0,0,Cyano-Pro,94.38,SAG
MARD_SAMN02671373_SAGS_MMP02671373,0,0,0,Cyano-Pro,85.94,SAG
MARD_SAMN02671379_SAGS_MMP02671379,0,0,0,Cyano-Pro,86.02,SAG
MARD_SAMN02671385_SAGS_MMP02671385,0,0,0,Cyano-Pro,82.38,SAG
MARD_SAMN03729479_REFG_MMP03729479,0,0,0,Actinobacteriota,97.82,RefGenome
MARD_SAMEA4644771_REFG_MMP4644771,0,0,0,Bacteroidota,99.81,RefGenome
MARD_SAMN05421539_REFG_MMP05421539.2,0,0,0,Alpha-Rhodobacter,99.28,RefGenome
MARD_SAMN07327694_REFG_MMP07327694,1,1,1,Gamma-Other,98.7,RefGenome
MARD_SAMN07327772_REFG_MMP07327772,1,1,1,Gamma-Other,99.84,RefGenome
MARD_SAMN07508357_REFG_MMP07508357,1,1,1,Gamma-Other,99.64,RefGenome
TARA_SAMEA2620882_METAG_CNHHFJLC,0,0,0,Archaea-Other,89.26,MAG
MARD_SAMN08984050_REFG_MMP08984050,1,1,1,Gamma-Other,99.99,RefGenome
MARD_SAMN08984051_REFG_MMP08984051,1,1,1,Gamma-Other,99.99,RefGenome
MARD_SAMN08984053_REFG_MMP08984053,1,1,1,Gamma-Other,99.88,RefGenome
MARD_SAMN08984056_REFG_MMP08984056,1,1,1,Gamma-Other,100,RefGenome
MARD_SAMN08984060_REFG_MMP08984060,1,1,1,Gamma-Other,99.99,RefGenome
MARD_SAMN08984064_REFG_MMP08984064,1,1,1,Gamma-Other,99.45,RefGenome
MARD_SAMN08984065_REFG_MMP08984065,1,1,1,Gamma-Other,99.52,RefGenome
MARD_SAMN08984068_REFG_MMP08984068,1,1,1,Gamma-Other,99.93,RefGenome
MARD_SAMN08984071_REFG_MMP08984071,1,1,1,Gamma-Other,99.81,RefGenome
MARD_SAMN08984072_REFG_MMP08984072,1,1,1,Gamma-Other,99.63,RefGenome
MARD_SAMN08984076_REFG_MMP08984076,1,1,1,Gamma-Other,99.99,RefGenome
MARD_SAMN08984078_REFG_MMP08984078,1,1,1,Gamma-Other,99.99,RefGenome
MARD_SAMN08984080_REFG_MMP08984080,1,1,1,Gamma-Other,99.98,RefGenome
MARD_SAMN08984082_REFG_MMP08984082,1,1,1,Gamma-Other,99.99,RefGenome
MARD_SAMN08984087_REFG_MMP08984087,1,1,1,Gamma-Other,99.96,RefGenome
MARD_SAMN08984088_REFG_MMP08984088,1,1,1,Gamma-Other,100,RefGenome
MARD_SAMN08984089_REFG_MMP08984089,1,1,1,Gamma-Other,100,RefGenome
MARD_SAMN08984091_REFG_MMP08984091,1,1,1,Gamma-Other,100,RefGenome
MARD_SAMN08984092_REFG_MMP08984092,1,1,1,Gamma-Other,99.57,RefGenome
MARD_SAMN08984093_REFG_MMP08984093,1,1,1,Gamma-Other,100,RefGenome
MARD_SAMN08984094_REFG_MMP08984094,1,1,1,Gamma-Other,100,RefGenome
MARD_SAMN08984095_REFG_MMP08984095,1,1,1,Gamma-Other,99.96,RefGenome
MARD_SAMN08984097_REFG_MMP08984097,1,1,1,Gamma-Other,99.34,RefGenome
MARD_SAMN08984099_REFG_MMP08984099,1,1,1,Gamma-Other,99.62,RefGenome
MARD_SAMN08997828_REFG_MMP08997828,0,0,0,Bacteroidota,99.04,RefGenome
MARD_SAMN09074692_REFG_MMP09074692,1,1,1,Firmicutes,99.72,RefGenome
MARD_SAMN09074797_REFG_MMP09074797,1,1,1,Bacteroidota,99.48,RefGenome
MARD_SAMN09074954_REFG_MMP09074954,1,1,1,Gamma-Other,100,RefGenome
MARD_SAMN09478229_REFG_MMP09478229,0,0,0,Bacteroidota,98.42,RefGenome
MARD_SAMN10330925_REFG_MMP10330925,1,1,1,Firmicutes,99.46,RefGenome
MARD_SAMN04487801_REFG_MMP04487801,1,1,1,Actinobacteriota,98.42,RefGenome
MARD_SAMN04487867_REFG_MMP04487867,1,1,1,Gamma-Other,99.57,RefGenome
MARD_SAMN04487960_REFG_MMP04487960,1,1,1,Gamma-Other,99.64,RefGenome
MARD_SAMN04487992_REFG_MMP04487992,1,1,1,Bacteroidota,98.76,RefGenome
MARD_SAMN04488081_REFG_MMP04488081,1,1,1,Firmicutes,99.66,RefGenome
MARD_SAMN04488512_REFG_MMP04488512,0,0,0,Alpha-Rhodobacter,99.32,RefGenome
MARD_SAMN04488514_REFG_MMP04488514,1,1,1,Bacteroidota,99.12,RefGenome
MARD_SAMN04488540_REFG_MMP04488540,1,1,1,Gamma-Other,99.6,RefGenome
MARD_SAMN04488693_REFG_MMP04488693,1,1,1,Actinobacteriota,98.33,RefGenome
MARD_SAMN05192540_REFG_MMP05192540,1,1,1,Bacteroidota,99.12,RefGenome
MARD_SAMN05216342_REFG_MMP05216342,1,1,1,Firmicutes,99.67,RefGenome
MARD_SAMN05421538_REFG_MMP05421538,0,0,0,Alpha-Rhodobacter,98.73,RefGenome
MARD_SAMN05421855_REFG_MMP05421855,0,0,0,Bacteroidota,99.45,RefGenome
MARD_SAMN05443667_REFG_MMP05443667,1,1,1,Bacteroidota,98.93,RefGenome
MARD_SAMN05444412_REFG_MMP05444412,0,0,0,Bacteroidota,98.92,RefGenome
MARD_SAMN06075358_REFG_MMP06075358,0,0,0,Bacteroidota,97.94,RefGenome
MARD_SAMN07415057_REFG_MMP07415057,0,0,0,Gamma-Other,99.02,RefGenome
MARD_SAMN07980965_REFG_MMP07980965,1,1,1,Actinobacteriota,99.22,RefGenome
MARD_SAMN08032681_REFG_MMP08032681,0,0,0,Gamma-Other,99.96,RefGenome
MARD_SAMN08277291_REFG_MMP08277291,0,0,0,Bacteria-Other,94.17,RefGenome
MARD_SAMN08457750_REFG_MMP08457750,1,1,1,Gamma-Other,100,RefGenome
MARD_SAMN08463771_REFG_MMP08463771,1,1,1,Gamma-Other,99.42,RefGenome
MARD_SAMN08646831_REFG_MMP08646831,0,0,0,Bacteroidota,98.92,RefGenome
MARD_SAMN08954526_REFG_MMP08954526,0,0,0,Actinobacteriota,98.93,RefGenome
MARD_SAMN09230411_REFG_MMP09230411,1,1,1,Bacteroidota,97.84,RefGenome
MARD_SAMN09499816_REFG_MMP09499816,1,1,1,Actinobacteriota,96.4,RefGenome
MARD_SAMN09579956_REFG_MMP09579956,1,1,1,Alpha-Rhodobacter,99.28,RefGenome
MARD_SAMN05418020_REFG_MMP05418020,1,1,1,Gamma-Other,100,RefGenome
MARD_SAMN05418021_REFG_MMP05418021,1,1,1,Gamma-Other,100,RefGenome
MARD_SAMN05418024_REFG_MMP05418024,1,1,1,Gamma-Other,100,RefGenome
MARD_SAMN05418025_REFG_MMP05418025,1,1,1,Gamma-Other,100,RefGenome
MARD_SAMN05418075_REFG_MMP05418075,1,1,1,Gamma-Other,99.8,RefGenome
MARD_SAMN05418109_REFG_MMP05418109,1,1,1,Gamma-Other,100,RefGenome
MARD_SAMN05418196_REFG_MMP05418196,1,1,1,Gamma-Other,99.82,RefGenome
MARD_SAMN05418225_REFG_MMP05418225,1,1,1,Gamma-Other,99.92,RefGenome
MARD_SAMN08238108_REFG_MMP08238108,1,1,1,Gamma-Other,99.93,RefGenome
MARD_SAMN08329936_REFG_MMP08329936,1,1,1,Gamma-Other,99.76,RefGenome
MARD_SAMN08330123_REFG_MMP08330123,1,1,1,Gamma-Other,99.83,RefGenome
TARA_SAMEA2621033_METAG_LLIHNNCG,0,0,0,Bacteroidota,88.65,MAG
TARA_SAMEA2621033_METAG_JBDFEOKM,0,0,0,Alpha-Rhodobacter,94.38,MAG
TARA_SAMEA2621033_METAG_FPNNOEHI,0,0,0,Gamma-Other,99.89,MAG
TARA_SAMEA2622667_METAG_IKEGAHGN,0,0,0,Gamma-Other,97.94,MAG
TARA_SAMEA2622667_METAG_MMICBPOJ,0,0,0,Gamma-Other,92.84,MAG
TARA_SAMEA2621221_METAG_HPDINNDB,0,0,0,Chloroflexota,96.44,MAG
TARA_SAMEA4396941_METAG_NILINJND,0,0,0,Gamma-Other,96.65,MAG
TARA_SAMEA4396941_METAG_BGKNOJOC,0,0,0,Alpha-Rhodobacter,92.84,MAG
TARA_SAMEA4396941_METAG_LHJMMHNF,0,0,0,Gamma-Other,87.86,MAG
TARA_SAMEA4396941_METAG_EJKIMIHL,0,0,0,Gamma-Other,98.56,MAG
TARA_SAMEA4396941_METAG_CAIHKBDK,0,0,0,Bacteroidota,84.47,MAG
TARA_SAMEA4396941_METAG_NIPIAMNO,0,0,0,Alpha-Rhodobacter,82.4,MAG
TARA_SAMEA4396941_METAG_MMBMAMBF,1,1,1,Gamma-Other,89.2,MAG
TARA_SAMEA4396941_METAG_KIPBHAFF,0,0,0,Gamma-Other,78.09,MAG
TARA_SAMEA4396941_METAG_FIHIABDB,1,1,1,Bacteroidota,80.62,MAG
TARA_SAMEA4396941_METAG_FPFLMEGA,0,0,0,Bacteroidota,92.86,MAG
TARA_SAMEA4396941_METAG_KPNLGCHA,0,0,0,Bacteroidota,99.26,MAG
TARA_SAMEA4396941_METAG_EPODAKKF,0,0,0,Gamma-Other,83.16,MAG
TARA_SAMEA4397174_METAG_IGHPIAMD,0,0,0,Gamma-Other,78.44,MAG
TARA_SAMEA4397174_METAG_OACKCGLB,1,1,1,Alpha-Rhodobacter,94.78,MAG
TARA_SAMEA4397174_METAG_PCHNICGA,0,0,0,Alpha-Other,88.47,MAG
TARA_SAMEA4397174_METAG_ECAMKNMA,1,1,1,Gamma-Other,90.08,MAG
TARA_SAMEA4397174_METAG_LHENHEGI,0,0,0,Gamma-Other,81.69,MAG
TARA_SAMEA4397174_METAG_GFCFHOKM,0,0,0,Bacteroidota,96.18,MAG
TARA_SAMEA4397174_METAG_MINIGPHF,0,0,0,Alpha-Other,97.23,MAG
TARA_SAMEA4397174_METAG_AAKCANNG,0,0,0,Gamma-Other,81.72,MAG
TARA_SAMEA4397174_METAG_ELFNPLCF,1,1,1,Alpha-Other,99.15,MAG
TARA_SAMEA4397174_METAG_IHPIPPJL,0,0,0,Bacteroidota,78.72,MAG
TARA_SAMEA4397174_METAG_NLMJLIHI,0,0,0,Gamma-Other,97.81,MAG
TARA_SAMEA4397174_METAG_FJMHBOBF,0,0,0,Gamma-Other,90.7,MAG
TARA_SAMEA4397174_METAG_HBDIMJIM,0,0,0,Gamma-Other,98.56,MAG
TARA_SAMEA4397174_METAG_MPOLKOHD,0,0,0,Gamma-Other,94.5,MAG
TARA_SAMEA4397174_METAG_LEHIDIPF,1,1,1,Bacteria-Other,98.84,MAG
TARA_SAMEA4397174_METAG_IHDJPNHM,0,0,0,Alpha-Other,79.09,MAG
TARA_SAMEA4397174_METAG_GCEIMOAF,0,0,0,Bacteroidota,98.72,MAG
TARA_SAMEA4397174_METAG_LMPNIEMG,0,0,0,Gamma-Other,92.84,MAG
TARA_SAMEA4397174_METAG_HOMGNEGA,0,0,0,Alpha-Rhodobacter,99.44,MAG
TARA_SAMEA4397174_METAG_PCNIEGAM,0,0,0,Alpha-Other,97.9,MAG
TARA_SAMEA2620882_METAG_FCMLJLGB,0,0,0,Archaea-Other,83.82,MAG
TARA_SAMEA2622843_METAG_KMMKEEHK,0,0,0,Bacteria-Other,81.78,MAG
TARA_SAMEA2622843_METAG_NCDLFJCE,0,0,0,Planctomycetota,96.91,MAG
TARA_SAMEA2622843_METAG_GFDEHKKO,0,0,0,Planctomycetota,94.64,MAG
TARA_SAMEA2622843_METAG_CFGEOLOP,0,0,0,Bacteria-Other,81.8,MAG
TARA_SAMEA2622843_METAG_HAPJAMBJ,0,0,0,Planctomycetota,94.5,MAG
TARA_SAMEA2622843_METAG_OLFFNFGB,0,0,0,Alpha-Other,92.9,MAG
TARA_SAMEA2620360_METAG_IDPCMGIK,0,0,0,Bacteroidota,87.01,MAG
TARA_SAMEA4397815_METAG_KPKHPOOD,0,0,0,Bacteroidota,97.65,MAG
TARA_SAMEA4397815_METAG_KJLCEJNP,0,0,0,Alpha-Other,99.24,MAG
TARA_SAMEA2622695_METAG_PPIEDCML,0,0,0,Alpha-Other,92.28,MAG
TARA_SAMEA2622695_METAG_BLJEPEJF,0,0,0,Gamma-Other,90.44,MAG
TARA_SAMEA2622695_METAG_EEIOIJLI,1,1,1,Gamma-Other,89.76,MAG
TARA_SAMEA2622695_METAG_CCMMJIDN,0,0,0,Gamma-Other,91.53,MAG
TARA_SAMEA2621003_METAG_GHPCFLJN,0,0,0,Alpha-Other,78.96,MAG
TARA_SAMEA2621003_METAG_PPLHGMJA,0,0,0,Acidobacteriota,86.03,MAG
TARA_SAMEA2623385_METAG_KOBCMOFH,0,0,0,Gamma-Other,84.65,MAG
TARA_SAMEA2623385_METAG_OPDGICHD,0,0,0,Bacteroidota,79.42,MAG
TARA_SAMEA2619548_METAG_EKHELPFN,0,0,0,Archaea-Nitrosopumilaceae,90.84,MAG
TARA_SAMEA4396489_METAG_PNEAOHFJ,0,0,0,Bacteroidota,99.25,MAG
TARA_SAMEA4396489_METAG_JCHDNPJO,1,1,1,Bacteroidota,86.54,MAG
TARA_SAMEA4396489_METAG_AIPLEFJK,0,0,0,Bacteroidota,93.14,MAG
TARA_SAMEA4396489_METAG_KLAOAPLD,1,1,1,Bacteroidota,90.15,MAG
TARA_SAMEA4396489_METAG_HMLIJBGP,0,0,0,Gamma-Other,98.54,MAG
TARA_SAMEA4396489_METAG_LNPLLIJH,1,1,1,Alpha-Rhodobacter,92.12,MAG
TARA_SAMEA4396489_METAG_KGPCBANM,0,0,0,Gamma-Other,92.33,MAG
TARA_SAMEA4396489_METAG_MGODDFLG,1,1,1,Actinobacteriota,98.22,MAG
TARA_SAMEA4396489_METAG_OJJOAMNG,0,0,0,Bacteroidota,94.38,MAG
TARA_SAMEA4396489_METAG_LDIHKDMJ,0,0,0,Bacteroidota,87.62,MAG
TARA_SAMEA4396489_METAG_ODDEFBDL,1,1,1,Bacteroidota,97.86,MAG
TARA_SAMEA4397295_METAG_HEGEJJIG,1,1,1,Bacteria-Other,96.75,MAG
TARA_SAMEA4397295_METAG_KKGMBBHD,0,0,0,Gamma-Other,88.04,MAG
TARA_SAMEA4397295_METAG_CPAOGDCL,0,0,0,Bacteroidota,92.18,MAG
TARA_SAMEA4397295_METAG_IILNPAIN,1,1,1,Gamma-Other,86.16,MAG
TARA_SAMEA4397295_METAG_AKOJOGFD,0,0,0,Bacteroidota,98.72,MAG
TARA_SAMEA4397295_METAG_JDGJMFPC,1,1,1,Alpha-Other,95.48,MAG
TARA_SAMEA4397295_METAG_DPMLBJKP,1,1,1,Gamma-Other,78.53,MAG
TARA_SAMEA4397295_METAG_LGDNALGL,0,0,0,Bacteroidota,81.66,MAG
TARA_SAMEA4397295_METAG_FGIGCOEA,0,0,0,Alpha-Other,94.71,MAG
TARA_SAMEA4397295_METAG_CHFOABHE,1,1,1,Alpha-Rhodobacter,98.96,MAG
TARA_SAMEA4397295_METAG_NFKGHKPH,0,0,0,Alpha-Rhodobacter,89.92,MAG
TARA_SAMEA4397295_METAG_KFPJNEBE,0,0,0,Alpha-Other,93.25,MAG
TARA_SAMEA4397363_METAG_KNEHOGNN,0,0,0,Alpha-Rhodobacter,82.32,MAG
TARA_SAMEA4397363_METAG_ALAKJOMB,1,1,1,Gamma-Other,99.38,MAG
TARA_SAMEA4397363_METAG_PEEMKBIH,0,0,0,Alpha-Rhodobacter,76.48,MAG
TARA_SAMEA4397363_METAG_MIHECLMN,1,1,1,Gamma-Other,95.22,MAG
TARA_SAMEA4397363_METAG_BMGIPIJA,0,0,0,Gamma-Other,77.82,MAG
TARA_SAMEA4397363_METAG_ALEIFOKK,0,0,0,Alpha-Other,83.78,MAG
TARA_SAMEA4397363_METAG_LCAJOBFM,0,0,0,Alpha-Rhodobacter,89.85,MAG
TARA_SAMEA4397363_METAG_CECNBIBD,1,1,1,Alpha-Rhodobacter,99.11,MAG
TARA_SAMEA4397363_METAG_NKDPALCA,1,1,1,Bacteroidota,90.89,MAG
TARA_SAMEA4397363_METAG_CEGNMIJP,1,1,1,Gamma-Other,96.4,MAG
TARA_SAMEA4397666_METAG_GEHNEDPC,1,1,1,Gamma-Other,82.46,MAG
TARA_SAMEA4397666_METAG_NMFMJJLO,1,1,1,Gamma-Other,82.84,MAG
TARA_SAMEA4397666_METAG_KOFOEKLF,1,1,1,Gamma-Other,85.17,MAG
TARA_SAMEA4397666_METAG_KDJEKNNN,0,0,0,Bacteroidota,76.66,MAG
TARA_SAMEA4397666_METAG_KNMAPNLK,0,0,0,Bacteroidota,96.21,MAG
TARA_SAMEA4397666_METAG_ACOFDJEN,0,0,0,Gamma-Other,98.91,MAG
TARA_SAMEA4397666_METAG_LFCFEOFA,0,0,0,Alpha-Rhodobacter,82.51,MAG
TARA_SAMEA4397666_METAG_BEOCIIDB,0,0,0,Alpha-Other,95.16,MAG
TARA_SAMEA4397666_METAG_ABDEGCDA,0,0,0,Gamma-Other,79.62,MAG
TARA_SAMEA4397666_METAG_DFNAICKB,0,0,0,Alpha-Other,76.97,MAG
TARA_SAMEA4397666_METAG_AGODLCHL,0,0,0,Bacteroidota,97.65,MAG
TARA_SAMEA2621271_METAG_BHKEHIPM,0,0,0,Alpha-Rhodobacter,84.45,MAG
TARA_SAMEA2621271_METAG_JBMDAMLJ,0,0,0,Gamma-Other,95.07,MAG
TARA_SAMEA2621271_METAG_INEEGEBM,0,0,0,Bacteroidota,100,MAG
TARA_SAMEA2622331_METAG_DIKPKKCE,0,0,0,Gamma-Other,92.84,MAG
TARA_SAMEA2622331_METAG_JCPAAJFC,0,0,0,Bacteroidota,88.65,MAG
TARA_SAMEA2621107_METAG_LANNJOHC,0,0,0,Alpha-Rhodobacter,77.12,MAG
TARA_SAMEA2621107_METAG_FPLPNPBB,0,0,0,Gamma-Other,91.26,MAG
TARA_SAMEA2621107_METAG_HMFCIFOE,0,0,0,Alpha-Other,83.33,MAG
TARA_SAMEA2621107_METAG_MBDOFGMO,0,0,0,Gamma-Other,91.14,MAG
TARA_SAMEA2621107_METAG_FNANGONO,1,1,1,Bacteroidota,95.83,MAG
TARA_SAMEA2621107_METAG_PLNIOFFK,0,0,0,Bacteroidota,88.65,MAG
TARA_SAMEA4397722_METAG_DFGHONHO,1,1,1,Gamma-Other,76.22,MAG
TARA_SAMEA4397722_METAG_LBFGKHBH,0,0,0,Bacteroidota,92.87,MAG
TARA_SAMEA4397722_METAG_DODEBMHC,0,0,0,Gamma-Other,87.04,MAG
TARA_SAMEA4397722_METAG_GFPLLOFB,0,0,0,Bacteroidota,97.65,MAG
TARA_SAMEA4397722_METAG_BKLGAPKD,0,0,0,Alpha-Other,82.08,MAG
TARA_SAMEA4397722_METAG_BFHJPBOG,1,1,1,Gamma-Other,75.44,MAG
TARA_SAMEA4397722_METAG_AFBMIOFG,0,0,0,Bacteroidota,99.52,MAG
TARA_SAMEA4397722_METAG_FLIFJHBF,0,0,0,Bacteroidota,93.18,MAG
TARA_SAMEA4397409_METAG_AGGOFNMM,0,0,0,Alpha-Other,98.66,MAG
TARA_SAMEA4397409_METAG_CCPIBCBG,0,0,0,Gamma-Other,99.71,MAG
TARA_SAMEA4397409_METAG_KMAHOEFJ,0,0,0,Alpha-Other,90.72,MAG
TARA_SAMEA2622764_METAG_OLCGPNDJ,0,0,0,Bacteroidota,98.92,MAG
TARA_SAMEA2622764_METAG_EFPGPPLG,0,0,0,Cyano-Pro,86.48,MAG
TARA_SAMEA2622764_METAG_COJGOHCA,0,0,0,Bacteroidota,87.36,MAG
TARA_SAMEA2622737_METAG_HPGMPLOF,1,1,1,Planctomycetota,97.22,MAG
TARA_SAMEA2622737_METAG_CHPLGDHK,0,0,0,Gamma-Other,93.1,MAG
TARA_SAMEA2622737_METAG_HGAEOBNM,0,0,0,Gamma-Other,79.04,MAG
TARA_SAMEA2622737_METAG_HMOCFPAL,0,0,0,Gamma-Other,96.62,MAG
TARA_SAMEA2622737_METAG_DNKCLKFP,0,0,0,Alpha-Other,80.16,MAG
TARA_SAMEA2622737_METAG_AEEMAJOM,1,1,1,Gamma-Other,76.95,MAG
TARA_SAMEA2622737_METAG_CEKODEKK,0,0,0,Gamma-Other,80.61,MAG
TARA_SAMEA2622737_METAG_LFMACBGP,0,0,0,Gamma-Other,91.57,MAG
TARA_SAMEA2622737_METAG_BNBOAFAC,0,0,0,Alpha-Other,93.82,MAG
TARA_SAMEA4397627_METAG_NFMKHDIK,0,0,0,Bacteroidota,93.22,MAG
TARA_SAMEA4397627_METAG_MKNHFLDO,0,0,0,Bacteroidota,91.38,MAG
TARA_SAMEA4397627_METAG_AHLPKBKF,0,0,0,Gamma-Other,90.74,MAG
TARA_SAMEA4397627_METAG_NBMNCCBK,0,0,0,Alpha-Other,84.23,MAG
TARA_SAMEA4397627_METAG_MGFAOGDI,0,0,0,Bacteroidota,97.65,MAG
TARA_SAMEA2620879_METAG_LAADGIIA,0,0,0,Gamma-Other,90.96,MAG
TARA_SAMEA2620879_METAG_HBJBAPAL,0,0,0,Bacteroidota,91.5,MAG
TARA_SAMEA2620879_METAG_CDGJNAMD,0,0,0,Bacteroidota,84.42,MAG
TARA_SAMEA2620879_METAG_IHKMCENH,0,0,0,Gamma-Other,96.91,MAG
TARA_SAMEA2620879_METAG_PEGJDAJJ,0,0,0,Gamma-Other,83.47,MAG
TARA_SAMEA2620879_METAG_DCMAAGAJ,0,0,0,Bacteroidota,97.26,MAG
TARA_SAMEA4396515_METAG_PBGKFNGD,1,1,1,Bacteroidota,90.4,MAG
TARA_SAMEA4396515_METAG_JGLKMNCE,1,1,1,Alpha-Other,99.64,MAG
TARA_SAMEA4396515_METAG_JCDCCEGE,0,0,0,Bacteroidota,86.52,MAG
TARA_SAMEA4396515_METAG_ALOAMOFJ,0,0,0,Bacteroidota,97.65,MAG
TARA_SAMEA4396515_METAG_KAEBOGCH,0,0,0,Bacteroidota,92.96,MAG
TARA_SAMEA4396515_METAG_LLNDKEAP,0,0,0,Alpha-Other,80.1,MAG
TARA_SAMEA4396515_METAG_PAEGHNPA,0,0,0,Bacteroidota,99.15,MAG
TARA_SAMEA4396515_METAG_CBOBEGLJ,1,1,1,Gamma-Other,99.01,MAG
TARA_SAMEA2619815_METAG_BNMAMEAB,0,0,0,Alpha-Other,79.08,MAG
TARA_SAMEA2619815_METAG_IBBHGPDL,0,0,0,Gamma-Other,98.12,MAG
TARA_SAMEA2619815_METAG_FDHJOLJE,0,0,0,Bacteroidota,77.22,MAG
TARA_SAMEA2619815_METAG_KGHEEFOM,0,0,0,Bacteroidota,95.2,MAG
TARA_SAMEA2623403_METAG_OLCBBAEN,0,0,0,Bacteroidota,80.23,MAG
TARA_SAMEA2623403_METAG_PCNEJIID,0,0,0,Gamma-Other,87.16,MAG
TARA_SAMEA2623403_METAG_PJOKMGLJ,0,0,0,Bacteroidota,100,MAG
TARA_SAMEA2623403_METAG_NKDDHBPN,0,0,0,Gamma-Other,99.24,MAG
TARA_SAMEA4398111_METAG_GOJNOAIA,1,1,1,Bacteroidota,90.21,MAG
TARA_SAMEA4398193_METAG_JDLLPAOC,1,1,1,Bacteroidota,77.77,MAG
TARA_SAMEA4398193_METAG_HHEEBMME,0,0,0,Bacteroidota,97.66,MAG
TARA_SAMEA2622763_METAG_MNJLKKHG,0,0,0,Bacteria-Other,95.1,MAG
TARA_SAMEA2620979_METAG_OOHOKJAO,0,0,0,Bacteroidota,94.72,MAG
TARA_SAMEA2620824_METAG_GEJHHNAG,0,0,0,Bacteroidota,99.26,MAG
TARA_SAMEA2620824_METAG_IGMPJJKD,0,0,0,Bacteroidota,100,MAG
TARA_SAMEA2620824_METAG_CBEDBHBG,1,1,1,Bacteroidota,96.64,MAG
TARA_SAMEA2620824_METAG_ODAODOHK,1,1,1,Gamma-Other,96.29,MAG
TARA_SAMEA2620663_METAG_NPACDBIK,0,0,0,Bacteroidota,98.1,MAG
TARA_SAMEA4398083_METAG_MIHHGDJF,1,1,1,Gamma-Other,79.12,MAG
TARA_SAMEA4398083_METAG_BJNGMBNJ,0,0,0,Gamma-Other,96.81,MAG
TARA_SAMEA4398083_METAG_DMAHDIAE,0,0,0,Bacteroidota,97.6,MAG
TARA_SAMEA2622112_METAG_LOGGOEPE,0,0,0,Gamma-Other,90.17,MAG
TARA_SAMEA2622112_METAG_FEDMBOLB,1,1,1,Gamma-Other,80,MAG
TARA_SAMEA4398027_METAG_KIENBOHL,0,0,0,Gamma-Other,79.82,MAG
TARA_SAMEA4398027_METAG_PHDMBMMK,1,1,1,Bacteroidota,98.54,MAG
TARA_SAMEA4398027_METAG_CCPCDIOE,0,0,0,Alpha-Other,91.83,MAG
TARA_SAMEA4398027_METAG_HPJCCILF,1,1,1,Gamma-Other,80.9,MAG
TARA_SAMEA4398027_METAG_OGFBIGCF,0,0,0,Alpha-Other,98.02,MAG
TARA_SAMEA2620210_METAG_IEFJCOAK,0,0,0,Alpha-Other,75.36,MAG
TARA_SAMEA2620210_METAG_NMNIAAFA,0,0,0,Bacteroidota,98,MAG
TARA_SAMEA2622517_METAG_EJNGNIDH,0,0,0,Gamma-Other,93.77,MAG
TARA_SAMEA2622517_METAG_AEDFJLAN,0,0,0,Alpha-Rhodobacter,80.53,MAG
TARA_SAMEA2622517_METAG_BKOKPGHE,0,0,0,Alpha-Other,86.35,MAG
TARA_SAMEA2622517_METAG_EMLNLLHG,0,0,0,Gamma-Other,91.5,MAG
TARA_SAMEA2622705_METAG_PFEONJOJ,0,0,0,Bacteroidota,94.96,MAG
TARA_SAMEA2621229_METAG_OEEKLJFI,0,0,0,Gamma-Other,80.32,MAG
TARA_SAMEA2621229_METAG_DGJFBDNN,0,0,0,Bacteroidota,88.65,MAG
TARA_SAMEA2621229_METAG_NLIKONGB,0,0,0,Gamma-Other,98.62,MAG
TARA_SAMEA2621229_METAG_GBFBNBDJ,0,0,0,Alpha-Other,99.57,MAG
TARA_SAMEA2621229_METAG_GMEICKHC,0,0,0,Alpha-Rhodobacter,80.47,MAG
TARA_SAMEA2621229_METAG_NCGBJPLF,0,0,0,Gamma-Other,78.2,MAG
TARA_SAMEA2622190_METAG_ODPFDOLA,0,0,0,Bacteroidota,99.26,MAG
TARA_SAMEA2622190_METAG_DDNOJCJL,1,1,1,Gamma-Other,81.73,MAG
TARA_SAMEA2622190_METAG_BCPCPDJK,0,0,0,Bacteroidota,100,MAG
TARA_SAMEA2621416_METAG_LJJAKGNA,0,0,0,Bacteroidota,100,MAG
TARA_SAMEA2621416_METAG_PBCDJFNI,0,0,0,Bacteroidota,93.44,MAG
TARA_SAMEA2621101_METAG_BOCIOJNI,1,1,1,Actinobacteriota,97.16,MAG
TARA_SAMEA2621101_METAG_PFFJNDGN,0,0,0,Alpha-Rhodobacter,85.35,MAG
TARA_SAMEA2621101_METAG_GFCMGELJ,0,0,0,Alpha-Other,98.08,MAG
TARA_SAMEA2621101_METAG_PEGGBNML,1,1,1,Gamma-Other,79.14,MAG
TARA_SAMEA2620925_METAG_JPOLFDKL,0,0,0,Gamma-Other,96.01,MAG
TARA_SAMEA2620925_METAG_MOIAHGGC,1,1,1,Bacteroidota,88.28,MAG
TARA_SAMEA2620925_METAG_PKAGHDDF,0,0,0,Gamma-Other,98.32,MAG
TARA_SAMEA2621213_METAG_JEEIEFMO,0,0,0,Alpha-Other,98.97,MAG
TARA_SAMEA2621213_METAG_FEOLLPHB,0,0,0,Bacteroidota,88.65,MAG
TARA_SAMEA2621213_METAG_MDPFKEIJ,1,1,1,Actinobacteriota,97.61,MAG
TARA_SAMEA2621213_METAG_NNGNNKCK,0,0,0,Bacteroidota,89.28,MAG
TARA_SAMEA2621213_METAG_AJNKHAPD,0,0,0,Alpha-Other,91.97,MAG
TARA_SAMEA4398238_METAG_DNPPHHEA,0,0,0,Alpha-Other,91.36,MAG
TARA_SAMEA4398238_METAG_FBOACPEK,0,0,0,Bacteroidota,98.7,MAG
TARA_SAMEA4398238_METAG_PBPBPMLH,0,0,0,Bacteroidota,98.92,MAG
TARA_SAMEA4398238_METAG_PFLNLPDD,1,1,1,Actinobacteriota,98.22,MAG
TARA_SAMEA4398238_METAG_IHCPMFJL,1,1,1,Gamma-Other,83.5,MAG
TARA_SAMEA2621551_METAG_ACFJIBPJ,0,0,0,Archaea-Nitrosopumilaceae,78.5,MAG
TARA_SAMEA2622842_METAG_FFNCDDGJ,1,1,1,Bacteria-Other,90.72,MAG
TARA_SAMEA2622842_METAG_GPFJFIHD,0,0,0,Bacteria-Other,93.08,MAG
TARA_SAMEA2622842_METAG_COKGKMAM,0,0,0,Cyano-Pro,83.65,MAG
TARA_SAMEA4398168_METAG_JDCGBEAN,1,1,1,Gamma-Other,84.53,MAG
TARA_SAMEA4398168_METAG_DCDEDCJB,1,1,1,Bacteroidota,81.88,MAG
TARA_SAMEA4397023_METAG_KBAAKLHO,1,1,1,Bacteroidota,94.49,MAG
TARA_SAMEA4397023_METAG_KFHKAAFO,0,0,0,Alpha-Other,78.46,MAG
TARA_SAMEA4397023_METAG_ACFKGOCL,0,0,0,Alpha-Other,100,MAG
TARA_SAMEA4397023_METAG_KBKDDKJL,0,0,0,Bacteroidota,99.25,MAG
TARA_SAMEA4397023_METAG_JMEHPKDG,1,1,1,Bacteroidota,94.23,MAG
TARA_SAMEA4397023_METAG_HHOBLENN,0,0,0,Alpha-Other,93.22,MAG
TARA_SAMEA4397023_METAG_EFLDIDJM,0,0,0,Alpha-Rhodobacter,82.46,MAG
TARA_SAMEA4397023_METAG_DCKGLPKH,0,0,0,Gamma-Other,97.46,MAG
TARA_SAMEA4397023_METAG_KOLKIBFJ,0,0,0,Bacteroidota,98.56,MAG
TARA_SAMEA2619992_METAG_CLCNJPMJ,0,0,0,Gamma-Other,91.85,MAG
TARA_SAMEA2623365_METAG_KODCKHPM,0,0,0,Gamma-Other,92.28,MAG
TARA_SAMEA2622821_METAG_HFPCAPCG,0,0,0,Bacteroidota,93.3,MAG
TARA_SAMEA2622821_METAG_JBIHNNEM,1,1,1,Gamma-Other,77.52,MAG
TARA_SAMEA2622821_METAG_IPBDHMCK,0,0,0,Gamma-Other,83.02,MAG
TARA_SAMEA2622800_METAG_ELKIAIMB,0,0,0,Gamma-Other,96.86,MAG
TARA_SAMEA2622800_METAG_JOJMEKIM,0,0,0,Alpha-Other,96.24,MAG
TARA_SAMEA2622800_METAG_HKDCJNAN,0,0,0,Alpha-Other,98.3,MAG
TARA_SAMEA4398387_METAG_KGGMPMBE,0,0,0,Alpha-Other,86.93,MAG
TARA_SAMEA4398387_METAG_OIKGMAKI,0,0,0,Bacteroidota,98.38,MAG
TARA_SAMEA4398387_METAG_INIILPPH,1,1,1,Gamma-Other,92.36,MAG
TARA_SAMEA4398387_METAG_EDLHPHMB,1,1,1,Gamma-Other,78,MAG
TARA_SAMEA4398387_METAG_EACEGFLE,0,0,0,Bacteroidota,98.52,MAG
TARA_SAMEA4398387_METAG_IMKEFAPF,1,1,1,Gamma-Other,81.62,MAG
TARA_SAMEA4398387_METAG_DDLPEJIJ,1,1,1,Gamma-Other,84.74,MAG
TARA_SAMEA4398387_METAG_FPILOPDJ,1,1,1,Bacteroidota,85.93,MAG
TARA_SAMEA4398387_METAG_PECOCOFK,1,1,1,Alpha-Other,92.26,MAG
TARA_SAMEA4398387_METAG_ODCCDDPF,0,0,0,Alpha-Other,83.46,MAG
TARA_SAMEA4398387_METAG_KOKJDNCJ,1,1,1,Bacteroidota,84.07,MAG
TARA_SAMEA2622677_METAG_HOLFOPNK,1,1,1,Gamma-Other,87.7,MAG
TARA_SAMEA4397536_METAG_IAMHIKJE,0,0,0,Bacteroidota,98.72,MAG
TARA_SAMEA4397536_METAG_NGKLCELP,0,0,0,Alpha-Other,98.57,MAG
TARA_SAMEA4397536_METAG_HNHPOKJG,0,0,0,Gamma-Other,81.34,MAG
TARA_SAMEA4397536_METAG_JCEINODL,1,1,1,Gamma-Other,96.78,MAG
TARA_SAMEA4397536_METAG_KKDMKAOB,0,0,0,Bacteroidota,98.92,MAG
TARA_SAMEA4397536_METAG_HJPOMIPE,0,0,0,Alpha-Other,78.08,MAG
TARA_SAMEA4397536_METAG_AFNFDPOF,1,1,1,Bacteroidota,79.02,MAG
TARA_SAMEA4397536_METAG_FFIOPBEG,1,1,1,Actinobacteriota,86.9,MAG
TARA_SAMEA2621020_METAG_LHAPOLHG,0,0,0,Gamma-Other,89.62,MAG
TARA_SAMEA2620980_METAG_KJEMGKPN,0,0,0,Gamma-Other,95.6,MAG
TARA_SAMEA2620980_METAG_GOMIKIEJ,0,0,0,Bacteroidota,94.08,MAG
TARA_SAMEA2620980_METAG_OLBJCDLG,0,0,0,Bacteroidota,97.67,MAG
TARA_SAMEA2620980_METAG_HGEIIKJD,0,0,0,Bacteroidota,95.09,MAG
TARA_SAMEA4397051_METAG_NICJGIMD,1,1,1,Bacteroidota,98.2,MAG
TARA_SAMEA4397051_METAG_DFNDBDPF,0,0,0,Alpha-Other,95.53,MAG
TARA_SAMEA2620120_METAG_BPFDICKC,0,0,0,Bacteroidota,98.08,MAG
TARA_SAMEA2620120_METAG_NDLMHPOK,0,0,0,Gamma-Other,87.39,MAG
TARA_SAMEA2620120_METAG_JHGAGGEN,0,0,0,Alpha-Rhodobacter,99.32,MAG
TARA_SAMEA2620812_METAG_EMMJCCHN,0,0,0,Gamma-Other,85.8,MAG
TARA_SAMEA2620812_METAG_GMIGDEIC,0,0,0,Bacteroidota,100,MAG
TARA_SAMEA2620812_METAG_JCKFCHDC,1,1,1,Gamma-Other,97.11,MAG
TARA_SAMEA2623808_METAG_MABHOEKC,0,0,0,Archaea-Nitrosopumilaceae,90.69,MAG
TARA_SAMEA2621076_METAG_CIJCAHMD,1,1,1,Gamma-Other,92.35,MAG
TARA_SAMEA2620929_METAG_POMJIOIE,0,0,0,Archaea-Nitrosopumilaceae,87.01,MAG
TARA_SAMEA2621076_METAG_NMEHEGLM,1,1,1,Planctomycetota,90.52,MAG
TARA_SAMEA2620929_METAG_ILNHKFBE,0,0,0,Archaea-Nitrosopumilaceae,80.74,MAG
TARA_SAMEA2621076_METAG_CHIHFAML,0,0,0,Verrucomicrobiota,96.05,MAG
TARA_SAMEA2623886_METAG_HAHLOJEE,0,0,0,Archaea-Nitrosopumilaceae,88.76,MAG
TARA_SAMEA2621092_METAG_LFLIOBJH,0,0,0,Archaea-Other,85.28,MAG
TARA_SAMEA2622765_METAG_MCAPBGGC,1,1,1,Planctomycetota,94.86,MAG
TARA_SAMEA2622765_METAG_KPGLPPEC,0,0,0,Bacteroidota,95.08,MAG
TARA_SAMEA2622765_METAG_JEJHEJOH,1,1,1,Actinobacteriota,86.18,MAG
TARA_SAMEA2621092_METAG_FAIIMBMC,0,0,0,Archaea-Other,76.16,MAG
TARA_SAMEA2622765_METAG_EKGGGPHD,0,0,0,Planctomycetota,91.08,MAG
TARA_SAMEA2622765_METAG_ELDONANN,0,0,0,Bacteroidota,77.11,MAG
TARA_SAMEA2622765_METAG_OGNPIJOJ,0,0,0,Bacteroidota,99.34,MAG
TARA_SAMEA2622765_METAG_KHPEIIMH,0,0,0,Bacteria-Other,82.31,MAG
TARA_SAMEA2622765_METAG_BPDKPLII,0,0,0,Bacteroidota,90.09,MAG
TARA_SAMEA4397948_METAG_DCOGFKAD,0,0,0,Alpha-Other,94.84,MAG
TARA_SAMEA4397948_METAG_CHAFHNCL,0,0,0,Gamma-Other,89.44,MAG
TARA_SAMEA4397948_METAG_GAIKMPKP,0,0,0,Alpha-Other,81.08,MAG
TARA_SAMEA4397948_METAG_DLHAEHMG,0,0,0,Gamma-Other,89.44,MAG
TARA_SAMEA4397948_METAG_OBDICMIC,0,0,0,Alpha-Other,79.37,MAG
TARA_SAMEA2621099_METAG_OCNFLOGF,0,0,0,Bacteroidota,96,MAG
TARA_SAMEA2621099_METAG_OLNLEHLG,1,1,1,Gamma-Other,92.52,MAG
TARA_SAMEA2621099_METAG_FAKAABGD,1,1,1,Gamma-Other,79.21,MAG
TARA_SAMEA2622822_METAG_JPJGAGOM,0,0,0,Chloroflexota,96.15,MAG
TARA_SAMEA2622822_METAG_GIMLMOHK,0,0,0,Chloroflexota,93.36,MAG
TARA_SAMEA2622822_METAG_FCCFBHEI,0,0,0,Gamma-Other,91.73,MAG
TARA_SAMEA2622822_METAG_PFPKAGJD,0,0,0,Gamma-Other,77.52,MAG
TARA_SAMEA2622822_METAG_PECFKPHI,0,0,0,Gamma-Other,96.98,MAG
TARA_SAMEA2622822_METAG_ILEHCGBC,0,0,0,Chloroflexota,94.12,MAG
TARA_SAMEA2622822_METAG_KAJMIAIP,0,0,0,Bacteria-Other,96.22,MAG
TARA_SAMEA2622832_METAG_PNFLDDIH,0,0,0,Gamma-Other,98.58,MAG
TARA_SAMEA2621260_METAG_GMLPNFLP,0,0,0,Alpha-Other,78.27,MAG
TARA_SAMEA2621260_METAG_AJLJEBEE,0,0,0,Cyano-Other,84.22,MAG
TARA_SAMEA2621260_METAG_PPDGCGCM,0,0,0,Cyano-Pro,90.04,MAG
TARA_SAMEA2621260_METAG_NHGAOCKL,0,0,0,Bacteroidota,80.5,MAG
TARA_SAMEA2621259_METAG_PHDMMIEN,0,0,0,Bacteroidota,94.54,MAG
TARA_SAMEA2619974_METAG_PDHLOGOD,1,1,1,Bacteroidota,91.26,MAG
TARA_SAMEA2619974_METAG_OPHEJNNB,0,0,0,Chloroflexota,93.34,MAG
TARA_SAMEA2620991_METAG_IHMIOLOJ,0,0,0,Bacteroidota,100,MAG
TARA_SAMEA2620991_METAG_GHGOHFOA,0,0,0,Bacteroidota,99.62,MAG
TARA_SAMEA2620991_METAG_FNJICMAA,0,0,0,Bacteroidota,98.36,MAG
TARA_SAMEA2622685_METAG_NBDDFOHO,0,0,0,Alpha-Other,96.75,MAG
TARA_SAMEA2622685_METAG_HPBFIIKF,0,0,0,Gamma-Other,91.48,MAG
TARA_SAMEA4398360_METAG_FGKHFMPH,1,1,1,Gamma-Other,91.38,MAG
TARA_SAMEA4398360_METAG_CBLJDGJE,0,0,0,Bacteroidota,88.29,MAG
TARA_SAMEA4398360_METAG_DKPFEOOP,0,0,0,Gamma-Other,99.1,MAG
TARA_SAMEA4398360_METAG_AEECNLEP,0,0,0,Bacteroidota,93.12,MAG
TARA_SAMEA4398360_METAG_ADDFJACO,0,0,0,Bacteroidota,95.94,MAG
TARA_SAMEA4398360_METAG_ABJPMGDG,0,0,0,Gamma-Other,92.84,MAG
TARA_SAMEA4398360_METAG_LGIBBHHD,0,0,0,Alpha-Other,88.83,MAG
TARA_SAMEA4398360_METAG_FGLHJHAM,0,0,0,Gamma-Other,99.4,MAG
TARA_SAMEA4398360_METAG_FOIOEKLJ,0,0,0,Gamma-Other,83.46,MAG
TARA_SAMEA4398360_METAG_EJMLAJOL,1,1,1,Gamma-Other,84.16,MAG
TARA_SAMEA4398360_METAG_DCAAOJBE,1,1,1,Bacteroidota,94.87,MAG
TARA_SAMEA4398360_METAG_OLCLGBMK,0,0,0,Gamma-Other,88.68,MAG
TARA_SAMEA2621548_METAG_JDIALMMG,0,0,0,Alpha-Rhodobacter,83.41,MAG
TARA_SAMEA2621548_METAG_OLLBFCIJ,1,1,1,Gamma-Other,81.57,MAG
TARA_SAMEA4398266_METAG_FKIOLFBB,0,0,0,Bacteroidota,90.46,MAG
TARA_SAMEA4398266_METAG_EOILENOM,0,0,0,Bacteroidota,97.65,MAG
TARA_SAMEA2622788_METAG_FPNEIPCC,0,0,0,Bacteroidota,77.59,MAG
TARA_SAMEA2622788_METAG_DDIEDHFH,0,0,0,Bacteroidota,100,MAG
TARA_SAMEA2622738_METAG_NONKINCC,0,0,0,Gamma-Other,97.72,MAG
TARA_SAMEA2622738_METAG_FBHIFEHA,1,1,1,Gamma-Other,81.92,MAG
TARA_SAMEA2622738_METAG_OCCIJEPL,0,0,0,Gamma-Other,92.6,MAG
TARA_SAMEA2622656_METAG_INDMLGBO,1,1,1,Bacteroidota,97.24,MAG
TARA_SAMEA2622656_METAG_BNJAAKAE,0,0,0,Bacteria-Other,95.1,MAG
TARA_SAMEA4398432_METAG_LIPBJAJE,1,1,1,Gamma-Other,75.97,MAG
TARA_SAMEA4398432_METAG_LPCKCMMB,0,0,0,Alpha-Other,99.84,MAG
TARA_SAMEA4398432_METAG_HALHCNPD,1,1,1,Gamma-Other,82.24,MAG
TARA_SAMEA4398432_METAG_MJANHEDD,1,1,1,Bacteroidota,82.7,MAG
TARA_SAMEA4398432_METAG_LCHEPJEI,1,1,1,Gamma-Other,98.21,MAG
TARA_SAMEA4398432_METAG_EJJNONPC,1,1,1,Gamma-Other,84.23,MAG
TARA_SAMEA4398432_METAG_GCJHFPHA,0,0,0,Gamma-Other,88.8,MAG
TARA_SAMEA2621222_METAG_ALLKMNAK,0,0,0,Alpha-Other,75.29,MAG
TARA_SAMEA2621222_METAG_CCOPFDJP,0,0,0,Planctomycetota,90.06,MAG
TARA_SAMEA4397330_METAG_PGCEMPOE,1,1,1,Gamma-Other,92.38,MAG
TARA_SAMEA4397330_METAG_DBDFGBIJ,0,0,0,Alpha-Rhodobacter,84.6,MAG
TARA_SAMEA4397330_METAG_KLOKAHBC,0,0,0,Gamma-Other,83.69,MAG
TARA_SAMEA4397330_METAG_INBJHHPP,0,0,0,Alpha-Other,80.92,MAG
TARA_SAMEA4397330_METAG_KGKHFCBB,1,1,1,Gamma-Other,99.76,MAG
TARA_SAMEA4397330_METAG_AJAKFBHF,0,0,0,Alpha-Rhodobacter,97.46,MAG
TARA_SAMEA4397330_METAG_CLFOBMKJ,0,0,0,Gamma-Other,94.33,MAG
TARA_SAMEA4397330_METAG_FKKJCDOP,0,0,0,Alpha-Other,96.43,MAG
TARA_SAMEA4397330_METAG_LJJKIJJI,0,0,0,Alpha-Rhodobacter,92.76,MAG
TARA_SAMEA4397330_METAG_JHJOBGJH,0,0,0,Gamma-Other,98.62,MAG
TARA_SAMEA4397330_METAG_JFMBAGAB,0,0,0,Alpha-Rhodobacter,75.22,MAG
TARA_SAMEA4397330_METAG_HKBLOPMM,1,1,1,Alpha-Rhodobacter,99.04,MAG
TARA_SAMEA4397586_METAG_KHMNOPDN,0,0,0,Bacteroidota,99.82,MAG
TARA_SAMEA4397586_METAG_HJFOCAIE,1,1,1,Alpha-Rhodobacter,78.38,MAG
TARA_SAMEA4397586_METAG_NKDPMADB,0,0,0,Gamma-Other,96.38,MAG
TARA_SAMEA4397586_METAG_JHDKONLP,0,0,0,Alpha-Other,96.84,MAG
TARA_SAMEA4397586_METAG_OACGAHFM,0,0,0,Alpha-Other,99.4,MAG
TARA_SAMEA4397586_METAG_OPBMMDJG,0,0,0,Gamma-Other,99.27,MAG
TARA_SAMEA2621564_METAG_CPLGCGFI,1,1,1,Gamma-Other,97.04,MAG
TARA_SAMEA2621564_METAG_GKALJALI,0,0,0,Alpha-Other,99.49,MAG
TARA_SAMEA2621564_METAG_COPPEPOE,1,1,1,Gamma-Other,100,MAG
TARA_SAMEA2622696_METAG_CNHJOMIH,1,1,1,Planctomycetota,92.61,MAG
TARA_SAMEA2622696_METAG_GBGJNBME,1,1,1,Gamma-Other,82.78,MAG
TARA_SAMEA2620256_METAG_EHNPFGCO,0,0,0,Gamma-Other,97.71,MAG
TARA_SAMEA4397489_METAG_LIGLIBEG,1,1,1,Actinobacteriota,98.22,MAG
TARA_SAMEA4397489_METAG_CDPIIOII,0,0,0,Alpha-Other,81.51,MAG
TARA_SAMEA4397489_METAG_CGBPAIPC,0,0,0,Bacteroidota,93.9,MAG
TARA_SAMEA4397489_METAG_NNDDOPIC,0,0,0,Bacteroidota,88.65,MAG
TARA_SAMEA4397489_METAG_OCMAOAHK,1,1,1,Gamma-Other,94.35,MAG
TARA_SAMEA4397489_METAG_MDCPFLFP,1,1,1,Alpha-Rhodobacter,86.48,MAG
TARA_SAMEA4397489_METAG_PMFBIFBE,0,0,0,Alpha-Other,99.22,MAG
TARA_SAMEA4397489_METAG_HBMDAJAD,0,0,0,Bacteroidota,96.14,MAG
TARA_SAMEA4397489_METAG_KHOINBBL,0,0,0,Bacteroidota,93.43,MAG
TARA_SAMEA4397489_METAG_NELFBNMP,0,0,0,Alpha-Other,99.4,MAG
TARA_SAMEA4397489_METAG_NNOLCNPJ,0,0,0,Bacteroidota,96.18,MAG
TARA_SAMEA4397489_METAG_LPELOJFC,1,1,1,Actinobacteriota,93.1,MAG
TARA_SAMEA4397489_METAG_DDNNPMEM,1,1,1,Gamma-Other,81.1,MAG
TARA_SAMEA2622725_METAG_HEDDHJAP,0,0,0,Bacteroidota,100,MAG
TARA_SAMEA2622725_METAG_PFKAICJK,0,0,0,Gamma-Other,90.42,MAG
TARA_SAMEA2620384_METAG_CNILBOBH,0,0,0,Gamma-Other,97.72,MAG
TARA_SAMEA2620384_METAG_IDMOJFEE,0,0,0,Alpha-Other,96.85,MAG
TARA_SAMEA2620967_METAG_GMIJNKGA,0,0,0,Bacteroidota,98.36,MAG
TARA_SAMEA2620967_METAG_FCJJDIDE,0,0,0,Bacteroidota,87.87,MAG
TARA_SAMEA2620967_METAG_MHNHOBDL,0,0,0,Bacteroidota,99.62,MAG
TARA_SAMEA2621502_METAG_OLHKLEMF,0,0,0,Bacteroidota,84.32,MAG
TARA_SAMEA2621502_METAG_JHBLMCLA,0,0,0,Alpha-Rhodobacter,98.47,MAG
TARA_SAMEA2621502_METAG_HFKILBIH,1,1,1,Gamma-Other,90.24,MAG
TARA_SAMEA2619854_METAG_AKFICFLL,1,1,1,Gamma-Other,82.59,MAG
TARA_SAMEA2619854_METAG_JNNOHJHA,0,0,0,Alpha-Other,82.4,MAG
TARA_SAMEA2619854_METAG_CPDGFNEH,0,0,0,Gamma-Other,81.44,MAG
TARA_SAMEA2621044_METAG_NLIEDCCB,0,0,0,Bacteria-Other,87.78,MAG
TARA_SAMEA2621044_METAG_EFPKIGCM,0,0,0,Gamma-Other,92.89,MAG
TARA_SAMEA2621285_METAG_JHHENPEL,0,0,0,Bacteroidota,100,MAG
TARA_SAMEA2619903_METAG_DIKCGOLO,0,0,0,Alpha-Rhodobacter,92,MAG
TARA_SAMEA2619903_METAG_GCKAJHHI,0,0,0,Bacteroidota,87.01,MAG
TARA_SAMEA2619903_METAG_AMEKCAIK,0,0,0,Bacteroidota,97.8,MAG
TARA_SAMEA2619903_METAG_DPEJDILF,1,1,1,Gamma-Other,85.8,MAG
TARA_SAMEA2621528_METAG_NJMNCDJF,0,0,0,Bacteroidota,99.45,MAG
TARA_SAMEA2621528_METAG_NHBNBOHN,0,0,0,Gamma-Other,95.8,MAG
TARA_SAMEA2621528_METAG_OHKNIBHL,0,0,0,Gamma-Other,90.96,MAG
TARA_SAMEA2621528_METAG_FCNHCPFO,0,0,0,Gamma-Other,85.93,MAG
TARA_SAMEA2621528_METAG_PEEFNHOK,0,0,0,Bacteroidota,97.97,MAG
TARA_SAMEA2621528_METAG_GAEKHINC,0,0,0,Alpha-Rhodobacter,98.04,MAG
TARA_SAMEA4396988_METAG_JEDFGPEG,0,0,0,Bacteroidota,99.37,MAG
TARA_SAMEA4396988_METAG_AIPHAFPD,0,0,0,Bacteroidota,97.48,MAG
TARA_SAMEA4396988_METAG_IDBCELLN,0,0,0,Alpha-Other,84.4,MAG
TARA_SAMEA4396988_METAG_KCIJPEKM,1,1,1,Bacteroidota,82.86,MAG
TARA_SAMEA4396988_METAG_EJHBCOEF,1,1,1,Bacteroidota,94.38,MAG
TARA_SAMEA2621191_METAG_NKJIHIFM,1,1,1,Actinobacteriota,88.88,MAG
TARA_SAMEA2621191_METAG_MEEJFHNA,0,0,0,Alpha-Other,98.7,MAG
TARA_SAMEA2621191_METAG_LMHNKBAF,0,0,0,Bacteroidota,100,MAG
TARA_SAMEA4397445_METAG_FHNBJKON,1,1,1,Actinobacteriota,98.42,MAG
TARA_SAMEA4397445_METAG_JBDJCNHC,0,0,0,Alpha-Other,87.62,MAG
TARA_SAMEA4397445_METAG_HLBFEFCE,1,1,1,Alpha-Rhodobacter,76.88,MAG
TARA_SAMEA4397445_METAG_MBLGAKHO,0,0,0,Gamma-Other,89.44,MAG
TARA_SAMEA4397445_METAG_BOMCPOIN,0,0,0,Alpha-Other,80.55,MAG
TARA_SAMEA4397445_METAG_PJJJIEEK,1,1,1,Alpha-Rhodobacter,98.42,MAG
TARA_SAMEA4397445_METAG_HGODLIND,0,0,0,Bacteroidota,97.65,MAG
TARA_SAMEA4397445_METAG_KPMCFCOG,0,0,0,Bacteroidota,97.88,MAG
TARA_SAMEA4397445_METAG_JAAFGEDO,0,0,0,Alpha-Other,88.35,MAG
TARA_SAMEA4397445_METAG_EKMGMHMJ,0,0,0,Alpha-Rhodobacter,99.28,MAG
TARA_SAMEA4397445_METAG_NJJNPCEL,0,0,0,Alpha-Other,83.8,MAG
TARA_SAMEA4398315_METAG_NGBEDJFM,1,1,1,Gamma-Other,97.47,MAG
TARA_SAMEA4398315_METAG_CFCKLBGG,1,1,1,Gamma-Other,85.02,MAG
TARA_SAMEA4398315_METAG_CNDENDLD,1,1,1,Bacteroidota,83.22,MAG
TARA_SAMEA4398315_METAG_HMBDEPMD,1,1,1,Actinobacteriota,94.71,MAG
TARA_SAMEA2622736_METAG_JBDCCLCC,0,0,0,Gamma-Other,83.44,MAG
TARA_SAMEA2622736_METAG_PADLMHCI,1,1,1,Bacteroidota,81.61,MAG
TARA_SAMEA4397920_METAG_JEBMMHHI,0,0,0,Gamma-Other,90.54,MAG
TARA_SAMEA4397920_METAG_NEIKAHNK,0,0,0,Alpha-Rhodobacter,85.4,MAG
TARA_SAMEA4397920_METAG_LNPJJCHL,0,0,0,Alpha-Other,98.42,MAG
TARA_SAMEA4397920_METAG_PMCBOBPH,0,0,0,Alpha-Other,98.86,MAG
TARA_SAMEA2619950_METAG_LIIOEELH,0,0,0,Gamma-Other,77.46,MAG
TARA_SAMEA2619950_METAG_DLJCKPJE,0,0,0,Bacteroidota,78.59,MAG
TARA_SAMEA2621295_METAG_CNDLMPJM,0,0,0,Chloroflexota,82.81,MAG
TARA_SAMEA2621295_METAG_DIEHMMDN,1,1,1,Gamma-Other,84.95,MAG
TARA_SAMEA2622716_METAG_KANLKIKK,0,0,0,Bacteria-Other,95.1,MAG
TARA_SAMEA2622716_METAG_DPMIGLEP,1,1,1,Planctomycetota,96.63,MAG
TARA_SAMEA2622923_METAG_KJLKPKBH,0,0,0,Archaea-Nitrosopumilaceae,79.69,MAG
TARA_SAMEA2620217_METAG_NBBLGHIN,0,0,0,Archaea-Nitrosopumilaceae,83.27,MAG
TARA_SAMEA2622715_METAG_CBFMKKIP,0,0,0,Gamma-Other,91.08,MAG
TARA_SAMEA2620947_METAG_NGIMABDF,0,0,0,Alpha-Rhodobacter,97.95,MAG
TARA_SAMEA2620947_METAG_KOKJNJMG,0,0,0,Bacteroidota,98.36,MAG
TARA_SAMEA2620947_METAG_CAHAAHFC,0,0,0,Bacteroidota,99.26,MAG
TARA_SAMEA2622823_METAG_BBIBBMHL,0,0,0,Bacteroidota,81.19,MAG
TARA_SAMEA2622823_METAG_JBOAHDEL,1,1,1,Planctomycetota,94.31,MAG
TARA_SAMEA2622823_METAG_JJGKAEPP,0,0,0,Gamma-Other,90.05,MAG
TARA_SAMEA2622823_METAG_ELMEKHMK,1,1,1,Planctomycetota,95.19,MAG
TARA_SAMEA2622823_METAG_BEFCNFOE,0,0,0,Chloroflexota,95.62,MAG
TARA_SAMEA2622823_METAG_LJKENBAN,0,0,0,Chloroflexota,88.96,MAG
TARA_SAMEA2622823_METAG_HIAGCPJO,0,0,0,Alpha-Other,79.95,MAG
TARA_SAMEA2622823_METAG_IEILDKPM,0,0,0,Verrucomicrobiota,95.08,MAG
TARA_SAMEA2622823_METAG_AJBIIOFD,0,0,0,Chloroflexota,96.19,MAG
TARA_SAMEA4397118_METAG_NIFNPHFE,0,0,0,Gamma-Other,92.39,MAG
TARA_SAMEA4397118_METAG_HIJBLIPC,0,0,0,Gamma-Other,90.3,MAG
TARA_SAMEA4397118_METAG_OFHPKDAJ,0,0,0,Bacteroidota,96.93,MAG
TARA_SAMEA4397118_METAG_FGHJGGFJ,0,0,0,Gamma-Other,88.27,MAG
TARA_SAMEA4397118_METAG_DDLCHGOL,0,0,0,Bacteroidota,98.74,MAG
TARA_SAMEA4397118_METAG_FMCMIDDK,0,0,0,Bacteroidota,98.72,MAG
TARA_SAMEA4397118_METAG_HODDMFOC,0,0,0,Gamma-Other,92.94,MAG
TARA_SAMEA4397118_METAG_PFHJACHO,0,0,0,Gamma-Other,96,MAG
TARA_SAMEA4397118_METAG_IGLGCDDK,0,0,0,Bacteroidota,98.88,MAG
TARA_SAMEA4397118_METAG_BJANIDDI,0,0,0,Alpha-Rhodobacter,96.44,MAG
TARA_SAMEA2623327_METAG_IJMHDOJN,0,0,0,Bacteroidota,99.26,MAG
TARA_SAMEA2623327_METAG_PGFMPGEE,0,0,0,Gamma-Other,90.05,MAG
TARA_SAMEA2623327_METAG_PLDMHCIA,0,0,0,Bacteroidota,85.07,MAG
TARA_SAMEA2623327_METAG_MLLNKKDC,0,0,0,Gamma-Other,99.44,MAG
TARA_SAMEA2591132_METAG_PKMLAGLK,0,0,0,Bacteroidota,90.84,MAG
TARA_SAMEA2621300_METAG_CJLDEGMF,0,0,0,Bacteroidota,100,MAG
TARA_SAMEA2621300_METAG_MHLFBAAF,1,1,1,Alpha-Other,86.76,MAG
TARA_SAMEA2621300_METAG_AIFENDKD,1,1,1,Gamma-Other,99.28,MAG
TARA_SAMEA4397255_METAG_EPFKBAKD,1,1,1,Gamma-Other,98.3,MAG
TARA_SAMEA4397255_METAG_BJCMHLKJ,1,1,1,Gamma-Other,96.25,MAG
TARA_SAMEA4397255_METAG_KOLCMBKF,1,1,1,Gamma-Other,96.34,MAG
TARA_SAMEA4397255_METAG_BAGPGNGF,1,1,1,Alpha-Other,97.4,MAG
TARA_SAMEA4397255_METAG_JNCDLIJD,0,0,0,Alpha-Other,97.9,MAG
TARA_SAMEA2622852_METAG_GODPGMHP,0,0,0,Gamma-Other,99.89,MAG
TARA_SAMEA4398001_METAG_AJPHEGOM,1,1,1,Actinobacteriota,95.71,MAG
TARA_SAMEA4398001_METAG_IDHEHIAJ,1,1,1,Bacteroidota,78.29,MAG
TARA_SAMEA4398001_METAG_AMGNCLDO,0,0,0,Alpha-Other,86.68,MAG
TARA_SAMEA4398001_METAG_JPHIKJLL,0,0,0,Bacteroidota,90.62,MAG
TARA_SAMEA4398001_METAG_KJJLLMIG,0,0,0,Bacteroidota,97.65,MAG
TARA_SAMEA2620198_METAG_NFDGOADH,0,0,0,Gamma-Other,93.48,MAG
TARA_SAMEA4397859_METAG_JDGFOKHA,1,1,1,Bacteroidota,85.14,MAG
TARA_SAMEA2619791_METAG_DBIFCBNB,0,0,0,Alpha-Rhodobacter,92.33,MAG
TARA_SAMEA2622497_METAG_KCDIHIBO,0,0,0,Bacteroidota,100,MAG
TARA_SAMEA2622497_METAG_LFPGBFKL,0,0,0,Gamma-Other,92.77,MAG
TARA_SAMEA2622497_METAG_ELJJCMKP,0,0,0,Bacteroidota,82.6,MAG
TARA_SAMEA2621021_METAG_CAHDDLKK,1,1,1,Gamma-Other,82.85,MAG
TARA_SAMEA2622166_METAG_AEDLNOJD,0,0,0,Gamma-Other,82.19,MAG
TARA_SAMEA2622166_METAG_BIJAAODI,0,0,0,Gamma-Other,99.94,MAG
TARA_SAMEA2622166_METAG_GPINCFDG,0,0,0,Bacteroidota,99.62,MAG
TARA_SAMEA2622212_METAG_NAPGEIDF,0,0,0,Bacteroidota,86.8,MAG
TARA_SAMEA2622212_METAG_LBFLFICM,0,0,0,Bacteroidota,100,MAG
TARA_SAMEA2622212_METAG_MPCLBDMO,0,0,0,Gamma-Other,92.84,MAG
TARA_SAMEA2621242_METAG_HAACFJFP,0,0,0,Alpha-Rhodobacter,80.95,MAG
TARA_SAMEA2621242_METAG_IGKBIANC,0,0,0,SAR324,88.47,MAG
TARA_SAMEA2621242_METAG_GMLNLIJP,0,0,0,Alpha-Other,80.19,MAG
TARA_SAMEA2621242_METAG_IFENFDOM,0,0,0,Alpha-Rhodobacter,98.46,MAG
TARA_SAMEA2622657_METAG_LCCHJHGG,1,1,1,Bacteroidota,97.24,MAG
TARA_SAMEA2622657_METAG_PPMELPKF,0,0,0,Bacteroidota,89.15,MAG
TARA_SAMEA2620950_METAG_ONNDABDG,0,0,0,Archaea-Nitrosopumilaceae,89.15,MAG
TARA_SAMEA2620950_METAG_PLFGMACN,0,0,0,Archaea-Nitrosopumilaceae,88.18,MAG
TARA_SAMEA2621151_METAG_GNMPCIPH,0,0,0,Bacteroidota,88.65,MAG
TARA_SAMEA2621085_METAG_BBODKJCP,1,1,1,Gamma-Other,99.42,MAG
TARA_SAMEA2621085_METAG_KMHAMOPH,0,0,0,Bacteroidota,93.88,MAG
TARA_SAMEA2621085_METAG_AMIDEDCI,1,1,1,Bacteroidota,93.1,MAG
TARA_SAMEA2621085_METAG_FJJCNPFI,1,1,1,Actinobacteriota,97.86,MAG
TARA_SAMEA2621085_METAG_CGKMCDPM,0,0,0,Bacteroidota,96.69,MAG
TARA_SAMEA2621085_METAG_NCMAHLFL,0,0,0,Bacteroidota,98.56,MAG
TARA_SAMEA2621085_METAG_BBEJFOHO,0,0,0,Gamma-Other,90.86,MAG
TARA_SAMEA4397747_METAG_ODLFGPAJ,1,1,1,Gamma-Other,83.4,MAG
TARA_SAMEA4397747_METAG_CPCGJFFJ,0,0,0,Alpha-Other,92.08,MAG
TARA_SAMEA2619677_METAG_CDODIJIA,1,1,1,Gamma-Other,99.28,MAG
TARA_SAMEA2619677_METAG_BDKAPDOD,0,0,0,Bacteroidota,97.97,MAG
TARA_SAMEA2619677_METAG_GGKFOMBO,0,0,0,Bacteroidota,88.21,MAG
TARA_SAMEA2619677_METAG_DMIJGCPA,0,0,0,Alpha-Rhodobacter,96.4,MAG
TARA_SAMEA2619677_METAG_BLNIJEEE,0,0,0,Alpha-Other,94.48,MAG
TARA_SAMEA2619677_METAG_LLGAMELE,0,0,0,Gamma-Other,97.15,MAG
TARA_SAMEA2622242_METAG_HPACCPIG,0,0,0,Bacteroidota,100,MAG
TARA_SAMEA2619779_METAG_DFJBKJCL,0,0,0,Bacteroidota,80.61,MAG
TARA_SAMEA2619779_METAG_JIOAJEAJ,0,0,0,Bacteroidota,81.65,MAG
TARA_SAMEA2619779_METAG_DEIPIGFH,0,0,0,Planctomycetota,96.36,MAG
TARA_SAMEA2619779_METAG_MPHGPNAE,0,0,0,Bacteroidota,96.63,MAG
TARA_SAMEA2620413_METAG_NMKFEOHF,1,1,1,Actinobacteriota,97.95,MAG
TARA_SAMEA2621010_METAG_AKBLDCOG,1,1,1,Gamma-Other,94.34,MAG
TARA_SAMEA2621010_METAG_KDDBBPNA,0,0,0,Bacteroidota,100,MAG
TARA_SAMEA2621010_METAG_BEIKAKCK,0,0,0,Bacteroidota,93.76,MAG
TARA_SAMEA2621010_METAG_NMCGBGMC,0,0,0,Bacteroidota,87.01,MAG
TARA_SAMEA4397091_METAG_LHAHODGE,1,1,1,Gamma-Other,92.47,MAG
TARA_SAMEA2620078_METAG_HBPMJCMB,0,0,0,Bacteroidota,98.72,MAG
TARA_SAMEA2620078_METAG_MHKCFFFK,0,0,0,Bacteroidota,97.09,MAG
TARA_SAMEA2620078_METAG_BOHAFLNL,0,0,0,Gamma-Other,91.41,MAG
TARA_SAMEA2621203_METAG_ILKBJEEN,0,0,0,Bacteroidota,96.53,MAG
TARA_SAMEA2621203_METAG_ALEMOIIO,1,1,1,Actinobacteriota,90.79,MAG
TARA_SAMEA2621204_METAG_JCBGDCLA,0,0,0,Cyano-Other,84.55,MAG
TARA_SAMEA2621204_METAG_NJGLLKBB,1,1,1,Actinobacteriota,97.86,MAG
TARA_SAMEA2621204_METAG_KJAMKBAM,0,0,0,Alpha-Other,82.4,MAG
TARA_SAMEA2621216_METAG_MCCHOAAN,0,0,0,Archaea-Nitrosopumilaceae,87.62,MAG
TARA_SAMEA2619879_METAG_INCHJECB,0,0,0,Archaea-Nitrosopumilaceae,92.57,MAG
TARA_SAMEA2622676_METAG_GGDLEJJM,0,0,0,Gamma-Other,96.94,MAG
TARA_SAMEA2622676_METAG_EKIJCDGE,0,0,0,Gamma-Other,80.81,MAG
TARA_SAMEA2622694_METAG_JHIJAEDG,0,0,0,Gamma-Other,88.62,MAG
TARA_SAMEA2620259_METAG_NIAIBCJK,0,0,0,Archaea-Nitrosopumilaceae,86.77,MAG
TARA_SAMEA2622801_METAG_LHCBFKEA,0,0,0,Alpha-Other,90.12,MAG
TARA_SAMEA2622801_METAG_EEACLNKN,0,0,0,Alpha-Other,97.98,MAG
TARA_SAMEA2622801_METAG_CBEJFPFF,0,0,0,Alpha-Other,99.06,MAG
TARA_SAMEA2622801_METAG_BFDFPCCD,0,0,0,Bacteria-Other,79.61,MAG
TARA_SAMEA2622801_METAG_EGLCMHNH,1,1,1,Planctomycetota,96.27,MAG
TARA_SAMEA2622801_METAG_GKAHAABC,0,0,0,Gamma-Other,96.37,MAG
TARA_SAMEA2622801_METAG_LLKCBPII,0,0,0,Alpha-Other,88.84,MAG
TARA_SAMEA2622801_METAG_HLNBCKBD,1,1,1,Gamma-Other,82,MAG
TARA_SAMEA2622801_METAG_DJBFABCN,1,1,1,Bacteria-Other,78.24,MAG
TARA_SAMEA2622801_METAG_FNDIPCFB,1,1,1,Planctomycetota,88.97,MAG
TARA_SAMEA2622801_METAG_ANIBKPHL,0,0,0,Cyano-Syn,86.84,MAG
TARA_SAMEA2622801_METAG_KMGNMMDC,0,0,0,Gamma-Other,89.13,MAG
TARA_SAMEA2622801_METAG_DBAKEMHA,0,0,0,Bacteria-Other,85.3,MAG
TARA_SAMEA2622801_METAG_LKOJELOP,0,0,0,Verrucomicrobiota,91.66,MAG
TARA_SAMEA2622801_METAG_OCPMMBAD,0,0,0,Gamma-Other,96.86,MAG
TARA_SAMEA4397215_METAG_GAPEFKHD,0,0,0,Alpha-Other,88.48,MAG
TARA_SAMEA4397215_METAG_PDPNNOFB,0,0,0,Alpha-Rhodobacter,98,MAG
TARA_SAMEA4397215_METAG_MMPPFKNJ,1,1,1,Planctomycetota,78.1,MAG
TARA_SAMEA4397215_METAG_DDEOOHEA,0,0,0,Alpha-Other,95.58,MAG
TARA_SAMEA4397215_METAG_NEFFHGEF,0,0,0,Gamma-Other,96.16,MAG
TARA_SAMEA4397215_METAG_AJJFEKGE,0,0,0,Alpha-Rhodobacter,93.91,MAG
TARA_SAMEA4397215_METAG_HFKODJIF,1,1,1,Alpha-Other,95.73,MAG
TARA_SAMEA4397215_METAG_GPJIJCHI,0,0,0,Bacteroidota,96.42,MAG
TARA_SAMEA4397215_METAG_ANPJLKOM,0,0,0,Gamma-Other,99.1,MAG
TARA_SAMEA2622678_METAG_NBIPLECE,1,1,1,Gamma-Other,92.74,MAG
TARA_SAMEA2622678_METAG_KAHICDLD,0,0,0,SAR324,88.65,MAG
TARA_SAMEA4397772_METAG_AFBLKLJI,0,0,0,Alpha-Other,85.19,MAG
TARA_SAMEA4397772_METAG_GLFIPODG,0,0,0,Gamma-Other,97.32,MAG
TARA_SAMEA2621247_METAG_EBHECKBE,0,0,0,Gamma-Other,95.06,MAG
TARA_SAMEA2621247_METAG_DLOKOAGL,1,1,1,Actinobacteriota,94.92,MAG
TARA_SAMEA2621247_METAG_FEJNMHAC,0,0,0,Bacteroidota,100,MAG
TARA_SAMEA2623756_METAG_MBKPMKMJ,0,0,0,Archaea-Other,95.94,MAG
TARA_SAMEA2620035_METAG_LBPLCHEF,0,0,0,Alpha-Other,97.78,MAG
TARA_SAMEA2620035_METAG_CKKBOBLG,0,0,0,Bacteria-Other,96.37,MAG
TARA_SAMEA2620035_METAG_BFENAAHI,0,0,0,SAR324,92.42,MAG
TARA_SAMEA2620035_METAG_HIEIDDBL,0,0,0,Gamma-Other,78.94,MAG
TARA_SAMEA2621859_METAG_OEPCBAAH,0,0,0,Gamma-Other,98.44,MAG
TARA_SAMEA2621859_METAG_GLIJALDI,0,0,0,Bacteroidota,86.72,MAG
TARA_SAMEA2621859_METAG_HOOKAFBB,0,0,0,Alpha-Other,88.6,MAG
TARA_SAMEA2621859_METAG_MBGOCLKP,0,0,0,Alpha-Other,76.41,MAG
TARA_SAMEA2623756_METAG_FAHBIDMO,0,0,0,Archaea-Other,94.09,MAG
TARA_SAMEA2622518_METAG_IILKAOPP,1,1,1,Bacteroidota,97.24,MAG
TARA_SAMEA2622452_METAG_FDOFOKDB,0,0,0,Bacteroidota,96.02,MAG
TARA_SAMEA2622452_METAG_LOANMEJJ,0,0,0,Bacteroidota,98.16,MAG
TARA_SAMEA2622452_METAG_CEBGGJKL,0,0,0,Cyano-Pro,77.01,MAG
TARA_SAMEA2623756_METAG_BKKEJFNE,0,0,0,Archaea-Other,91.22,MAG
TARA_SAMEA2621198_METAG_MHICCMDF,0,0,0,Cyano-Other,84.11,MAG
TARA_SAMEA2620815_METAG_GMEJBCHH,1,1,1,Bacteroidota,88.88,MAG
TARA_SAMEA2620815_METAG_FPJNEAAE,0,0,0,SAR324,86.82,MAG
TARA_SAMEA2622376_METAG_OILAECLG,1,1,1,Verrucomicrobiota,95.78,MAG
TARA_SAMEA2622376_METAG_KBEOCLLG,0,0,0,Bacteroidota,90.99,MAG
TARA_SAMEA2623756_METAG_OBGMLHED,0,0,0,Archaea-Other,86.16,MAG
TARA_SAMEA2621176_METAG_NJJCJENC,1,1,1,Gamma-Other,92.54,MAG
TARA_SAMEA2621176_METAG_KOEAPIDJ,0,0,0,SAR324,90.95,MAG
TARA_SAMEA2622316_METAG_AALDEDIL,1,1,1,Verrucomicrobiota,96.48,MAG
TARA_SAMEA2622316_METAG_EBJHPBEC,0,0,0,Bacteroidota,92.91,MAG
TARA_SAMEA2619927_METAG_FLLCALDD,0,0,0,Gamma-Other,91.62,MAG
TARA_SAMEA2619927_METAG_BNDJMACD,0,0,0,Alpha-Puniceispirilla,91.52,MAG
TARA_SAMEA2619927_METAG_AEHDPCEG,0,0,0,Cyano-Syn,85.38,MAG
TARA_SAMEA2619927_METAG_HINJFGNI,0,0,0,Alpha-Other,82,MAG
TARA_SAMEA2623907_METAG_IDEEHEFB,0,0,0,Alpha-Other,93.27,MAG
TARA_SAMEA2623907_METAG_EBOGLADP,0,0,0,Chloroflexota,89.62,MAG
TARA_SAMEA2623907_METAG_PFCGJBAP,0,0,0,Chloroflexota,84.72,MAG
TARA_SAMEA2623907_METAG_EEKBEDFE,0,0,0,Actinobacteriota,79.65,MAG
TARA_SAMEA2619907_METAG_FNHKDGPB,0,0,0,Alpha-Other,99.57,MAG
TARA_SAMEA2619907_METAG_OHOIDPAE,1,1,1,Alpha-Other,99.2,MAG
TARA_SAMEA2619907_METAG_EENECKNC,1,1,1,Planctomycetota,97.54,MAG
TARA_SAMEA2619907_METAG_KGLDPHNO,0,0,0,Chloroflexota,95.17,MAG
TARA_SAMEA2619907_METAG_AAHJNINL,0,0,0,Chloroflexota,94.48,MAG
TARA_SAMEA2619907_METAG_LIJOEJME,1,1,1,Planctomycetota,94.42,MAG
TARA_SAMEA2619907_METAG_IKOHGMAA,0,0,0,Verrucomicrobiota,94.08,MAG
TARA_SAMEA2619907_METAG_JLCLEKJG,1,1,1,Planctomycetota,91.16,MAG
TARA_SAMEA2619907_METAG_FFJLAFKD,0,0,0,Alpha-Other,90.91,MAG
TARA_SAMEA2619907_METAG_GCIAGJHF,0,0,0,Bacteria-Other,86.62,MAG
TARA_SAMEA2619907_METAG_HGENHEIJ,0,0,0,Alpha-Other,76.93,MAG
TARA_SAMEA2623463_METAG_JDDKPIIM,0,0,0,Planctomycetota,96.71,MAG
TARA_SAMEA2623463_METAG_AFEPADBO,1,1,1,Planctomycetota,80.64,MAG
TARA_SAMEA2623295_METAG_LKKBPDGM,0,0,0,Archaea-Nitrosopumilaceae,96.02,MAG
TARA_SAMEA2623295_METAG_CKHNDCIE,0,0,0,Archaea-Other,92.69,MAG
TARA_SAMEA2622733_METAG_JIAAENNH,0,0,0,Alpha-Other,97.46,MAG
TARA_SAMEA2622733_METAG_LGENPMLF,0,0,0,Alpha-Other,90.6,MAG
TARA_SAMEA2622733_METAG_ODBECIDH,0,0,0,Chloroflexota,94.23,MAG
TARA_SAMEA2622733_METAG_EELCBJME,0,0,0,Gamma-Other,94.76,MAG
TARA_SAMEA2622733_METAG_DBAIKBEI,0,0,0,Bacteria-Other,92.52,MAG
TARA_SAMEA2622733_METAG_OHBKIFEP,0,0,0,Gamma-Other,94.64,MAG
TARA_SAMEA2622733_METAG_CNKNJELN,0,0,0,Gamma-Other,85.94,MAG
TARA_SAMEA2622733_METAG_FMKLBHFG,0,0,0,Gamma-Other,78.63,MAG
TARA_SAMEA2622733_METAG_FHDFONGK,1,1,1,Planctomycetota,87.4,MAG
TARA_SAMEA2622733_METAG_LJKNAADH,0,0,0,Gamma-Other,84.7,MAG
TARA_SAMEA2622733_METAG_IHAPDMDJ,0,0,0,Verrucomicrobiota,78.4,MAG
TARA_SAMEA2619952_METAG_LGPHDMJI,0,0,0,Gamma-Other,91.7,MAG
TARA_SAMEA2619952_METAG_INJMDODK,0,0,0,Gamma-Other,79.58,MAG
TARA_SAMEA2619952_METAG_IOHHBCCM,0,0,0,Alpha-Other,87.5,MAG
TARA_SAMEA2619952_METAG_EMNMCAPM,0,0,0,Alpha-Other,90.36,MAG
TARA_SAMEA2623295_METAG_GIBNGEGN,0,0,0,Archaea-Nitrosopumilaceae,84.28,MAG
TARA_SAMEA2623774_METAG_LNMADKJG,0,0,0,Gamma-Other,90.52,MAG
TARA_SAMEA2623673_METAG_DCDDKIBD,1,1,1,Alpha-Other,91.83,MAG
TARA_SAMEA2623673_METAG_NCOIOEGE,0,0,0,Gamma-Other,93.46,MAG
TARA_SAMEA2623673_METAG_MANCIGAH,0,0,0,Gamma-Other,92.43,MAG
TARA_SAMEA2623314_METAG_PAOMPDEH,0,0,0,Archaea-Other,91.71,MAG
TARA_SAMEA2623314_METAG_CMMKNBHI,0,0,0,Archaea-Nitrosopumilaceae,76.32,MAG
TARA_SAMEA2623513_METAG_CJNNPFPN,0,0,0,Alpha-Rhodobacter,96.4,MAG
TARA_SAMEA2623513_METAG_CPGBODKD,1,1,1,Bacteroidota,92.45,MAG
TARA_SAMEA2623513_METAG_JCOLFHAH,0,0,0,SAR324,87.72,MAG
TARA_SAMEA2623513_METAG_BGPMDMPF,0,0,0,Chloroflexota,81.84,MAG
TARA_SAMEA2622149_METAG_FEMNCMMF,0,0,0,Bacteria-Other,95.04,MAG
TARA_SAMEA2622149_METAG_NGFMNHEG,0,0,0,Gamma-Other,93.61,MAG
TARA_SAMEA2591057_METAG_JBPIFIKP,0,0,0,Alpha-Other,97.27,MAG
TARA_SAMEA2591057_METAG_CLOHACDI,0,0,0,Bacteroidota,86.04,MAG
TARA_SAMEA2591057_METAG_MGIKKEGI,0,0,0,Alpha-Other,90.99,MAG
TARA_SAMEA2623826_METAG_ILEBEMMO,0,0,0,Archaea-Nitrosopumilaceae,91.97,MAG
TARA_SAMEA2623868_METAG_JDHJPLCP,0,0,0,Archaea-Nitrosopumilaceae,89.23,MAG
TARA_SAMEA2623155_METAG_BCMBOPIO,1,1,1,Gamma-Other,83.05,MAG
TARA_SAMEA2623155_METAG_NCIMLOCE,1,1,1,Actinobacteriota,97.97,MAG
TARA_SAMEA2591122_METAG_HLJDBPKL,0,0,0,Bacteroidota,97.82,MAG
TARA_SAMEA2591122_METAG_EDCMBBCG,0,0,0,Alpha-Other,97.82,MAG
TARA_SAMEA2591122_METAG_GJGBJEHC,0,0,0,Bacteroidota,96.96,MAG
TARA_SAMEA2591122_METAG_MMLGPIJD,0,0,0,Alpha-Other,80.97,MAG
TARA_SAMEA2620666_METAG_IPMNHCKD,0,0,0,Bacteroidota,93.1,MAG
TARA_SAMEA2620666_METAG_FNJFHECO,0,0,0,Gamma-Other,95.96,MAG
TARA_SAMEA2620666_METAG_GBOGFJDE,0,0,0,SAR324,91.7,MAG
TARA_SAMEA2620666_METAG_IBCPCGDF,0,0,0,Actinobacteriota,89.03,MAG
TARA_SAMEA2623868_METAG_LNDAOFGE,0,0,0,Archaea-Nitrosopumilaceae,85.86,MAG
TARA_SAMEA2619678_METAG_GAAOLHGM,1,1,1,Alpha-Other,99.2,MAG
TARA_SAMEA2619678_METAG_AKEOPJAM,0,0,0,Verrucomicrobiota,94.59,MAG
TARA_SAMEA2619678_METAG_IGPKJHJK,0,0,0,Gamma-Other,95.16,MAG
TARA_SAMEA2619678_METAG_NGJELILI,0,0,0,Verrucomicrobiota,81.48,MAG
TARA_SAMEA2622568_METAG_HKHLKGIK,0,0,0,Bacteroidota,97.87,MAG
TARA_SAMEA2622568_METAG_EACJFFJJ,1,1,1,Alpha-Other,86.65,MAG
TARA_SAMEA2622568_METAG_MIKONPNH,0,0,0,Bacteroidota,77.48,MAG
TARA_SAMEA2622568_METAG_JOGJHOPK,1,1,1,Actinobacteriota,86.09,MAG
TARA_SAMEA2622568_METAG_NPAFLAHE,0,0,0,Planctomycetota,79.57,MAG
TARA_SAMEA2622568_METAG_MGEPEKPB,0,0,0,Acidobacteriota,80.88,MAG
TARA_SAMEA2620672_METAG_DFIDAIOI,0,0,0,Verrucomicrobiota,80.87,MAG
TARA_SAMEA2621423_METAG_KCNEFKCF,1,1,1,Alpha-Other,98.84,MAG
TARA_SAMEA2621423_METAG_EMJNGDDJ,0,0,0,Gamma-Other,97.43,MAG
TARA_SAMEA2621423_METAG_GOFEFFGP,0,0,0,Bacteroidota,91.3,MAG
TARA_SAMEA2621423_METAG_GCPAKOIE,0,0,0,Gamma-Other,91.02,MAG
TARA_SAMEA2621423_METAG_BHBOOLAM,0,0,0,Bacteroidota,77.03,MAG
TARA_SAMEA2623794_METAG_NPDGDAAN,0,0,0,Archaea-Other,81.09,MAG
TARA_SAMEA2621423_METAG_MEADPJEI,0,0,0,Gamma-Other,77,MAG
TARA_SAMEA2622901_METAG_JPGIFDPE,0,0,0,Archaea-Nitrosopumilaceae,77.87,MAG
TARA_SAMEA2619376_METAG_PKNAGKOP,0,0,0,Bacteroidota,95.08,MAG
TARA_SAMEA2619376_METAG_LOMALKEM,0,0,0,Cyano-Pro,86.24,MAG
TARA_SAMEA2620756_METAG_FCECBLBA,0,0,0,SAR324,90.74,MAG
TARA_SAMEA2622048_METAG_DPOIOJJN,0,0,0,Archaea-Other,95.27,MAG
TARA_SAMEA2620995_METAG_BLIABEMC,0,0,0,Planctomycetota,94.8,MAG
TARA_SAMEA2623116_METAG_BKENEDBE,0,0,0,Bacteroidota,97.33,MAG
TARA_SAMEA2623116_METAG_OLAOEOMG,1,1,1,Verrucomicrobiota,89.66,MAG
TARA_SAMEA2622478_METAG_BMHLDOLD,1,1,1,Verrucomicrobiota,88.54,MAG
TARA_SAMEA2619667_METAG_JOCHIGGH,0,0,0,Verrucomicrobiota,95.24,MAG
TARA_SAMEA2619667_METAG_OPCKEJLB,0,0,0,Cyano-Pro,88.28,MAG
TARA_SAMEA2623446_METAG_CCPHBAGE,0,0,0,Alpha-Puniceispirilla,97.07,MAG
TARA_SAMEA2621155_METAG_OIADGHHP,0,0,0,Gamma-Other,87.12,MAG
TARA_SAMEA2623488_METAG_BIAHFFDO,0,0,0,Alpha-Other,80.91,MAG
TARA_SAMEA2623488_METAG_EEAFHACC,1,1,1,Gamma-Other,76.35,MAG
TARA_SAMEA2623649_METAG_GFHIHCBB,0,0,0,Archaea-Nitrosopumilaceae,84.46,MAG
TARA_SAMEA2623488_METAG_JMJOKMHG,0,0,0,Cyano-Other,77.2,MAG
TARA_SAMEA4397278_METAG_JMEOEGHM,0,0,0,SAR324,92.61,MAG
TARA_SAMEA4397278_METAG_LEDDKNBA,0,0,0,Alpha-Rhodobacter,90.18,MAG
TARA_SAMEA2622710_METAG_IJOAKNPJ,0,0,0,Bacteria-Other,95.1,MAG
TARA_SAMEA2622710_METAG_EDMHDGDJ,1,1,1,Planctomycetota,96.63,MAG
TARA_SAMEA2622362_METAG_OBDMGBHA,0,0,0,Planctomycetota,89.78,MAG
TARA_SAMEA2623079_METAG_AAICGEJE,1,1,1,Gamma-Other,90.24,MAG
TARA_SAMEA2623079_METAG_OILEMDMN,0,0,0,Gamma-Other,90.1,MAG
TARA_SAMEA2621232_METAG_PENOPEDB,0,0,0,Gamma-Other,79.9,MAG
TARA_SAMEA2621232_METAG_IKCCEDIK,1,1,1,Gamma-Other,80.41,MAG
TARA_SAMEA2621232_METAG_MODLLLNB,1,1,1,Alpha-Other,91.26,MAG
TARA_SAMEA2621132_METAG_AHPOBHIE,1,1,1,Gamma-Other,90.48,MAG
TARA_SAMEA2622173_METAG_AHKHNAMF,0,0,0,Planctomycetota,81.94,MAG
TARA_SAMEA2622173_METAG_IDOHNLJD,0,0,0,Bacteroidota,90.91,MAG
TARA_SAMEA2623390_METAG_HMMMMLKI,0,0,0,Chloroflexota,93.56,MAG
TARA_SAMEA2623390_METAG_CNNLKKPH,0,0,0,Bacteria-Other,94.16,MAG
TARA_SAMEA2623390_METAG_OAJBDMBM,0,0,0,Alpha-Other,93.27,MAG
TARA_SAMEA2623390_METAG_BGEELILG,0,0,0,Verrucomicrobiota,91.46,MAG
TARA_SAMEA2623390_METAG_CDFKAKLN,0,0,0,Gamma-Other,87.08,MAG
TARA_SAMEA2623390_METAG_IMMOOHPH,0,0,0,Gamma-Other,87.48,MAG
TARA_SAMEA2623693_METAG_GPOHIFOF,0,0,0,Chloroflexota,92.37,MAG
TARA_SAMEA2623693_METAG_MFBGBMMG,0,0,0,Chloroflexota,86.08,MAG
TARA_SAMEA2623693_METAG_CEHHMAJI,0,0,0,SAR324,82.82,MAG
TARA_SAMEA2620081_METAG_MPICKOMB,0,0,0,Alpha-Puniceispirilla,97.18,MAG
TARA_SAMEA2620081_METAG_LDLNNKOA,1,1,1,Planctomycetota,94.36,MAG
TARA_SAMEA2619970_METAG_JMLBCFLD,0,0,0,Chloroflexota,92.8,MAG
TARA_SAMEA2619970_METAG_HACPOPOD,0,0,0,Alpha-Other,92.35,MAG
TARA_SAMEA2619970_METAG_OIODHENM,0,0,0,SAR324,92.42,MAG
TARA_SAMEA2619970_METAG_NIJBPAAN,0,0,0,Bacteria-Other,92.26,MAG
TARA_SAMEA2620339_METAG_NFMOIECC,0,0,0,Alpha-Other,91.21,MAG
TARA_SAMEA2622837_METAG_MANEOAIG,0,0,0,Archaea-Other,94.29,MAG
TARA_SAMEA2591084_METAG_HAKPAFBO,0,0,0,Alpha-Other,91.46,MAG
TARA_SAMEA2591084_METAG_KJNFCCLB,0,0,0,Alpha-Rhodobacter,86.78,MAG
TARA_SAMEA2620882_METAG_KEPLEFPO,1,1,1,Bacteroidota,98.04,MAG
TARA_SAMEA2620882_METAG_EKMOFPLF,0,0,0,Planctomycetota,88.46,MAG
TARA_SAMEA2620882_METAG_EDAHPEIA,0,0,0,Bacteroidota,84.15,MAG
TARA_SAMEA2620882_METAG_KAIFJAMM,0,0,0,SAR324,82.9,MAG
TARA_SAMEA2621487_METAG_HCGJLDAA,0,0,0,Bacteroidota,93.81,MAG
TARA_SAMEA2621487_METAG_GKOIKANI,0,0,0,Bacteroidota,91.74,MAG
TARA_SAMEA2620194_METAG_JKBDLEKF,0,0,0,Alpha-Other,98.12,MAG
TARA_SAMEA2620194_METAG_HHANHNAJ,0,0,0,Alpha-Other,77.84,MAG
TARA_SAMEA2622673_METAG_EMJIMDNN,0,0,0,Bacteroidota,95.4,MAG
TARA_SAMEA2622673_METAG_LBFPEPNE,1,1,1,Alpha-Other,81.58,MAG
TARA_SAMEA2622673_METAG_PDAMFOKL,0,0,0,SAR324,86.08,MAG
TARA_SAMEA2619548_METAG_MIPMNJJH,1,1,1,Alpha-Other,96.68,MAG
TARA_SAMEA2619548_METAG_JHDLHBGO,0,0,0,Bacteroidota,87.21,MAG
TARA_SAMEA2619548_METAG_JJMMKMLB,0,0,0,Alpha-Other,84.93,MAG
TARA_SAMEA2619548_METAG_DKDIHKCD,0,0,0,Cyano-Pro,80.4,MAG
TARA_SAMEA2619399_METAG_DGDCEBNB,0,0,0,Archaea-Nitrosopumilaceae,88.28,MAG
TARA_SAMEA2619548_METAG_IAHJKKJF,0,0,0,Gamma-Other,84.44,MAG
TARA_SAMEA2621551_METAG_KNGBNMOK,0,0,0,Gamma-Other,91.1,MAG
TARA_SAMEA2621551_METAG_ILCOJHCE,0,0,0,Verrucomicrobiota,94.46,MAG
TARA_SAMEA2621551_METAG_BLBKBPAO,0,0,0,Bacteroidota,87.87,MAG
TARA_SAMEA2621551_METAG_JDNJPCNE,0,0,0,Bacteria-Other,94.27,MAG
TARA_SAMEA2621551_METAG_OCNNGEFF,0,0,0,Planctomycetota,79.28,MAG
TARA_SAMEA2621551_METAG_MNJLJAEC,0,0,0,SAR324,93.16,MAG
TARA_SAMEA2621551_METAG_GGIJIHPM,0,0,0,Alpha-Other,91.39,MAG
TARA_SAMEA2621551_METAG_KGBINJLE,1,1,1,Verrucomicrobiota,90.56,MAG
TARA_SAMEA2621551_METAG_OFJNLGDM,0,0,0,Chloroflexota,75.59,MAG
TARA_SAMEA2622336_METAG_FHKBGHDK,0,0,0,Verrucomicrobiota,95.57,MAG
TARA_SAMEA2622336_METAG_JJOHIBIE,0,0,0,Bacteroidota,95.82,MAG
TARA_SAMEA2622336_METAG_FEHGGPPG,1,1,1,Verrucomicrobiota,89.9,MAG
TARA_SAMEA2622336_METAG_KEDCDAIA,1,1,1,Verrucomicrobiota,87.72,MAG
TARA_SAMEA2621287_METAG_CGCMNBEK,0,0,0,Archaea-Nitrosopumilaceae,75.96,MAG
TARA_SAMEA2621287_METAG_ACOADIJL,0,0,0,Archaea-Nitrosopumilaceae,75.31,MAG
TARA_SAMEA2623627_METAG_FKGEGKHI,0,0,0,Verrucomicrobiota,82.18,MAG
TARA_SAMEA2623627_METAG_MFICGGNK,0,0,0,Gamma-Other,84.21,MAG
TARA_SAMEA2623808_METAG_HCOCHCCM,0,0,0,Cyano-Pro,89.37,MAG
TARA_SAMEA2623808_METAG_GKMEIBJI,0,0,0,Gamma-Other,92.22,MAG
TARA_SAMEA2620929_METAG_KKILNGKO,0,0,0,Verrucomicrobiota,87.32,MAG
TARA_SAMEA2622119_METAG_PHKLCDPD,0,0,0,Bacteroidota,88.29,MAG
TARA_SAMEA2622119_METAG_FMJCHIHF,1,1,1,Gamma-Other,81.42,MAG
TARA_SAMEA2622796_METAG_BNOIAINK,0,0,0,Alpha-Other,98.28,MAG
TARA_SAMEA2622796_METAG_KBLEHIHN,1,1,1,Planctomycetota,96.24,MAG
TARA_SAMEA2622796_METAG_CDCCBIGC,0,0,0,Alpha-Other,97.84,MAG
TARA_SAMEA2622796_METAG_KLAHKPIM,0,0,0,Chloroflexota,95.78,MAG
TARA_SAMEA2622796_METAG_KIPMKGHJ,0,0,0,Alpha-Other,97.43,MAG
TARA_SAMEA2622796_METAG_OIFIDOAM,0,0,0,Alpha-Other,94.68,MAG
TARA_SAMEA2622796_METAG_ODCOAGJI,0,0,0,Alpha-Other,91,MAG
TARA_SAMEA2622796_METAG_FHLILOBD,0,0,0,Gamma-Other,76.87,MAG
TARA_SAMEA2622796_METAG_KJEPIBAN,0,0,0,Gamma-Other,89.77,MAG
TARA_SAMEA2622796_METAG_GAECGFCM,0,0,0,Cyano-Syn,85.6,MAG
TARA_SAMEA2623734_METAG_JMCODJGI,0,0,0,Gamma-Other,86.39,MAG
TARA_SAMEA2619782_METAG_ECAOBLKP,0,0,0,Archaea-Nitrosopumilaceae,86.82,MAG
TARA_SAMEA2621092_METAG_AAMGDPFE,0,0,0,Gamma-Other,92.73,MAG
TARA_SAMEA2621092_METAG_CKIJFMFO,1,1,1,Gamma-Other,82.25,MAG
TARA_SAMEA2621092_METAG_JNJNPKAE,0,0,0,SAR324,92.66,MAG
TARA_SAMEA2621092_METAG_EDAHHCLF,1,1,1,Gamma-Other,80.97,MAG
TARA_SAMEA2622923_METAG_BLCMMNMK,0,0,0,Bacteroidota,88.29,MAG
TARA_SAMEA2622923_METAG_MGEOHPPC,0,0,0,Alpha-Other,98.4,MAG
TARA_SAMEA2622923_METAG_DLBMCHKI,0,0,0,Verrucomicrobiota,96.42,MAG
TARA_SAMEA2622923_METAG_HGEKPCMK,1,1,1,Gamma-Alteromonas,83.56,MAG
TARA_SAMEA2622923_METAG_EMLLKKAP,0,0,0,Cyano-Pro,93.74,MAG
TARA_SAMEA2622817_METAG_HFKKOABJ,0,0,0,Planctomycetota,93,MAG
TARA_SAMEA2622817_METAG_OKMLEGOP,0,0,0,Cyano-Syn,85.22,MAG
TARA_SAMEA2622817_METAG_PAOJBCMI,0,0,0,Gamma-Other,87.22,MAG
TARA_SAMEA2620097_METAG_DKFENENJ,0,0,0,Archaea-Other,91.6,MAG
TARA_SAMEA2622817_METAG_OOBOPGCB,0,0,0,Alpha-Other,79.69,MAG
TARA_SAMEA2620097_METAG_HFOEEPHM,0,0,0,Archaea-Other,75.31,MAG
TARA_SAMEA2620217_METAG_HPEPGKFN,0,0,0,Cyano-Pro,83.48,MAG
TARA_SAMEA2621037_METAG_DMONIPKE,0,0,0,Archaea-Nitrosopumilaceae,89.66,MAG
TARA_SAMEA2623919_METAG_MOCMJJFC,0,0,0,Archaea-Nitrosopumilaceae,93.26,MAG
TARA_SAMEA2623098_METAG_FANCJCNI,0,0,0,Archaea-Other,86.14,MAG
TARA_SAMEA2623059_METAG_COPHGLDM,0,0,0,Gamma-SAR86,83.02,MAG
TARA_SAMEA2623098_METAG_JKDPHIMK,0,0,0,Archaea-Other,82.36,MAG
TARA_SAMEA2622429_METAG_PABDENCI,0,0,0,SAR324,92.28,MAG
TARA_SAMEA2620970_METAG_AFCLEHIJ,0,0,0,Bacteroidota,80.5,MAG
TARA_SAMEA2620570_METAG_ALEKCCPF,0,0,0,Alpha-Other,75.24,MAG
TARA_SAMEA2621216_METAG_LCPHBNHL,1,1,1,Gamma-Other,81.43,MAG
TARA_SAMEA2621216_METAG_ICKIJPCP,0,0,0,Alpha-Other,94.12,MAG
TARA_SAMEA2621216_METAG_DIJMOGIJ,0,0,0,Bacteria-Other,89.12,MAG
TARA_SAMEA2623850_METAG_PKFIFONF,0,0,0,Bacteroidota,91.48,MAG
TARA_SAMEA4397516_METAG_AKNNEAFL,0,0,0,Archaea-Nitrosopumilaceae,77.04,MAG
TARA_SAMEA4397072_METAG_PKKNEGIC,0,0,0,Archaea-Nitrosopumilaceae,92.58,MAG
TARA_SAMEA4397730_METAG_NAAGEJKI,0,0,0,Archaea-Nitrosopumilaceae,95.22,MAG
TARA_SAMEA4397730_METAG_CGKHBPDI,0,0,0,Archaea-Other,79.31,MAG
TARA_SAMEA4397004_METAG_IHHBJLCI,0,0,0,Archaea-Nitrosopumilaceae,93.87,MAG
TARA_SAMEA4397004_METAG_CJFEJGJC,0,0,0,Archaea-Nitrosopumilaceae,82.44,MAG
TARA_SAMEA2623756_METAG_NGMEPLPD,1,1,1,Actinobacteriota,85.34,MAG
TARA_SAMEA2623756_METAG_HKPDJOCC,0,0,0,Gamma-Other,79.34,MAG
TARA_SAMEA2623756_METAG_DIFAIHGK,0,0,0,Chloroflexota,82.88,MAG
TARA_SAMEA2623295_METAG_PBMODMKI,0,0,0,Acidobacteriota,94.49,MAG
TARA_SAMEA2623295_METAG_OEELFJLO,0,0,0,Gamma-Other,95.51,MAG
TARA_SAMEA2623295_METAG_IPBPBJLG,0,0,0,Bacteria-Other,92.55,MAG
TARA_SAMEA2623295_METAG_DAILCLPL,0,0,0,SAR324,92.06,MAG
TARA_SAMEA2623295_METAG_MKEAPDPE,0,0,0,Chloroflexota,88.36,MAG
TARA_SAMEA2623314_METAG_OEOAEOGF,0,0,0,Alpha-Other,97.25,MAG
TARA_SAMEA2623314_METAG_CDCCMGKJ,0,0,0,Chloroflexota,94.35,MAG
TARA_SAMEA2623314_METAG_CABJDPJE,0,0,0,Bacteria-Other,95.35,MAG
TARA_SAMEA2623314_METAG_GHDMDBCP,1,1,1,Gamma-Other,84.44,MAG
TARA_SAMEA2623314_METAG_JPFFKCLB,0,0,0,SAR324,93.56,MAG
TARA_SAMEA2623314_METAG_FFIPIHPP,0,0,0,Gamma-Other,93.4,MAG
TARA_SAMEA2619802_METAG_ECINHOON,0,0,0,Alpha-Other,88.6,MAG
TARA_SAMEA2619802_METAG_EMGKHKHB,0,0,0,SAR324,89.25,MAG
TARA_SAMEA2623826_METAG_HLKFIAML,0,0,0,Alpha-Other,98,MAG
TARA_SAMEA2623826_METAG_PKKEMJGB,0,0,0,Gamma-Other,91.79,MAG
TARA_SAMEA4396468_METAG_KNBKENOM,0,0,0,Archaea-Other,88.78,MAG
TARA_SAMEA2622766_METAG_CKNHBMFD,0,0,0,Alpha-Other,97.21,MAG
TARA_SAMEA2622766_METAG_DIHIBLAE,0,0,0,Alpha-Other,96.04,MAG
TARA_SAMEA2622766_METAG_HILBNNEI,0,0,0,Bacteroidota,94.58,MAG
TARA_SAMEA2622766_METAG_PAPLMLMG,1,1,1,Planctomycetota,95.32,MAG
TARA_SAMEA2622766_METAG_HNKKLNLI,0,0,0,Gamma-Other,94.32,MAG
TARA_SAMEA2622766_METAG_LKEFLBGI,0,0,0,Planctomycetota,82.58,MAG
TARA_SAMEA2621839_METAG_GAKBCGLM,1,1,1,Gamma-Other,100,MAG
TARA_SAMEA2621839_METAG_BAMPLDFN,0,0,0,Verrucomicrobiota,97.5,MAG
TARA_SAMEA2621839_METAG_DPEBIMED,0,0,0,Verrucomicrobiota,96.44,MAG
TARA_SAMEA2621839_METAG_ANBHOAOJ,0,0,0,Bacteroidota,96.37,MAG
TARA_SAMEA2621839_METAG_EOBFGPGM,0,0,0,Verrucomicrobiota,96.31,MAG
TARA_SAMEA2621839_METAG_ECLMIDKH,1,1,1,Verrucomicrobiota,94.93,MAG
TARA_SAMEA2621839_METAG_ANAFGPCM,1,1,1,Gamma-Other,76,MAG
TARA_SAMEA2623275_METAG_FLNGINEK,0,0,0,Bacteroidota,92.18,MAG
TARA_SAMEA2623275_METAG_GEAFKOBE,1,1,1,Verrucomicrobiota,86.67,MAG
HOTS_SAMN07137056_METAG_LCBDCCBB,0,0,0,Archaea-Nitrosopumilaceae,89.82,MAG
BGEO_SAMN07136587_METAG_DFBAILDJ,0,0,0,Archaea-Nitrosopumilaceae,90.26,MAG
BATS_SAMN07137078_METAG_CCKNAKNE,0,0,0,Archaea-Nitrosopumilaceae,77.1,MAG
TARA_SAMEA2623868_METAG_KJBFMAKK,0,0,0,Verrucomicrobiota,95.66,MAG
TARA_SAMEA2623868_METAG_JEIOPHON,0,0,0,Cyano-Pro,90.48,MAG
TARA_SAMEA2623868_METAG_JJDMACDB,0,0,0,Cyano-Pro,75.74,MAG
TARA_SAMEA2622499_METAG_KIKCDOAG,0,0,0,SAR324,91.58,MAG
BATS_SAMN07137091_METAG_LHOEBINA,0,0,0,Archaea-Nitrosopumilaceae,87.34,MAG
HOTS_SAMN07137053_METAG_ANENEFCO,0,0,0,Archaea-Nitrosopumilaceae,90.38,MAG
HOTS_SAMN07137035_METAG_JFFMLCBK,0,0,0,Archaea-Nitrosopumilaceae,75.62,MAG
BGEO_SAMN07136624_METAG_LMOIGCAF,0,0,0,Archaea-Nitrosopumilaceae,76.59,MAG
BATS_SAMN07137095_METAG_ODCGBIFA,0,0,0,Archaea-Nitrosopumilaceae,91.5,MAG
BGEO_SAMN07136823_METAG_KCGOPDAO,0,0,0,Archaea-Nitrosopumilaceae,79.78,MAG
TARA_SAMEA2622074_METAG_DICDCFLD,0,0,0,Alpha-Other,91.03,MAG
TARA_SAMEA2623794_METAG_KJABABLA,0,0,0,Chloroflexota,85.37,MAG
TARA_SAMEA2623794_METAG_EPELCFGL,0,0,0,Chloroflexota,86.88,MAG
TARA_SAMEA2622097_METAG_DGLIKEIP,0,0,0,Bacteroidota,97.1,MAG
TARA_SAMEA2622097_METAG_MIHHGABE,0,0,0,Bacteroidota,96.62,MAG
TARA_SAMEA2622097_METAG_NFKPCCND,1,1,1,Verrucomicrobiota,92.36,MAG
TARA_SAMEA2622097_METAG_DNGGBMJM,0,0,0,Verrucomicrobiota,89.36,MAG
TARA_SAMEA2622097_METAG_AOMBDELM,0,0,0,Bacteroidota,90.44,MAG
HOTS_SAMN07137057_METAG_MNBHOAGC,0,0,0,Archaea-Nitrosopumilaceae,92.54,MAG
HOTS_SAMN07137057_METAG_MGKKCAMH,0,0,0,Archaea-Other,86.28,MAG
TARA_SAMEA2622097_METAG_LOADCEEJ,0,0,0,Bacteroidota,82.85,MAG
TARA_SAMEA2621779_METAG_DJKNFFGC,0,0,0,Verrucomicrobiota,96.8,MAG
TARA_SAMEA2621779_METAG_EHKBNHOM,0,0,0,Bacteroidota,96.02,MAG
TARA_SAMEA2621779_METAG_CHFNGBLD,0,0,0,Bacteroidota,95.82,MAG
TARA_SAMEA2621779_METAG_IOENAFMJ,0,0,0,Bacteroidota,92.22,MAG
TARA_SAMEA2621779_METAG_IKCCLALK,0,0,0,Bacteroidota,92.32,MAG
TARA_SAMEA2619766_METAG_JHGDMCFI,0,0,0,Alpha-Other,97.63,MAG
TARA_SAMEA2619766_METAG_NCAMPJEC,0,0,0,Alpha-Other,96.72,MAG
TARA_SAMEA2619766_METAG_JICOEDKJ,0,0,0,Cyano-Syn,90.9,MAG
TARA_SAMEA2619766_METAG_OKECAPJE,0,0,0,Alpha-Other,93.68,MAG
TARA_SAMEA2619766_METAG_FNMHPMJG,0,0,0,Bacteroidota,87.06,MAG
TARA_SAMEA2619766_METAG_DIMCKEKF,0,0,0,Alpha-Rhodobacter,88.02,MAG
TARA_SAMEA2619766_METAG_AKBKGHFF,0,0,0,Bacteroidota,76.87,MAG
TARA_SAMEA2622219_METAG_FLMMGJJK,0,0,0,Verrucomicrobiota,97.01,MAG
TARA_SAMEA2622219_METAG_IBJHCFCC,1,1,1,Verrucomicrobiota,97.21,MAG
TARA_SAMEA2622219_METAG_GFNOGGCG,0,0,0,Alpha-Rhodobacter-LowGC,87.66,MAG
HOTS_SAMN07137057_METAG_LCOLFEPF,0,0,0,Archaea-Nitrosopumilaceae,78.84,MAG
BGEO_SAMN07136546_METAG_FFNCAPFA,0,0,0,Archaea-Nitrosopumilaceae,85.38,MAG
TARA_SAMEA2622048_METAG_NFCGIFOD,0,0,0,SAR324,85.99,MAG
TARA_SAMEA2591108_METAG_GFDBEGOL,0,0,0,Bacteroidota,91.7,MAG
TARA_SAMEA2591108_METAG_FMLONJGL,0,0,0,Bacteroidota,87.06,MAG
TARA_SAMEA2591108_METAG_LPAOAKBG,0,0,0,Bacteroidota,79.04,MAG
TARA_SAMEA2591108_METAG_AIALCKIA,0,0,0,SAR324,88.46,MAG
TARA_SAMEA2621272_METAG_AKENJOIK,1,1,1,Planctomycetota,92.72,MAG
BGEO_SAMN07136782_METAG_CBHADLCK,0,0,0,Archaea-Nitrosopumilaceae,86.34,MAG
TARA_SAMEA2623649_METAG_GDJFEMEE,1,1,1,Actinobacteriota,97.2,MAG
TARA_SAMEA2623649_METAG_NPCEHFOG,0,0,0,Chloroflexota,91.52,MAG
TARA_SAMEA2623649_METAG_PLGDFCNB,0,0,0,Chloroflexota,85.82,MAG
TARA_SAMEA2623649_METAG_PDMFMGEL,0,0,0,Bacteroidota,83.75,MAG
TARA_SAMEA2623649_METAG_MHPAEPEK,0,0,0,SAR324,88,MAG
TARA_SAMEA2623426_METAG_CHBLKOJD,0,0,0,Alpha-Puniceispirilla,94.74,MAG
TARA_SAMEA2623426_METAG_LFCPIGBD,0,0,0,SAR324,92.36,MAG
TARA_SAMEA2623426_METAG_LGAMDCOL,0,0,0,Cyano-Other,80.24,MAG
TARA_SAMEA2622837_METAG_CJEHOFFG,1,1,1,Planctomycetota,97.54,MAG
TARA_SAMEA2622837_METAG_EPMHDJGB,0,0,0,Alpha-Other,95.64,MAG
TARA_SAMEA2622837_METAG_KBBJICNN,1,1,1,Planctomycetota,94.51,MAG
TARA_SAMEA2622837_METAG_JKPGOPEF,0,0,0,Acidobacteriota,94.78,MAG
TARA_SAMEA2622837_METAG_PNJGGMAN,0,0,0,Chloroflexota,93.8,MAG
TARA_SAMEA2622837_METAG_GCPDHFOM,0,0,0,Gamma-Other,92.34,MAG
TARA_SAMEA2622837_METAG_KACCJKKA,0,0,0,Alpha-Other,87.65,MAG
TARA_SAMEA2622837_METAG_HDJIBDFJ,0,0,0,Gamma-Other,92.72,MAG
TARA_SAMEA2622837_METAG_NLNJFLDD,1,1,1,Actinobacteriota,86.1,MAG
TARA_SAMEA2622837_METAG_NBNKOHEB,0,0,0,Gamma-Other,91.73,MAG
TARA_SAMEA2622837_METAG_GFIBMHDN,0,0,0,Chloroflexota,88.43,MAG
TARA_SAMEA2622837_METAG_MFKGCOCC,0,0,0,Chloroflexota,85.38,MAG
TARA_SAMEA2622837_METAG_ICDPLGJC,0,0,0,Gamma-Other,77.22,MAG
TARA_SAMEA2619399_METAG_IHIJKNKA,0,0,0,Gamma-Other,89.09,MAG
BGEO_SAMN07136626_METAG_AAIPAPOF,0,0,0,Archaea-Nitrosopumilaceae,82.38,MAG
TARA_SAMEA2620734_METAG_NCNADFAP,0,0,0,Verrucomicrobiota,75.41,MAG
BGEO_SAMN07136657_METAG_ABJNJICJ,0,0,0,Archaea-Nitrosopumilaceae,91.18,MAG
TARA_SAMEA2620855_METAG_ECJMJFBM,0,0,0,Cyano-Syn,86.56,MAG
TARA_SAMEA2621287_METAG_DKFGCKHM,0,0,0,Cyano-Other,82.81,MAG
TARA_SAMEA2619531_METAG_FLAJGHOH,1,1,1,Alpha-Other,99.2,MAG
TARA_SAMEA2619531_METAG_JLLPIFLH,0,0,0,Bacteroidota,97.2,MAG
TARA_SAMEA2619531_METAG_LLOIFEGM,0,0,0,Alpha-Other,97.63,MAG
TARA_SAMEA2619531_METAG_PANCIAJK,0,0,0,Alpha-Rhodobacter,84.2,MAG
TARA_SAMEA2619531_METAG_OBJCLPHJ,0,0,0,Alpha-Other,95.26,MAG
TARA_SAMEA2619531_METAG_HDKMKFKJ,0,0,0,Bacteroidota,92.96,MAG
TARA_SAMEA2619531_METAG_HKBDFOKD,0,0,0,Alpha-Other,91.1,MAG
TARA_SAMEA2619531_METAG_DKJMFCKE,0,0,0,Cyano-Syn,81.32,MAG
BATS_SAMN07137102_METAG_NDIIBKGA,0,0,0,Archaea-Nitrosopumilaceae,84.72,MAG
BATS_SAMN07137102_METAG_COMJKHCH,0,0,0,Archaea-Nitrosopumilaceae,79.23,MAG
BATS_SAMN07137102_METAG_EPCHDKJO,0,0,0,Archaea-Nitrosopumilaceae,80.62,MAG
TARA_SAMEA2621812_METAG_EINIOJLI,0,0,0,Bacteroidota,98.19,MAG
TARA_SAMEA2621812_METAG_NHHPCCBJ,0,0,0,Planctomycetota,97.06,MAG
TARA_SAMEA2621812_METAG_JPOAFLIB,0,0,0,Planctomycetota,97.43,MAG
TARA_SAMEA2621812_METAG_ODFIDOJD,0,0,0,Bacteroidota,96.37,MAG
TARA_SAMEA2621812_METAG_BAHJGJDL,0,0,0,Bacteroidota,94.74,MAG
TARA_SAMEA2621812_METAG_BDJMHFJE,0,0,0,Bacteroidota,84.56,MAG
TARA_SAMEA2621812_METAG_FLEPIGME,0,0,0,Bacteroidota,90.1,MAG
TARA_SAMEA2619782_METAG_DJKHELNO,0,0,0,Alpha-Other,98.15,MAG
TARA_SAMEA2619782_METAG_GDBMFOGC,0,0,0,Cyano-Pro,76.45,MAG
TARA_SAMEA2619782_METAG_ICCHPAAB,1,1,1,Planctomycetota,79.87,MAG
TARA_SAMEA2619782_METAG_GNOKCJAM,0,0,0,SAR324,76.77,MAG
TARA_SAMEA2622690_METAG_BJAPEPHH,0,0,0,Gamma-Other,92.18,MAG
TARA_SAMEA2622690_METAG_NLCIDLIH,0,0,0,Alpha-Other,98.42,MAG
TARA_SAMEA2622690_METAG_LPHGFNJJ,1,1,1,Planctomycetota,95.64,MAG
TARA_SAMEA2622690_METAG_JJCCBNKF,0,0,0,Alpha-Other,89,MAG
TARA_SAMEA2621990_METAG_IFAAFFGP,0,0,0,Alpha-Other,96.36,MAG
TARA_SAMEA2623350_METAG_MPGKLGHL,0,0,0,Alpha-Other,90.08,MAG
BGEO_SAMN07136573_METAG_IDHPFGDD,0,0,0,Archaea-Nitrosopumilaceae,84.04,MAG
TARA_SAMEA2623350_METAG_PPDIABML,0,0,0,Gamma-SAR86,86.96,MAG
TARA_SAMEA2623350_METAG_HOOADIOJ,1,1,1,Bacteria-Other,84.84,MAG
BGEO_SAMN07136573_METAG_NCIMDDKK,0,0,0,Archaea-Nitrosopumilaceae,80.39,MAG
TARA_SAMEA2622197_METAG_GMLIEILM,1,1,1,Gamma-Other,100,MAG
TARA_SAMEA2622197_METAG_FOHBEAPP,1,1,1,Bacteroidota,97.02,MAG
TARA_SAMEA2622197_METAG_EBGAILGH,0,0,0,Alpha-Other,95.1,MAG
TARA_SAMEA2622197_METAG_CODLOLNK,0,0,0,Gamma-Other,93.74,MAG
TARA_SAMEA2622197_METAG_NDPNFKOB,0,0,0,Gamma-Other,81.04,MAG
TARA_SAMEA2620097_METAG_EMGCDCCC,0,0,0,Alpha-Other,98.4,MAG
TARA_SAMEA2620097_METAG_EKFMMPGJ,0,0,0,Chloroflexota,93.3,MAG
TARA_SAMEA2620097_METAG_OBECELCH,0,0,0,Alpha-Other,95.55,MAG
TARA_SAMEA2620097_METAG_OFBNPCKJ,0,0,0,SAR324,91.6,MAG
TARA_SAMEA2620097_METAG_OLFDECGB,0,0,0,Alpha-Other,89.34,MAG
TARA_SAMEA2620651_METAG_LKCLNKJD,0,0,0,SAR324,91.24,MAG
TARA_SAMEA2622545_METAG_BODEGDKE,0,0,0,Gamma-Other,98.05,MAG
TARA_SAMEA2622545_METAG_ODBBDHAI,0,0,0,Cyano-Pro,91.06,MAG
TARA_SAMEA2622545_METAG_PFHJMAEI,0,0,0,Verrucomicrobiota,78.25,MAG
TARA_SAMEA2591074_METAG_NACKDJPK,1,1,1,Planctomycetota,93.42,MAG
TARA_SAMEA2591074_METAG_LANPHCDG,0,0,0,Verrucomicrobiota,86.7,MAG
TARA_SAMEA2619840_METAG_EMFHCBHH,0,0,0,Alpha-Other,98.16,MAG
TARA_SAMEA2619840_METAG_AEBDNPKM,0,0,0,Alpha-Other,89.27,MAG
TARA_SAMEA2619840_METAG_OIFPMHKO,0,0,0,Alpha-Other,90.48,MAG
TARA_SAMEA2619840_METAG_CMIEEJHO,0,0,0,Alpha-Other,90.94,MAG
TARA_SAMEA2619840_METAG_OCEIKOHK,0,0,0,Bacteria-Other,75.84,MAG
TARA_SAMEA2623098_METAG_KMJLKJJA,1,1,1,Gamma-Other,75.46,MAG
TARA_SAMEA4397157_METAG_IBEAFJKM,0,0,0,Gamma-SAR92,77.94,MAG
TARA_SAMEA4397705_METAG_ODDHKJJE,0,0,0,Bacteroidota,96.3,MAG
TARA_SAMEA4397705_METAG_GHACFAMN,0,0,0,Gamma-Other,75.42,MAG
TARA_SAMEA4397516_METAG_NDKGCCDJ,0,0,0,Alpha-Rhodobacter,91.12,MAG
TARA_SAMEA4397516_METAG_EBBGLPFF,1,1,1,Gamma-Other,86.2,MAG
TARA_SAMEA4397516_METAG_AALEPAOP,0,0,0,Actinobacteriota,89.57,MAG
BATS_SAMN07137123_METAG_IILMAHAI,0,0,0,Archaea-Nitrosopumilaceae,79.09,MAG
BATS_SAMN07137123_METAG_ANBBFANE,0,0,0,Archaea-Nitrosopumilaceae,77.56,MAG
BATS_SAMN07137123_METAG_INOEJIID,0,0,0,Archaea-Nitrosopumilaceae,79.69,MAG
TARA_SAMEA4396496_METAG_NBDKNACP,0,0,0,Alpha-Rhodobacter,97.11,MAG
TARA_SAMEA4396496_METAG_FNFDMJKC,0,0,0,Gamma-Other,93.29,MAG
BGEO_SAMN07136660_METAG_EPOAIPOL,0,0,0,Archaea-Nitrosopumilaceae,91.73,MAG
TARA_SAMEA4397239_METAG_HJNIHAKH,0,0,0,Alpha-Rhodobacter,90.26,MAG
TARA_SAMEA4397239_METAG_DCPIJIKB,0,0,0,Alpha-Rhodobacter,89.93,MAG
TARA_SAMEA4397239_METAG_KIGFFLFH,0,0,0,Bacteroidota,82.31,MAG
TARA_SAMEA4397930_METAG_POFKKLGC,0,0,0,Verrucomicrobiota,96.44,MAG
TARA_SAMEA4397930_METAG_DOBBBCOB,0,0,0,Gamma-Other,89.32,MAG
BGEO_SAMN07136754_METAG_DJOGDFOL,0,0,0,Archaea-Nitrosopumilaceae,88.9,MAG
TARA_SAMEA4397611_METAG_IDOOEIHM,0,0,0,SAR324,93.89,MAG
TARA_SAMEA4397756_METAG_APMELJLJ,0,0,0,Alpha-Rhodobacter,92.52,MAG
TARA_SAMEA4397756_METAG_LJOJEEDK,1,1,1,Verrucomicrobiota,93.79,MAG
TARA_SAMEA4397756_METAG_JPLKMHGH,0,0,0,Verrucomicrobiota,89.26,MAG
TARA_SAMEA4398296_METAG_PFKAPLJD,0,0,0,Gamma-Other,90.4,MAG
TARA_SAMEA4397196_METAG_MJLENMMN,0,0,0,Bacteria-Other,89.24,MAG
TARA_SAMEA4397196_METAG_OINJKPLG,0,0,0,Bacteroidota,82.46,MAG
TARA_SAMEA4397196_METAG_FFCENLPK,0,0,0,Bacteroidota,84.28,MAG
TARA_SAMEA4397983_METAG_CAKBINKG,0,0,0,Verrucomicrobiota,95.44,MAG
TARA_SAMEA4397983_METAG_MEKKFNAH,0,0,0,Gamma-Other,75.01,MAG
TARA_SAMEA4398094_METAG_OJMOCGOF,0,0,0,Bacteroidota,99.64,MAG
TARA_SAMEA4398094_METAG_OJPBDFHD,0,0,0,Bacteroidota,98.55,MAG
TARA_SAMEA4398094_METAG_INJPOFNE,0,0,0,Verrucomicrobiota,97.28,MAG
TARA_SAMEA4398094_METAG_IPHNBGGN,0,0,0,Gamma-Other,98.86,MAG
TARA_SAMEA4398094_METAG_ANFIMAOB,0,0,0,Actinobacteriota,94.92,MAG
TARA_SAMEA4398094_METAG_MIMNPEIB,0,0,0,Bacteroidota,92.52,MAG
TARA_SAMEA4398094_METAG_JJMEBHKA,0,0,0,Gamma-Other,79.04,MAG
BGEO_SAMN07136571_METAG_ODEHKAKI,0,0,0,Archaea-Nitrosopumilaceae,91.9,MAG
TARA_SAMEA4398150_METAG_NCKHLIJD,0,0,0,Gamma-Other,84.56,MAG
BGEO_SAMN07136665_METAG_CPJNGPEN,0,0,0,Archaea-Nitrosopumilaceae,75.59,MAG
TARA_SAMEA4397842_METAG_DGOAJPAF,0,0,0,Bacteroidota,91.02,MAG
TARA_SAMEA4397842_METAG_FGPAFNIL,0,0,0,Bacteroidota,89.1,MAG
TARA_SAMEA4397842_METAG_OFKADANH,0,0,0,Gamma-Other,76.28,MAG
TARA_SAMEA4397842_METAG_MAGMCBCN,0,0,0,Gamma-Other,88.6,MAG
TARA_SAMEA4397034_METAG_HLKGJGFF,0,0,0,Bacteroidota,91.9,MAG
TARA_SAMEA4397034_METAG_CLOPGLJM,0,0,0,Gamma-Other,87.47,MAG
TARA_SAMEA4397034_METAG_CDOKMMFO,0,0,0,Gamma-Other,76.03,MAG
TARA_SAMEA4397426_METAG_APFFFHCD,1,1,1,Verrucomicrobiota,98.08,MAG
TARA_SAMEA4397426_METAG_CIJOHEIH,0,0,0,Bacteroidota,93.08,MAG
TARA_SAMEA4397426_METAG_ICMDCNOO,0,0,0,Gamma-Other,78.66,MAG
TARA_SAMEA4397426_METAG_BAFGKOPN,0,0,0,Bacteroidota,76.75,MAG
TARA_SAMEA4396424_METAG_PPKKHDKG,0,0,0,Alpha-Rhodobacter,97.3,MAG
TARA_SAMEA4396424_METAG_JJMBMKOJ,0,0,0,Alpha-Rhodobacter,94.21,MAG
TARA_SAMEA4396424_METAG_NFOBHBDJ,0,0,0,Gamma-Other,87.54,MAG
TARA_SAMEA4398219_METAG_JDMHIOCG,0,0,0,Gamma-Other,78.53,MAG
TARA_SAMEA4398219_METAG_NPOJDACF,0,0,0,Bacteroidota,88.91,MAG
TARA_SAMEA4397390_METAG_DHBGJOOJ,0,0,0,Gamma-Other,75.46,MAG
TARA_SAMEA4397390_METAG_CLKEDIOO,1,1,1,Actinobacteriota,91.56,MAG
TARA_SAMEA4397390_METAG_GAFMJBHP,0,0,0,Bacteroidota,91.1,MAG
TARA_SAMEA4397903_METAG_KKEOFKKF,0,0,0,SAR324,92.19,MAG
TARA_SAMEA4398370_METAG_HMHCGPPA,0,0,0,Gamma-Other,94.97,MAG
BGEO_SAMN07136584_METAG_HNLCAFCO,0,0,0,Archaea-Nitrosopumilaceae,92.46,MAG
TARA_SAMEA4398009_METAG_OOMAOPDA,0,0,0,Gamma-Other,99.27,MAG
TARA_SAMEA4398009_METAG_OBLJMAIF,0,0,0,Bacteroidota,94.5,MAG
TARA_SAMEA4398009_METAG_IBOKKEMM,0,0,0,Actinobacteriota,93.54,MAG
TARA_SAMEA4398009_METAG_OLFLLAED,0,0,0,Gamma-Other,92.1,MAG
TARA_SAMEA4398009_METAG_MHHMCPOL,0,0,0,Gamma-Other,84.76,MAG
TARA_SAMEA4397798_METAG_ELHCINIB,0,0,0,Gamma-Other,90.26,MAG
TARA_SAMEA4397798_METAG_KPEMIHHA,0,0,0,Actinobacteriota,94.02,MAG
TARA_SAMEA4397798_METAG_ICGPGMLG,0,0,0,Alpha-Rhodobacter,93.24,MAG
TARA_SAMEA4397798_METAG_IMEEKBBM,0,0,0,Gamma-Other,75.85,MAG
TARA_SAMEA4397072_METAG_CFKOCGCE,1,1,1,Bacteroidota,82.79,MAG
TARA_SAMEA4397311_METAG_ENPFOOIL,0,0,0,Gamma-Other,98.56,MAG
TARA_SAMEA4397311_METAG_CNLAMCIL,0,0,0,Actinobacteriota,93.6,MAG
TARA_SAMEA4397311_METAG_CIBFFKOL,0,0,0,Bacteroidota,77.27,MAG
TARA_SAMEA4398176_METAG_HBADDEJO,0,0,0,Gamma-Other,89.48,MAG
TARA_SAMEA4398176_METAG_HPHONIMA,0,0,0,Verrucomicrobiota,91.21,MAG
TARA_SAMEA4398176_METAG_MJENGAPI,0,0,0,Gamma-Other,86.73,MAG
TARA_SAMEA4398176_METAG_FOHNHOPL,0,0,0,Actinobacteriota,89.58,MAG
TARA_SAMEA4397355_METAG_IJBJPNIE,0,0,0,Gamma-Other,76.75,MAG
TARA_SAMEA4397730_METAG_MIGCDIBN,0,0,0,Chloroflexota,88.3,MAG
TARA_SAMEA4398067_METAG_LLFIOAIO,0,0,0,Gamma-Other,98.85,MAG
TARA_SAMEA4398067_METAG_NOLKPMGL,0,0,0,Alpha-Rhodobacter,95.3,MAG
TARA_SAMEA4398067_METAG_EOECNMHJ,0,0,0,Actinobacteriota,93.26,MAG
TARA_SAMEA4398067_METAG_GPCNEGNO,0,0,0,Gamma-Other,92.44,MAG
TARA_SAMEA4398067_METAG_EHCOCLID,0,0,0,Gamma-Other,75.82,MAG
TARA_SAMEA4398067_METAG_BKCIHEEE,0,0,0,Actinobacteriota,90.62,MAG
TARA_SAMEA4398067_METAG_ALPFKOOE,0,0,0,Bacteroidota,81.44,MAG
TARA_SAMEA4397569_METAG_GHMOJEEC,0,0,0,Actinobacteriota,94.27,MAG
TARA_SAMEA4397569_METAG_GNPBFPKL,0,0,0,Alpha-Rhodobacter,91.06,MAG
TARA_SAMEA4397472_METAG_DGPNOOGK,0,0,0,Gamma-SAR92,95.02,MAG
TARA_SAMEA4397472_METAG_JMMLDJOC,0,0,0,Gamma-Other,98.32,MAG
TARA_SAMEA4397472_METAG_CJMGHPKL,0,0,0,Bacteroidota,97.05,MAG
TARA_SAMEA4397472_METAG_DICMEHDC,0,0,0,Gamma-Other,96.2,MAG
TARA_SAMEA4397472_METAG_LCKKDFDK,0,0,0,Alpha-Rhodobacter,90.99,MAG
TARA_SAMEA4397472_METAG_MIOPGKDA,1,1,1,Actinobacteriota,93.62,MAG
TARA_SAMEA4397472_METAG_LCIHDHDK,0,0,0,Gamma-Other,76.08,MAG
TARA_SAMEA4398413_METAG_EJLLIMJI,0,0,0,Verrucomicrobiota,96.16,MAG
TARA_SAMEA4398413_METAG_MEBPLGJO,0,0,0,Bacteria-Other,96.25,MAG
TARA_SAMEA4398413_METAG_ELMKJJGE,0,0,0,Alpha-Other,93.02,MAG
TARA_SAMEA4398413_METAG_MMNIOOEJ,0,0,0,Bacteria-Other,82.29,MAG
BGEO_SAMN07136494_METAG_BFPKHHID,0,0,0,Archaea-Nitrosopumilaceae,82.08,MAG
TARA_SAMEA4396468_METAG_DHGJMAAG,1,1,1,Planctomycetota,82.24,MAG
TARA_SAMEA4397649_METAG_CFCFNBDA,0,0,0,Bacteroidota,91.68,MAG
TARA_SAMEA4397649_METAG_KGCLBLKD,0,0,0,Bacteroidota,88.36,MAG
TARA_SAMEA4397649_METAG_GNBPJHAG,0,0,0,Gamma-Other,94.25,MAG
TARA_SAMEA4397649_METAG_PDICHJON,0,0,0,Bacteroidota,93.32,MAG
TARA_SAMEA4397649_METAG_CNMCMBFN,0,0,0,Alpha-Rhodobacter,85.54,MAG
TARA_SAMEA4398341_METAG_BBKHPJPB,0,0,0,Gamma-Other,89.1,MAG
TARA_SAMEA4398341_METAG_AECCMNNO,0,0,0,Bacteria-Other,93.62,MAG
TARA_SAMEA4398341_METAG_CPFFOJFC,0,0,0,SAR324,90.43,MAG
HOTS_SAMN07137012_METAG_OCINBOOF,0,0,0,Archaea-Nitrosopumilaceae,78.65,MAG
BGEO_SAMN07136505_METAG_MNABAJAN,0,0,0,Archaea-Nitrosopumilaceae,88.39,MAG
TARA_SAMEA4398247_METAG_CKJNLPIF,0,0,0,Gamma-Other,90.04,MAG
TARA_SAMEA4398247_METAG_MCKJBFJL,0,0,0,Bacteroidota,94.06,MAG
TARA_SAMEA4398247_METAG_FDFPNPLD,0,0,0,Actinobacteriota,92.51,MAG
BGEO_SAMN07136562_METAG_LEGHEPPA,0,0,0,Verrucomicrobiota,91.02,MAG
HOTS_SAMN07137057_METAG_PBJDCFAI,0,0,0,Chloroflexota,83.96,MAG
BGEO_SAMN07136762_METAG_JJALDMEA,0,0,0,Cyano-Pro,95.46,MAG
BGEO_SAMN07136523_METAG_PEMLLCLE,0,0,0,Bacteroidota,96.94,MAG
BGEO_SAMN07136727_METAG_EIKLGILF,0,0,0,SAR324,91.28,MAG
BGEO_SAMN07136727_METAG_GBNABFHH,0,0,0,Chloroflexota,87.78,MAG
BGEO_SAMN07136710_METAG_BEJKEPKM,0,0,0,Gamma-Other,99.63,MAG
BGEO_SAMN07136772_METAG_OEOCEGLK,0,0,0,Verrucomicrobiota,90.15,MAG
BATS_SAMN08390925_METAG_PGPEDNJI,0,0,0,Gamma-Other,80.47,MAG
BGEO_SAMN07136505_METAG_BPIECALF,1,1,1,Gamma-Other,99.42,MAG
BGEO_SAMN07136791_METAG_ONICFLAC,0,0,0,Cyano-Pro,88.12,MAG
BGEO_SAMN07136707_METAG_GCDCBBHG,0,0,0,Cyano-Pro,83.1,MAG
BGEO_SAMN07136522_METAG_POCBOMEA,1,1,1,Planctomycetota,95.98,MAG
BATS_SAMN07137118_METAG_GCDDPGOJ,0,0,0,Bacteroidota,77.35,MAG
BGEO_SAMN07136726_METAG_JOIDLACC,0,0,0,SAR324,87.25,MAG
BGEO_SAMN07136798_METAG_LAMHFHAM,0,0,0,SAR324,93.72,MAG
BGEO_SAMN07136512_METAG_HAFJDBFF,1,1,1,Gamma-Other,91.98,MAG
BGEO_SAMN07136917_METAG_AMDDICLB,0,0,0,Cyano-Syn,88.02,MAG
BGEO_SAMN07136715_METAG_IGIGNBCM,0,0,0,Gamma-Other,99.54,MAG
BGEO_SAMN07136907_METAG_NIIJBJDG,0,0,0,Cyano-Pro,79.81,MAG
BGEO_SAMN07136937_METAG_IHCFBNKP,0,0,0,Cyano-Syn,82.7,MAG
BGEO_SAMN07136750_METAG_MHGEJOGB,0,0,0,Cyano-Pro,83.02,MAG
BGEO_SAMN07136776_METAG_FDBOGOEB,0,0,0,Archaea-Nitrosopumilaceae,94.66,MAG
BGEO_SAMN07136961_METAG_AFGGELHD,0,0,0,Bacteroidota,89.81,MAG
BGEO_SAMN07136961_METAG_LJGALKHI,0,0,0,Bacteroidota,89.62,MAG
BGEO_SAMN07136692_METAG_LDNFFNIJ,0,0,0,Cyano-Pro,88.58,MAG
BGEO_SAMN07136753_METAG_DOHGMNAO,0,0,0,Cyano-Pro,88.5,MAG
BGEO_SAMN07136617_METAG_NGMCBEMO,0,0,0,Archaea-Nitrosopumilaceae,81.28,MAG
HOTS_SAMN07137008_METAG_NIANDOBE,0,0,0,Archaea-Nitrosopumilaceae,92.76,MAG
BGEO_SAMN07136718_METAG_GOIGCPDN,1,1,1,Gamma-Other,99.5,MAG
BGEO_SAMN07136708_METAG_MHPDDJBJ,0,0,0,Gamma-Other,83.64,MAG
BGEO_SAMN07136936_METAG_GGHANAPG,0,0,0,Bacteroidota,92.91,MAG
BGEO_SAMN07136770_METAG_BMMHMHIG,0,0,0,Verrucomicrobiota,90.22,MAG
BATS_SAMN07137070_METAG_FENLIEBD,0,0,0,Cyano-Syn,88.91,MAG
BGEO_SAMN07136769_METAG_IEKHBHKJ,0,0,0,Verrucomicrobiota,90.87,MAG
BGEO_SAMN07136506_METAG_HDNAHBGO,0,0,0,Gamma-Other,85.46,MAG
BGEO_SAMN07136763_METAG_EMJGIKDC,0,0,0,Archaea-Nitrosopumilaceae,88.18,MAG
BGEO_SAMN07136686_METAG_LIIGEFLI,0,0,0,Cyano-Syn,85.78,MAG
BGEO_SAMN07136900_METAG_AHODOJNB,1,1,1,Gamma-Other,83.99,MAG
BGEO_SAMN07136601_METAG_PLCJIMGL,0,0,0,Verrucomicrobiota,96.03,MAG
BGEO_SAMN07136653_METAG_PKMAIGFI,0,0,0,Cyano-Pro,85.38,MAG
BGEO_SAMN07136887_METAG_LNAMOOCN,0,0,0,SAR324,92.02,MAG
BGEO_SAMN07136787_METAG_CDONFFPD,0,0,0,Cyano-Pro,80.2,MAG
BGEO_SAMN07136767_METAG_IIKBDKIL,0,0,0,Verrucomicrobiota,94.3,MAG
BGEO_SAMN07136767_METAG_DPBAGIII,0,0,0,Cyano-Syn,79.52,MAG
BGEO_SAMN07136590_METAG_NNADOMAD,0,0,0,Gamma-Other,99.72,MAG
BGEO_SAMN07136765_METAG_KHPAIALL,1,1,1,Gamma-Other,91.98,MAG
HOTS_SAMN07137027_METAG_GEDCKBDG,0,0,0,Chloroflexota,83.91,MAG
BGEO_SAMN07136554_METAG_PIIAGIIC,0,0,0,Archaea-Nitrosopumilaceae,77.69,MAG
BGEO_SAMN07136583_METAG_OEAOIHAM,0,0,0,Cyano-Syn,83.14,MAG
BGEO_SAMN07136862_METAG_BOJCEGDL,0,0,0,Cyano-Pro,76.56,MAG
BGEO_SAMN07136789_METAG_CDGADDIM,0,0,0,Cyano-Pro,86.32,MAG
BGEO_SAMN07136724_METAG_FPPMJMLK,0,0,0,Cyano-Pro,82.43,MAG
BGEO_SAMN07136844_METAG_DJKLDCJN,0,0,0,Verrucomicrobiota,81.36,MAG
BGEO_SAMN07136496_METAG_NAJLEHLF,0,0,0,Gamma-Other,93.93,MAG
BGEO_SAMN07136764_METAG_BLGJHKMB,1,1,1,Gamma-Other,97.91,MAG
HOTS_SAMN07137024_METAG_DJJLAIKL,0,0,0,Archaea-Nitrosopumilaceae,92.18,MAG
BGEO_SAMN07136575_METAG_MPBDAHND,0,0,0,Gamma-Other,92.24,MAG
BGEO_SAMN07136825_METAG_IHAKGKLI,1,1,1,Gamma-Other,92.33,MAG
BGEO_SAMN07136825_METAG_CICMHPLA,0,0,0,SAR324,93.33,MAG
BGEO_SAMN07136559_METAG_IAHCMMNJ,0,0,0,SAR324,92.52,MAG
HOTS_SAMN07137000_METAG_EKNCPAGH,0,0,0,Archaea-Nitrosopumilaceae,89.6,MAG
HOTS_SAMN07137030_METAG_KGAAAOBB,0,0,0,Chloroflexota,80.63,MAG
BGEO_SAMN07136709_METAG_EHMLMOOH,0,0,0,Gamma-Other,89.5,MAG
BGEO_SAMN07136511_METAG_JKJKBMPE,1,1,1,Gamma-Other,99.5,MAG
BGEO_SAMN07136760_METAG_CDONIKEE,0,0,0,Cyano-Pro,77.42,MAG
BGEO_SAMN07136510_METAG_OHCONFGL,0,0,0,Archaea-Nitrosopumilaceae,78.26,MAG
BGEO_SAMN07136552_METAG_MPBLLCLH,0,0,0,Gamma-Other,99.9,MAG
BGEO_SAMN07136892_METAG_HDCDGOFI,0,0,0,Cyano-Pro,85.06,MAG
BGEO_SAMN07136682_METAG_EEPGMOIJ,0,0,0,SAR324,93.53,MAG
BGEO_SAMN07136711_METAG_IIKNMEGA,0,0,0,Gamma-Other,96.17,MAG
BGEO_SAMN07136557_METAG_GLFHNAHF,0,0,0,Gamma-Other,100,MAG
BGEO_SAMN07136510_METAG_BEIAAODB,0,0,0,Archaea-Nitrosopumilaceae,81.6,MAG
BGEO_SAMN07136695_METAG_JOOOCOGO,0,0,0,Cyano-Pro,85.46,MAG
BGEO_SAMN07136824_METAG_JIEMKLBB,0,0,0,SAR324,92,MAG
BGEO_SAMN07136680_METAG_NINBMCNL,0,0,0,Cyano-Syn,78.81,MAG
BATS_SAMN07137098_METAG_KDLBKOGG,0,0,0,Cyano-Pro,87.72,MAG
BGEO_SAMN07136859_METAG_AKOCEGHH,0,0,0,Cyano-Pro,82.02,MAG
BGEO_SAMN07136744_METAG_DAILACLH,0,0,0,Archaea-Nitrosopumilaceae,79.55,MAG
BGEO_SAMN07136647_METAG_NLCGAOOA,0,0,0,Archaea-Nitrosopumilaceae,81.46,MAG
BATS_SAMN07137085_METAG_JNAMCKLG,0,0,0,Alpha-Other,96.36,MAG
BGEO_SAMN07136638_METAG_OGPPIPDF,0,0,0,Bacteroidota,86,MAG
BGEO_SAMN07136638_METAG_DGPHMCDG,0,0,0,Bacteroidota,83.52,MAG
MALA_SAMN05422194_METAG_PCFGBHLA,0,0,0,Chloroflexota,81.64,MAG
MALA_SAMN05422136_METAG_CFNFCHDD,0,0,0,Gamma-Other,77.23,MAG
MALA_SAMN05422226_METAG_EKPLMNJC,0,0,0,Chloroflexota,91.47,MAG
MALA_SAMN05422226_METAG_NELIBDBN,0,0,0,Chloroflexota,94.54,MAG
MALA_SAMN05421563_METAG_GDOADBFK,0,0,0,Gamma-Other,75.6,MAG
MALA_SAMN05421699_METAG_JIJFALML,0,0,0,SAR324,93.41,MAG
MALA_SAMN05421699_METAG_ACDJADOH,0,0,0,Alpha-Other,93.02,MAG
MALA_SAMN05421699_METAG_KJBLLHLE,0,0,0,Gamma-Other,92.54,MAG
MALA_SAMN05422122_METAG_JACOJCMO,0,0,0,Gamma-Other,82.14,MAG
MALA_SAMN05422122_METAG_CKBPOFGO,0,0,0,Alpha-Rhodobacter,99.07,MAG
MALA_SAMN05422175_METAG_ELIMMFFE,0,0,0,Alpha-Other,84.98,MAG
MALA_SAMN05422175_METAG_OLCMIKIN,0,0,0,Gamma-Other,97.72,MAG
MALA_SAMN05422175_METAG_LCAKIIIE,0,0,0,Gamma-Other,91.81,MAG
MALA_SAMN05422140_METAG_NKOAKJKA,0,0,0,Gamma-Other,87.44,MAG
MALA_SAMN05422104_METAG_HGDEBLDB,0,0,0,SAR324,90.34,MAG
MALA_SAMN05422104_METAG_JDCGNJAG,0,0,0,Alpha-Rhodobacter,99.32,MAG
MALA_SAMN05422104_METAG_HICMFKHG,0,0,0,Gamma-Other,97.89,MAG
MALA_SAMN05422189_METAG_HMCFPIOA,0,0,0,Actinobacteriota,86.41,MAG
MALA_SAMN05422121_METAG_MEMALNFD,0,0,0,SAR324,93.37,MAG
MALA_SAMN05422121_METAG_PMNELIKC,0,0,0,Bacteria-Other,95.51,MAG
MALA_SAMN05422149_METAG_HPPCHCEF,0,0,0,Chloroflexota,92.06,MAG
MALA_SAMN05422149_METAG_HCNNMKLE,0,0,0,Chloroflexota,93.72,MAG
MALA_SAMN05422149_METAG_IEPELFMA,0,0,0,Alpha-Other,89.96,MAG
MALA_SAMN05422195_METAG_KAKDADMC,0,0,0,SAR324,87.34,MAG
MALA_SAMN05422195_METAG_NEANBIPH,0,0,0,Alpha-Rhodobacter,99.32,MAG
MALA_SAMN05421706_METAG_PHJHNDCF,0,0,0,Chloroflexota,95.2,MAG
MALA_SAMN05421706_METAG_DECGBFOP,0,0,0,Alpha-Rhodobacter,89.06,MAG
MALA_SAMN05422133_METAG_ADEFELBG,1,1,1,Gamma-Other,95.46,MAG
MALA_SAMN05422133_METAG_MMGBPPIN,0,0,0,Actinobacteriota,93.29,MAG
MALA_SAMN05422133_METAG_FNEHNFBK,0,0,0,Alpha-Other,83.78,MAG
MALA_SAMN05422166_METAG_PHPIFGHP,0,0,0,SAR324,93.16,MAG
MALA_SAMN05422166_METAG_LIPHNDPD,0,0,0,Actinobacteriota,80.94,MAG
MALA_SAMN05422117_METAG_NBFBPIHC,0,0,0,SAR324,92.99,MAG
MALA_SAMN05421660_METAG_KCFPKICE,1,1,1,Gamma-Other,90.99,MAG
MALA_SAMN05421660_METAG_AKFNKDEK,0,0,0,SAR324,91.24,MAG
MALA_SAMN05422148_METAG_CIJEHAMJ,0,0,0,SAR324,93.66,MAG
MALA_SAMN05422148_METAG_LBPIAHEB,0,0,0,SAR324,91.27,MAG
MALA_SAMN05422148_METAG_NDJFDIOK,0,0,0,Alpha-Rhodobacter,91.42,MAG
MALA_SAMN05422148_METAG_BICMPFEL,0,0,0,Chloroflexota,91.6,MAG
MALA_SAMN05422148_METAG_LAEONHEK,0,0,0,Alpha-Other,91.22,MAG
MALA_SAMN05422148_METAG_FCOMONOA,0,0,0,Chloroflexota,95.02,MAG
MALA_SAMN05422111_METAG_KHJCJCMD,0,0,0,SAR324,95.33,MAG
MALA_SAMN05422111_METAG_BKBPFIPG,0,0,0,SAR324,91.06,MAG
MALA_SAMN05421901_METAG_NCIHGEED,0,0,0,SAR324,93.52,MAG
MALA_SAMN05422138_METAG_APBEINND,0,0,0,Alpha-Other,75.96,MAG
MALA_SAMN05422138_METAG_KILHIAMI,0,0,0,SAR324,91.02,MAG
MALA_SAMN05422138_METAG_KOJEGGEL,0,0,0,SAR324,90.22,MAG
MALA_SAMN05422183_METAG_ADJPCION,0,0,0,Chloroflexota,90.34,MAG
MALA_SAMN05422183_METAG_DDAFPEJC,0,0,0,SAR324,91.98,MAG
MALA_SAMN05422107_METAG_BHNCMDMP,0,0,0,SAR324,92.48,MAG
MALA_SAMN05422152_METAG_KHCFHFCA,0,0,0,Alpha-Other,88.95,MAG
MALA_SAMN05422152_METAG_DCIDIPOJ,0,0,0,Actinobacteriota,91.22,MAG
MALA_SAMN05422152_METAG_EOCMCBJO,0,0,0,SAR324,93.21,MAG
MALA_SAMN05422163_METAG_FPKINHBA,0,0,0,Chloroflexota,83.5,MAG
MALA_SAMN05422171_METAG_ILFAOIGK,0,0,0,SAR324,92.83,MAG
MALA_SAMN05422113_METAG_MMMIMIBM,0,0,0,Actinobacteriota,91.23,MAG
MALA_SAMN05422113_METAG_EOAGBMHA,0,0,0,Gamma-Other,92.09,MAG
MALA_SAMN05422113_METAG_MMKICJMF,0,0,0,Gamma-Other,91.19,MAG
MALA_SAMN05422192_METAG_OPGIDGFE,0,0,0,SAR324,86.74,MAG
MALA_SAMN05422192_METAG_FMDMGIFD,0,0,0,SAR324,90.86,MAG
MALA_SAMN05422192_METAG_OLOJNECD,0,0,0,Actinobacteriota,95.56,MAG
MALA_SAMN05422165_METAG_OLNGBDLB,1,1,1,Gamma-Other,81.94,MAG
MALA_SAMN05422130_METAG_LBFLGNDE,0,0,0,Alpha-Other,82.13,MAG
MALA_SAMN05422143_METAG_MKOHEMBE,0,0,0,Chloroflexota,95.34,MAG
MALA_SAMN05421697_METAG_OILIAGNK,0,0,0,Bacteria-Other,89.71,MAG
MALA_SAMN05422191_METAG_CCFOIEBK,1,1,1,Alpha-Other,90.6,MAG
MALA_SAMN05422168_METAG_GOCFBEKE,0,0,0,Alpha-Rhodobacter,99.32,MAG
MALA_SAMN05422128_METAG_AJGGCPDB,0,0,0,SAR324,90.91,MAG
TARA_SAMN05326644_METAG_PON00005,1,1,1,Alpha-Other,97.47,MAG
TARA_SAMN05326644_METAG_PON00026,0,0,0,SAR324,79.81,MAG
TARA_SAMN05326644_METAG_PON00039,0,0,0,Alpha-Other,77.77,MAG
TARA_SAMN05326645_METAG_PSE00001,0,0,0,Bacteroidota,99.64,MAG
TARA_SAMN05326645_METAG_PSE00011,0,0,0,Gamma-Other,88.84,MAG
TARA_SAMN05326650_METAG_MED00041,0,0,0,Verrucomicrobiota,91.96,MAG
TARA_SAMN05326650_METAG_MED00066,0,0,0,Alpha-Other,80.35,MAG
BGEO_SAMN07136616_METAG_LKFMCAJA,0,0,0,Archaea-Nitrosopumilaceae,86.36,MAG
BATS_SAMN07137087_METAG_BPFGOMMN,0,0,0,Archaea-Nitrosopumilaceae,83,MAG
TARA_SAMN05326645_METAG_PSE00023,0,0,0,Planctomycetota,95.51,MAG
TARA_SAMN05326645_METAG_PSE00027,0,0,0,Alpha-Other,96.26,MAG
TARA_SAMN05326645_METAG_PSE00028,0,0,0,Planctomycetota,97.43,MAG
TARA_SAMN05326645_METAG_PSE00035,0,0,0,Gamma-Other,92.19,MAG
TARA_SAMN05326645_METAG_PSE00044,1,1,1,Verrucomicrobiota,86.28,MAG
TARA_SAMN05326645_METAG_PSE00104,1,1,1,Gamma-Other,78.41,MAG
TARA_SAMN05326646_METAG_PSW00002,0,0,0,Alpha-Other,97.86,MAG
TARA_SAMN05326646_METAG_PSW00004,0,0,0,Gamma-Other,99.46,MAG
TARA_SAMN05326646_METAG_PSW00022,1,1,1,Bacteria-Other,90.38,MAG
TARA_SAMN05326646_METAG_PSW00027,1,1,1,Planctomycetota,92.71,MAG
TARA_SAMN05326646_METAG_PSW00065,0,0,0,Bacteroidota,88.38,MAG
BGEO_SAMN07136639_METAG_CAEGINHC,0,0,0,Archaea-Nitrosopumilaceae,92.23,MAG
TARA_SAMN05326646_METAG_PSW00089,0,0,0,Gamma-Other,79.39,MAG
TARA_SAMN05326646_METAG_PSW00096,0,0,0,Bacteroidota,77.42,MAG
TARA_SAMN05326643_METAG_ASW00003,0,0,0,Cyano-Other,84.44,MAG
TARA_SAMN05326647_METAG_ION00007,1,1,1,Planctomycetota,97.41,MAG
TARA_SAMN05326647_METAG_ION00009,0,0,0,Gamma-Other,95.5,MAG
TARA_SAMN05326647_METAG_ION00016,0,0,0,Alpha-Other,93.46,MAG
TARA_SAMN05326647_METAG_ION00037,0,0,0,Bacteroidota,78.8,MAG
TARA_SAMN05326647_METAG_ION00038,0,0,0,Alpha-Other,80.06,MAG
TARA_SAMN05326648_METAG_IOS00004,0,0,0,Alpha-Other,97.98,MAG
TARA_SAMN05326648_METAG_IOS00020,0,0,0,Alpha-Other,90.29,MAG
TARA_SAMN05326648_METAG_IOS00035,0,0,0,Verrucomicrobiota,84,MAG
TARA_SAMN05326650_METAG_MED00001,0,0,0,Alpha-Other,95.82,MAG
TARA_SAMN05326650_METAG_MED00006,0,0,0,Alpha-Other,97.96,MAG
TARA_SAMN05326650_METAG_MED00013,0,0,0,Alpha-Other,92.72,MAG
TARA_SAMN05326650_METAG_MED00022,0,0,0,Gamma-Other,95.3,MAG
TARA_SAMN05326651_METAG_RED00004,0,0,0,Alpha-Other,96.96,MAG
TARA_SAMN05326651_METAG_RED00008,0,0,0,Acidobacteriota,95.61,MAG
TARA_SAMN05326651_METAG_RED00026,0,0,0,Alpha-Other,93.97,MAG
TARA_SAMN05326651_METAG_RED00036,1,1,1,Planctomycetota,90.72,MAG
TARA_SAMN05326651_METAG_RED00050,1,1,1,Planctomycetota,85.57,MAG
TARA_SAMN05326651_METAG_RED00081,0,0,0,Acidobacteriota,81.02,MAG
TARA_SAMN05326640_METAG_ANE00002,1,1,1,Alpha-Other,99.2,MAG
TARA_SAMN05326640_METAG_ANE00006,0,0,0,Gamma-Other,91.4,MAG
TARA_SAMN05326640_METAG_ANE00007,1,1,1,Actinobacteriota,91.63,MAG
BGEO_SAMN07136518_METAG_ECAIMBFI,0,0,0,Archaea-Nitrosopumilaceae,81.24,MAG
TARA_SAMN05326641_METAG_ANW00003,1,1,1,Alpha-Other,99.97,MAG
TARA_SAMN05326641_METAG_ANW00005,0,0,0,Gamma-Other,98.1,MAG
TARA_SAMN05326641_METAG_ANW00007,1,1,1,Planctomycetota,94.31,MAG
TARA_SAMN05326641_METAG_ANW00035,0,0,0,Planctomycetota,85.94,MAG
GORG_SAMEA6070137_SAGS_AG894F20,0,0,0,Cyano-Pro,77.91,SAG
GORG_SAMEA6070151_SAGS_AG894G16,0,0,0,Cyano-Pro,82.41,SAG
GORG_SAMEA6078132_SAGS_AG343D04,0,0,0,Bacteria-Other,80.23,SAG
GORG_SAMEA6070163_SAGS_AG894I06,0,0,0,Cyano-Pro,88.9,SAG
GORG_SAMEA6070230_SAGS_AG894N05,0,0,0,Cyano-Pro,94.7,SAG
GORG_SAMEA6077607_SAGS_AG333F14,0,0,0,Alpha-Other,77.99,SAG
GORG_SAMEA6074575_SAGS_AG918F13,0,0,0,Cyano-Pro,87.42,SAG
GORG_SAMEA6075502_SAGS_AG404K13,0,0,0,Gamma-Other,89.56,SAG
GORG_SAMEA6069754_SAGS_AG892J04,0,0,0,Alpha-Other,91.1,SAG
GORG_SAMEA6069755_SAGS_AG892J05,0,0,0,Cyano-Pro,76.66,SAG
GORG_SAMEA6072715_SAGS_AG909G18,0,0,0,Bacteroidota,80.13,SAG
GORG_SAMEA6070422_SAGS_AG895M18,0,0,0,Cyano-Pro,82.22,SAG
GORG_SAMEA6077809_SAGS_AG337B04,0,0,0,Bacteroidota,82.14,SAG
GORG_SAMEA6077877_SAGS_AG337E20,0,0,0,Alpha-Other,88.6,SAG
GORG_SAMEA6072009_SAGS_AG904O22,0,0,0,Cyano-Pro,90.46,SAG
GORG_SAMEA6072427_SAGS_AG907P15,0,0,0,Cyano-Pro,76.75,SAG
GORG_SAMEA6073770_SAGS_AG914I23,0,0,0,Cyano-Pro,80.31,SAG
GORG_SAMEA6074323_SAGS_AG917B09,0,0,0,Cyano-Pro,81.24,SAG
GORG_SAMEA6074373_SAGS_AG917F02,0,0,0,Verrucomicrobiota,83.35,SAG
GORG_SAMEA6070834_SAGS_AG898B20,0,0,0,Alpha-Other,88.54,SAG
GORG_SAMEA6074485_SAGS_AG917O08,0,0,0,Cyano-Pro,75.46,SAG
GORG_SAMEA6079423_SAGS_AG470K05,0,0,0,Bacteroidota,84.7,SAG
GORG_SAMEA6074061_SAGS_AG915O02,0,0,0,Cyano-Pro,89.14,SAG
GORG_SAMEA6068104_SAGS_AH324M21,0,0,0,Gamma-Other,88.21,SAG
GORG_SAMEA6079711_SAGS_AG426N14,0,0,0,Cyano-Pro,76.41,SAG
GORG_SAMEA6069918_SAGS_AG893F20,0,0,0,Cyano-Pro,77.18,SAG
GORG_SAMEA6072236_SAGS_AG907B11,0,0,0,Cyano-Pro,78.34,SAG
GORG_SAMEA6072855_SAGS_AG910B20,0,0,0,Cyano-Pro,84.34,SAG
GORG_SAMEA6072896_SAGS_AG910E10,0,0,0,Cyano-Pro,75.39,SAG
GORG_SAMEA6073123_SAGS_AG911F13,0,0,0,Alpha-Other,85.62,SAG
GORG_SAMEA6073201_SAGS_AG911L17,0,0,0,Alpha-Other,84.76,SAG
GORG_SAMEA6069957_SAGS_AG893J15,0,0,0,Cyano-Pro,79.09,SAG
GORG_SAMEA6069959_SAGS_AG893J17,0,0,0,Alpha-Puniceispirilla,97.03,SAG
GORG_SAMEA6069979_SAGS_AG893K23,0,0,0,Cyano-Pro,86.72,SAG
GORG_SAMEA6071168_SAGS_AG899M02,0,0,0,Gamma-SAR86,77.84,SAG
GORG_SAMEA6073590_SAGS_AG913K22,0,0,0,Alpha-Other,75.92,SAG
GORG_SAMEA6069714_SAGS_AG892F10,0,0,0,Alpha-Other,91.98,SAG
GORG_SAMEA6074758_SAGS_AG919G03,0,0,0,Alpha-Other,78.42,SAG
GORG_SAMEA6075214_SAGS_AG349G20,0,0,0,Alpha-Other,93.28,SAG
GORG_SAMEA6075216_SAGS_AG349G23,0,0,0,Cyano-Pro,86.71,SAG
GORG_SAMEA6079566_SAGS_AG426D16,0,0,0,Cyano-Pro,80.47,SAG
GORG_SAMEA6071288_SAGS_AG900E06,0,0,0,Gamma-SAR86,86.1,SAG
GORG_SAMEA6070264_SAGS_AG894P13,0,0,0,Cyano-Pro,93.74,SAG
GORG_SAMEA6070310_SAGS_AG895D05,0,0,0,Cyano-Pro,92.51,SAG
BGEO_SAMN07136509_METAG_BKDGCBPN,0,0,0,Archaea-Nitrosopumilaceae,92.16,MAG
GORG_SAMEA6077325_SAGS_AG325G09,0,0,0,Gamma-SAR86,75.32,SAG
GORG_SAMEA6077355_SAGS_AG325I21,0,0,0,Alpha-Puniceispirilla,81.54,SAG
GORG_SAMEA6073732_SAGS_AG914F07,0,0,0,Cyano-Pro,76.35,SAG
GORG_SAMEA6080251_SAGS_AG439D21,0,0,0,Verrucomicrobiota,82.78,SAG
GORG_SAMEA6070473_SAGS_AG896A03,0,0,0,Cyano-Pro,86.57,SAG
GORG_SAMEA6070481_SAGS_AG896A16,0,0,0,Alpha-Other,85.46,SAG
GORG_SAMEA6070529_SAGS_AG896E23,0,0,0,Cyano-Pro,83.46,SAG
GORG_SAMEA6077936_SAGS_AG337I22,0,0,0,Bacteroidota,78.61,SAG
GORG_SAMEA6071059_SAGS_AG899D22,0,0,0,Gamma-SAR86,77.43,SAG
GORG_SAMEA6071072_SAGS_AG899E18,0,0,0,Cyano-Pro,80.39,SAG
GORG_SAMEA6070578_SAGS_AG896J04,0,0,0,Gamma-Other,78.08,SAG
GORG_SAMEA6070620_SAGS_AG896M03,0,0,0,Bacteroidota,82.29,SAG
GORG_SAMEA6074161_SAGS_AG916E22,0,0,0,Cyano-Pro,80.57,SAG
MARD_SAMN08886321_SAGS_MMP08886321,0,0,0,Cyano-Pro,91.02,SAG
MARD_SAMN08886322_SAGS_MMP08886322,0,0,0,Cyano-Pro,84.55,SAG
MARD_SAMN08886325_SAGS_MMP08886325,0,0,0,Cyano-Pro,95.38,SAG
MARD_SAMN08886327_SAGS_MMP08886327,0,0,0,Cyano-Pro,88.96,SAG
MARD_SAMN08886335_SAGS_MMP08886335,0,0,0,Cyano-Pro,91.72,SAG
MARD_SAMN08886343_SAGS_MMP08886343,0,0,0,Cyano-Pro,89.74,SAG
MARD_SAMN08886369_SAGS_MMP08886369,0,0,0,Cyano-Other,91.52,SAG
MARD_SAMN08886387_SAGS_MMP08886387,0,0,0,Cyano-Pro,83.66,SAG
MARD_SAMN08886393_SAGS_MMP08886393,0,0,0,Cyano-Pro,93.16,SAG
MARD_SAMN08886407_SAGS_MMP08886407,0,0,0,Cyano-Pro,94.21,SAG
MARD_SAMN08886418_SAGS_MMP08886418,0,0,0,Cyano-Pro,76.52,SAG
MARD_SAMN08886424_SAGS_MMP08886424,0,0,0,Cyano-Pro,82.9,SAG
MARD_SAMN08886425_SAGS_MMP08886425,0,0,0,Cyano-Pro,85.76,SAG
MARD_SAMN08886442_SAGS_MMP08886442,0,0,0,Cyano-Pro,80.48,SAG
MARD_SAMN08886446_SAGS_MMP08886446,0,0,0,Cyano-Pro,91.98,SAG
MARD_SAMN08886450_SAGS_MMP08886450,0,0,0,Cyano-Pro,86.76,SAG
MARD_SAMN08886495_SAGS_MMP08886495,0,0,0,Cyano-Pro,81.82,SAG
MARD_SAMN08886496_SAGS_MMP08886496,0,0,0,Cyano-Pro,93.58,SAG
MARD_SAMN08886507_SAGS_MMP08886507,0,0,0,Cyano-Pro,79.12,SAG
MARD_SAMN08886516_SAGS_MMP08886516,0,0,0,Cyano-Pro,93.9,SAG
MARD_SAMN08886550_SAGS_MMP08886550,0,0,0,Cyano-Pro,79.41,SAG
MARD_SAMN08886594_SAGS_MMP08886594,0,0,0,Cyano-Pro,94.88,SAG
MARD_SAMN08886610_SAGS_MMP08886610,0,0,0,Cyano-Pro,82.31,SAG
MARD_SAMN08886139_SAGS_MMP08886139,0,0,0,Cyano-Pro,81.36,SAG
MARD_SAMN08886140_SAGS_MMP08886140,0,0,0,Cyano-Pro,93.22,SAG
MARD_SAMN08886142_SAGS_MMP08886142,0,0,0,Cyano-Pro,90.6,SAG
MARD_SAMN08886153_SAGS_MMP08886153,0,0,0,Cyano-Pro,91.4,SAG
MARD_SAMN08886156_SAGS_MMP08886156,0,0,0,Cyano-Pro,87.78,SAG
MARD_SAMN08886157_SAGS_MMP08886157,0,0,0,Cyano-Pro,75.47,SAG
MARD_SAMN08886162_SAGS_MMP08886162,0,0,0,Cyano-Pro,92.72,SAG
MARD_SAMN08886170_SAGS_MMP08886170,0,0,0,Cyano-Pro,94.02,SAG
MARD_SAMN08886172_SAGS_MMP08886172,0,0,0,Cyano-Pro,91.45,SAG
MARD_SAMN08886187_SAGS_MMP08886187,0,0,0,Cyano-Pro,83.06,SAG
MARD_SAMN08886189_SAGS_MMP08886189,0,0,0,Cyano-Pro,96.41,SAG
MARD_SAMN08886191_SAGS_MMP08886191,0,0,0,Cyano-Pro,83.78,SAG
MARD_SAMN08886192_SAGS_MMP08886192,0,0,0,Cyano-Pro,94.85,SAG
MARD_SAMN08886198_SAGS_MMP08886198,0,0,0,Cyano-Pro,83.64,SAG
MARD_SAMN08886199_SAGS_MMP08886199,0,0,0,Cyano-Pro,82.16,SAG
MARD_SAMN08886204_SAGS_MMP08886204,0,0,0,Cyano-Pro,77.97,SAG
MARD_SAMN08886206_SAGS_MMP08886206,0,0,0,Cyano-Pro,84.7,SAG
MARD_SAMN08886213_SAGS_MMP08886213,0,0,0,Cyano-Pro,89.32,SAG
MARD_SAMN08886220_SAGS_MMP08886220,0,0,0,Cyano-Pro,94.82,SAG
MARD_SAMN08886240_SAGS_MMP08886240,0,0,0,Cyano-Pro,82.09,SAG
MARD_SAMN08886257_SAGS_MMP08886257,0,0,0,Cyano-Other,81.6,SAG
MARD_SAMN08886258_SAGS_MMP08886258,0,0,0,Cyano-Other,77.41,SAG
MARD_SAMN08886262_SAGS_MMP08886262,0,0,0,Cyano-Pro,98.51,SAG
MARD_SAMN08886293_SAGS_MMP08886293,0,0,0,Cyano-Pro,90.58,SAG
MARD_SAMN08886295_SAGS_MMP08886295,0,0,0,Cyano-Pro,92.9,SAG
MARD_SAMN08886299_SAGS_MMP08886299,0,0,0,Cyano-Pro,86.25,SAG
MARD_SAMN08886303_SAGS_MMP08886303,0,0,0,Cyano-Pro,81.01,SAG
MARD_SAMN08886308_SAGS_MMP08886308,0,0,0,Cyano-Pro,87.77,SAG
MARD_SAMN08886312_SAGS_MMP08886312,0,0,0,Cyano-Pro,82.6,SAG
MARD_SAMN08886319_SAGS_MMP08886319,0,0,0,Cyano-Pro,96.53,SAG
MARD_SAMN08886320_SAGS_MMP08886320,0,0,0,Cyano-Pro,85.18,SAG
MARD_SAMN04915612_REFG_MMP04915612,0,0,0,Alpha-Rhodobacter,98.81,RefGenome
MARD_SAMN06074326_REFG_MMP06074326,1,1,1,Bacteroidota,98.72,RefGenome
MARD_SAMN06075340_REFG_MMP06075340,0,0,0,Bacteroidota,98.41,RefGenome
MARD_SAMN06075350_REFG_MMP06075350,0,0,0,Bacteroidota,99.2,RefGenome
MARD_SAMN06075351_REFG_MMP06075351,0,0,0,Bacteroidota,98.91,RefGenome
MARD_SAMN06133338_REFG_MMP06133338,1,1,1,Gamma-Other,98.9,RefGenome
MARD_SAMN06133460_REFG_MMP06133460,1,1,1,Bacteroidota,99.83,RefGenome
MARD_SAMN08536167_REFG_MMP08536167,1,1,1,Gamma-Other,99.43,RefGenome
MARD_SAMN08730605_REFG_MMP08730605,1,1,1,Alpha-Rhodobacter,85.94,RefGenome
MARD_SAMN08820071_REFG_MMP08820071,1,1,1,Actinobacteriota,98.76,RefGenome
MARD_SAMN08848607_REFG_MMP08848607,1,1,1,Gamma-Other,100,RefGenome
MARD_SAMN08885950_SAGS_MMP08885950,0,0,0,Cyano-Pro,78.52,SAG
MARD_SAMN08993916_REFG_MMP08993916,0,0,0,Bacteroidota,99.62,RefGenome
MARD_SAMN09377736_REFG_MMP09377736,0,0,0,Bacteroidota,99.11,RefGenome
MARD_SAMN04311937_REFG_MMP04311937,0,0,0,Firmicutes,99.3,RefGenome
MARD_SAMN05417997_REFG_MMP05417997,1,1,1,Gamma-Other,97.49,RefGenome
MARD_SAMN05418198_REFG_MMP05418198,1,1,1,Gamma-Other,99.32,RefGenome
MARD_SAMN07998585_REFG_MMP07998585,1,1,1,Firmicutes,100,RefGenome
MARD_SAMN07998586_REFG_MMP07998586,1,1,1,Firmicutes,100,RefGenome
MARD_SAMN08271940_REFG_MMP08271940,0,0,0,Gamma-Other,99.72,RefGenome
MARD_SAMN08886043_SAGS_MMP08886043,0,0,0,Alpha-Puniceispirilla,81.54,SAG
MARD_SAMN08886611_SAGS_MMP08886611,0,0,0,Cyano-Pro,77.23,SAG
MARD_SAMN08886613_SAGS_MMP08886613,0,0,0,Cyano-Pro,85,SAG
MARD_SAMN09240566_REFG_MMP09240566,1,1,1,Gamma-Other,99.92,RefGenome
MARD_SAMEA4029000_REFG_MMP4029000,1,1,1,Gamma-Other,100,RefGenome
MARD_SAMEA4029001_REFG_MMP4029001,1,1,1,Gamma-Other,100,RefGenome
BGEO_SAMN07136509_METAG_AHBFBDKE,0,0,0,Archaea-Nitrosopumilaceae,89.59,MAG
MARD_SAMN02745129_REFG_MMP02745129,1,1,1,Gamma-Other,100,RefGenome
MARD_SAMN02745165_REFG_MMP02745165,1,1,1,Bacteria-Other,99.32,RefGenome
MARD_SAMN02745216_REFG_MMP02745216,0,0,0,Bacteria-Other,97.95,RefGenome
MARD_SAMN04449598_REFG_MMP04449598,0,0,0,Bacteroidota,99.28,RefGenome
MARD_SAMN04623574_REFG_MMP04623574,0,0,0,Bacteria-Other,97.94,RefGenome
MARD_SAMN04867941_REFG_MMP04867941,1,1,1,Gamma-Other,98.33,RefGenome
MARD_SAMN04957306_REFG_MMP04957306,0,0,0,Alpha-Other,99.91,RefGenome
MARD_SAMN04957308_REFG_MMP04957308,0,0,0,Bacteroidota,99.5,RefGenome
MARD_SAMN04965931_REFG_MMP04965931,0,0,0,Alpha-Rhodobacter,98.8,RefGenome
MARD_SAMN05421830_REFG_MMP05421830,1,1,1,Bacteria-Other,99.62,RefGenome
MARD_SAMN05447431_REFG_MMP05447431,1,1,1,Gamma-Other,99.64,RefGenome
HOTS_SAMN07137005_METAG_BJJJACOG,0,0,0,Archaea-Nitrosopumilaceae,91.44,MAG
MARD_SAMD00000372_REFG_MMP00000372,1,1,1,Firmicutes,96.99,RefGenome
MARD_SAMD00000387_REFG_MMP00000387,0,0,0,Firmicutes,90.2,RefGenome
MARD_SAMD00012206_REFG_MMP00012206,0,0,0,Bacteroidota,97.56,RefGenome
MARD_SAMD00017304_REFG_MMP00017304,1,1,1,Gamma-Other,92.04,RefGenome
MARD_SAMD00036604_REFG_MMP00036604,0,0,0,Gamma-Other,99.47,RefGenome
MARD_SAMD00036651_REFG_MMP00036651,1,1,1,Gamma-Other,99.26,RefGenome
MARD_SAMD00041795_REFG_MMP00041795,1,1,1,Gamma-Other,97.32,RefGenome
MARD_SAMD00046733_REFG_MMP00046733,1,1,1,Gamma-Other,100,RefGenome
MARD_SAMD00046758_REFG_MMP00046758,1,1,1,Gamma-Other,99.88,RefGenome
MARD_SAMEA3138989_REFG_MMP3138989,1,1,1,Gamma-Other,98.81,RefGenome
BGEO_SAMN07136540_METAG_HBEHOFII,0,0,0,Archaea-Nitrosopumilaceae,87.56,MAG
BGEO_SAMN07136540_METAG_MMEAADDK,0,0,0,Archaea-Nitrosopumilaceae,80.5,MAG
MARD_SAMD00000348_REFG_MMP00000348,0,0,0,Cyano-Other,98.95,RefGenome
MARD_SAMD00036551_REFG_MMP00036551,1,1,1,Gamma-Other,99.79,RefGenome
MARD_SAMD00036591_REFG_MMP00036591,1,1,1,Gamma-Other,99.83,RefGenome
MARD_SAMD00036602_REFG_MMP00036602,1,1,1,Gamma-Other,99.64,RefGenome
MARD_SAMD00039994_REFG_MMP00039994,1,1,1,Actinobacteriota,98.34,RefGenome
MARD_SAMD00044012_REFG_MMP00044012,0,0,0,Bacteroidota,99.23,RefGenome
MARD_SAMEA2752425_REFG_MMP2752425,1,1,1,Gamma-Other,99.84,RefGenome
MARD_SAMN02436114_REFG_MMP02436114,1,1,1,Bacteroidota,98.94,RefGenome
MARD_SAMN02436116_REFG_MMP02436116,0,0,0,Bacteroidota,98.72,RefGenome
MARD_SAMN02436127_REFG_MMP02436127,1,1,1,Bacteria-Other,99.22,RefGenome
MARD_SAMN02436135_REFG_MMP02436135,0,0,0,Alpha-Other,99.12,RefGenome
MARD_SAMN02436136_REFG_MMP02436136,0,0,0,Bacteroidota,99.81,RefGenome
MARD_SAMN02436140_REFG_MMP02436140,1,1,1,Gamma-Other,97.04,RefGenome
MARD_SAMN02436159_REFG_MMP02436159,1,1,1,Actinobacteriota,98.18,RefGenome
MARD_SAMN02436163_REFG_MMP02436163,0,0,0,Alpha-Rhodobacter,99.16,RefGenome
MARD_SAMN03135500_REFG_MMP03135500,0,0,0,Bacteroidota,99.28,RefGenome
MARD_SAMN03151499_REFG_MMP03151499,0,0,0,Bacteroidota,99.28,RefGenome
MARD_SAMN05418127_REFG_MMP05418127,1,1,1,Gamma-Other,99.64,RefGenome
MARD_SAMN05418201_REFG_MMP05418201,1,1,1,Gamma-Other,99.8,RefGenome
MARD_SAMN05421838_REFG_MMP05421838,0,0,0,Bacteria-Other,96.92,RefGenome
MARD_SAMN05444482_REFG_MMP05444482,0,0,0,Bacteroidota,99.45,RefGenome
MARD_SAMN06264851_REFG_MMP06264851,0,0,0,Bacteroidota,99.26,RefGenome
MARD_SAMN07621896_REFG_MMP07621896,1,1,1,Bacteroidota,99.12,RefGenome
MARD_SAMN08954523_REFG_MMP08954523,1,1,1,Gamma-Other,100,RefGenome
MARD_SAMN09104459_REFG_MMP09104459,1,1,1,Firmicutes,100,RefGenome
MARD_SAMN09104460_REFG_MMP09104460,1,1,1,Firmicutes,100,RefGenome
MARD_SAMN09104461_REFG_MMP09104461,1,1,1,Firmicutes,100,RefGenome
MARD_SAMN09104462_REFG_MMP09104462,1,1,1,Firmicutes,100,RefGenome
MARD_SAMN09104465_REFG_MMP09104465,1,1,1,Firmicutes,100,RefGenome
MARD_SAMN09104467_REFG_MMP09104467,1,1,1,Firmicutes,100,RefGenome
MARD_SAMN09104480_REFG_MMP09104480,1,1,1,Firmicutes,100,RefGenome
MARD_SAMN09104481_REFG_MMP09104481,1,1,1,Firmicutes,100,RefGenome
MARD_SAMN09104482_REFG_MMP09104482,1,1,1,Firmicutes,100,RefGenome
MARD_SAMN09104483_REFG_MMP09104483,1,1,1,Firmicutes,99.81,RefGenome
MARD_SAMN09104484_REFG_MMP09104484,1,1,1,Firmicutes,99.81,RefGenome
MARD_SAMN09104485_REFG_MMP09104485,1,1,1,Firmicutes,100,RefGenome
MARD_SAMN09104486_REFG_MMP09104486,1,1,1,Firmicutes,100,RefGenome
MARD_SAMN09104487_REFG_MMP09104487,1,1,1,Firmicutes,100,RefGenome
MARD_SAMN09104488_REFG_MMP09104488,1,1,1,Firmicutes,100,RefGenome
MARD_SAMN09104489_REFG_MMP09104489,1,1,1,Firmicutes,100,RefGenome
MARD_SAMN09104490_REFG_MMP09104490,1,1,1,Firmicutes,100,RefGenome
MARD_SAMN09104496_REFG_MMP09104496,1,1,1,Firmicutes,99.81,RefGenome
MARD_SAMN09104500_REFG_MMP09104500,1,1,1,Firmicutes,100,RefGenome
MARD_SAMN09104501_REFG_MMP09104501,1,1,1,Firmicutes,100,RefGenome
MARD_SAMN09104502_REFG_MMP09104502,1,1,1,Firmicutes,100,RefGenome
MARD_SAMN09104503_REFG_MMP09104503,1,1,1,Firmicutes,100,RefGenome
MARD_SAMN09104504_REFG_MMP09104504,1,1,1,Firmicutes,99.81,RefGenome
MARD_SAMN09104509_REFG_MMP09104509,1,1,1,Firmicutes,100,RefGenome
MARD_SAMN09104510_REFG_MMP09104510,1,1,1,Firmicutes,100,RefGenome
MARD_SAMN09104511_REFG_MMP09104511,1,1,1,Firmicutes,100,RefGenome
MARD_SAMN09104512_REFG_MMP09104512,1,1,1,Firmicutes,99.81,RefGenome
MARD_SAMN09104515_REFG_MMP09104515,1,1,1,Firmicutes,100,RefGenome
MARD_SAMN09104516_REFG_MMP09104516,1,1,1,Firmicutes,100,RefGenome
MARD_SAMN09104517_REFG_MMP09104517,1,1,1,Firmicutes,100,RefGenome
MARD_SAMN09104520_REFG_MMP09104520,1,1,1,Firmicutes,100,RefGenome
MARD_SAMN09104522_REFG_MMP09104522,1,1,1,Firmicutes,100,RefGenome
MARD_SAMN09104523_REFG_MMP09104523,1,1,1,Firmicutes,100,RefGenome
MARD_SAMN09104529_REFG_MMP09104529,1,1,1,Firmicutes,100,RefGenome
MARD_SAMN09104530_REFG_MMP09104530,1,1,1,Firmicutes,99.81,RefGenome
MARD_SAMN09104531_REFG_MMP09104531,1,1,1,Firmicutes,100,RefGenome
MARD_SAMN09279555_REFG_MMP09279555,1,1,1,Actinobacteriota,97.97,RefGenome
MARD_SAMN09507747_REFG_MMP09507747,0,0,0,Alpha-Rhodobacter,99.22,RefGenome
MARD_SAMN09519150_REFG_MMP09519150,0,0,0,Bacteroidota,98.92,RefGenome
MARD_SAMN09762562_REFG_MMP09762562,1,1,1,Gamma-Other,99.81,RefGenome
MARD_SAMN09762564_REFG_MMP09762564,1,1,1,Gamma-Other,99.81,RefGenome
MARD_SAMN10075489_REFG_MMP10075489,1,1,1,Gamma-Other,100,RefGenome
MARD_SAMN03981068_REFG_MMP03981068,1,1,1,Gamma-Other,99.73,RefGenome
MARD_SAMN07327679_REFG_MMP07327679,1,1,1,Gamma-Other,98.93,RefGenome
MARD_SAMN07327725_REFG_MMP07327725,1,1,1,Gamma-Other,98.81,RefGenome
MARD_SAMN07327771_REFG_MMP07327771,1,1,1,Gamma-Other,98.81,RefGenome
MARD_SAMN07327777_REFG_MMP07327777,1,1,1,Gamma-Other,99.7,RefGenome
MARD_SAMN08997836_REFG_MMP08997836,0,0,0,Gamma-Other,100,RefGenome
MARD_SAMN09377739_REFG_MMP09377739,1,1,1,Gamma-Other,99.94,RefGenome
MARD_SAMN09662717_REFG_MMP09662717,1,1,1,Bacteroidota,99.14,RefGenome
BGEO_SAMN07136715_METAG_INMNMNFJ,0,0,0,Archaea-Nitrosopumilaceae,82.5,MAG
MARD_SAMN09708543_REFG_MMP09708543,0,0,0,Firmicutes,99.67,RefGenome
MARD_SAMN09762457_REFG_MMP09762457,0,0,0,Bacteroidota,99.28,RefGenome
MARD_SAMN09770279_REFG_MMP09770279,0,0,0,Alpha-Other,99.61,RefGenome
MARD_SAMN09835256_REFG_MMP09835256,0,0,0,Bacteroidota,99.62,RefGenome
MARD_SAMN09901142_REFG_MMP09901142,0,0,0,Firmicutes,99.67,RefGenome
MARD_SAMN09901207_REFG_MMP09901207,0,0,0,Bacteroidota,98.92,RefGenome
MARD_SAMN09915281_REFG_MMP09915281,0,0,0,Alpha-Other,99.62,RefGenome
MARD_SAMN09915282_REFG_MMP09915282,0,0,0,Alpha-Other,99.54,RefGenome
MARD_SAMN09915283_REFG_MMP09915283,0,0,0,Alpha-Other,99.54,RefGenome
MARD_SAMN10076538_REFG_MMP10076538,1,1,1,Alpha-Rhodobacter,99.42,RefGenome
MARD_SAMN10081109_REFG_MMP10081109,1,1,1,Gamma-Other,95.68,RefGenome
BGEO_SAMN07136521_METAG_EHJMFPFP,0,0,0,Archaea-Nitrosopumilaceae,81.38,MAG
MARD_SAMN10230918_REFG_MMP10230918,0,0,0,Bacteroidota,98.32,RefGenome
MARD_SAMN10250232_REFG_MMP10250232,1,1,1,Bacteroidota,99.45,RefGenome
BGEO_SAMN07136956_METAG_FLDOBHNO,0,0,0,Archaea-Nitrosopumilaceae,85.28,MAG
MARD_SAMN10411098_REFG_MMP10411098,1,1,1,Bacteroidota,98.78,RefGenome
BATS_SAMN07137084_METAG_ILIDLFPI,0,0,0,Archaea-Nitrosopumilaceae,77.56,MAG
MARD_SAMN02745161_REFG_MMP02745161,1,1,1,Bacteria-Other,99.28,RefGenome
MARD_SAMN02745246_REFG_MMP02745246,1,1,1,Bacteroidota,99.41,RefGenome
MARD_SAMN04487908_REFG_MMP04487908,1,1,1,Bacteroidota,99.12,RefGenome
MARD_SAMN04487911_REFG_MMP04487911,1,1,1,Bacteroidota,99.48,RefGenome
MARD_SAMN04487962_REFG_MMP04487962,1,1,1,Gamma-Other,100,RefGenome
MARD_SAMN04488033_REFG_MMP04488033,1,1,1,Bacteroidota,99,RefGenome
MARD_SAMN04488054_REFG_MMP04488054,1,1,1,Firmicutes,99,RefGenome
MARD_SAMN04488057_REFG_MMP04488057,0,0,0,Bacteroidota,98.92,RefGenome
MARD_SAMN04488134_REFG_MMP04488134,1,1,1,Firmicutes,99.67,RefGenome
MARD_SAMN04488519_REFG_MMP04488519,0,0,0,Bacteroidota,99.28,RefGenome
MARD_SAMN04490369_REFG_MMP04490369,1,1,1,Gamma-Other,100,RefGenome
MARD_SAMN04515657_REFG_MMP04515657,0,0,0,Gamma-Other,100,RefGenome
MARD_SAMN05172617_REFG_MMP05172617,1,1,1,Gamma-Other,96.86,RefGenome
MARD_SAMN05216369_REFG_MMP05216369,1,1,1,Gamma-Other,99.64,RefGenome
BATS_SAMN07137121_METAG_MJJLKEAI,0,0,0,Archaea-Nitrosopumilaceae,81.83,MAG
MARD_SAMN05421769_REFG_MMP05421769,0,0,0,Bacteroidota,98.92,RefGenome
MARD_SAMN05421867_REFG_MMP05421867,1,1,1,Actinobacteriota,98.99,RefGenome
MARD_SAMN05444143_REFG_MMP05444143,1,1,1,Bacteroidota,99.1,RefGenome
MARD_SAMN05444278_REFG_MMP05444278,0,0,0,Bacteroidota,98.84,RefGenome
MARD_SAMN05444380_REFG_MMP05444380,0,0,0,Bacteroidota,99.01,RefGenome
MARD_SAMN05444714_REFG_MMP05444714,0,0,0,Alpha-Rhodobacter,99.49,RefGenome
MARD_SAMEA2272264_REFG_MMP2272264,1,1,1,Gamma-Other,83.88,RefGenome
MARD_SAMEA3368574_SAGS_MMP3368574,0,0,0,Cyano-Pro,87.56,SAG
MARD_SAMEA3368575_SAGS_MMP3368575,0,0,0,Cyano-Pro,83.64,SAG
MARD_SAMN02469978_REFG_MMP02469978,0,0,0,Bacteroidota,99.28,RefGenome
MARD_SAMN02671311_SAGS_MMP02671311,0,0,0,Cyano-Pro,75.5,SAG
MARD_SAMN02671322_SAGS_MMP02671322,0,0,0,Cyano-Pro,86.88,SAG
MARD_SAMN02671323_SAGS_MMP02671323,0,0,0,Cyano-Pro,88.84,SAG
MARD_SAMN02671326_SAGS_MMP02671326,0,0,0,Cyano-Pro,87.9,SAG
MARD_SAMN02671327_SAGS_MMP02671327,0,0,0,Cyano-Pro,89.52,SAG
MARD_SAMN02671328_SAGS_MMP02671328,0,0,0,Cyano-Pro,75.78,SAG
MARD_SAMN02671330_SAGS_MMP02671330,0,0,0,Cyano-Pro,93.27,SAG
MARD_SAMN02671333_SAGS_MMP02671333,0,0,0,Cyano-Pro,90.04,SAG
MARD_SAMN02671340_SAGS_MMP02671340,0,0,0,Cyano-Pro,85.99,SAG
MARD_SAMN02671341_SAGS_MMP02671341,0,0,0,Cyano-Pro,88.82,SAG
MARD_SAMN02671345_SAGS_MMP02671345,0,0,0,Cyano-Pro,86.32,SAG
MARD_SAMN02671351_SAGS_MMP02671351,0,0,0,Cyano-Pro,87.62,SAG
MARD_SAMN02671353_SAGS_MMP02671353,0,0,0,Cyano-Pro,92.5,SAG
MARD_SAMN02671356_SAGS_MMP02671356,0,0,0,Cyano-Pro,87.4,SAG
MARD_SAMN02671359_SAGS_MMP02671359,0,0,0,Cyano-Pro,92.4,SAG
MARD_SAMN02671361_SAGS_MMP02671361,0,0,0,Cyano-Pro,89.39,SAG
MARD_SAMN02671370_SAGS_MMP02671370,0,0,0,Cyano-Pro,93.57,SAG
MARD_SAMN02671376_SAGS_MMP02671376,0,0,0,Cyano-Pro,90.19,SAG
MARD_SAMN02671378_SAGS_MMP02671378,0,0,0,Cyano-Pro,83.89,SAG
MARD_SAMN02671382_SAGS_MMP02671382,0,0,0,Cyano-Pro,85.4,SAG
MARD_SAMN02671383_SAGS_MMP02671383,0,0,0,Cyano-Pro,89.27,SAG
MARD_SAMN02671386_SAGS_MMP02671386,0,0,0,Cyano-Pro,88.78,SAG
MARD_SAMN02671388_SAGS_MMP02671388,0,0,0,Cyano-Pro,86.46,SAG
MARD_SAMN02671396_SAGS_MMP02671396,0,0,0,Cyano-Pro,93.55,SAG
MARD_SAMN02671398_SAGS_MMP02671398,0,0,0,Cyano-Pro,86.76,SAG
MARD_SAMN02671402_SAGS_MMP02671402,0,0,0,Cyano-Pro,91.68,SAG
MARD_SAMEA4644770_REFG_MMP4644770,0,0,0,Bacteroidota,99.81,RefGenome
MARD_SAMEA4704834_REFG_MMP4704834,0,0,0,Bacteroidota,99.26,RefGenome
MARD_SAMN02900745_REFG_MMP02900745,0,0,0,Bacteroidota,99.28,RefGenome
MARD_SAMN02900763_REFG_MMP02900763,0,0,0,Bacteroidota,99.28,RefGenome
MARD_SAMN02933927_REFG_MMP02933927,0,0,0,Bacteroidota,99.2,RefGenome
MARD_SAMN06699246_REFG_MMP06699246,0,0,0,Bacteroidota,96.88,RefGenome
MARD_SAMN07508113_REFG_MMP07508113,1,1,1,Gamma-Other,99.28,RefGenome
HOTS_SAMN07137026_METAG_MFABCEAI,0,0,0,Archaea-Nitrosopumilaceae,93.16,MAG
BATS_SAMN07137074_METAG_IMLDABME,0,0,0,Archaea-Nitrosopumilaceae,86.06,MAG
BGEO_SAMN07136492_METAG_ENPGIJIN,0,0,0,Archaea-Nitrosopumilaceae,88.65,MAG
MARD_SAMN08683338_REFG_MMP08683338,1,1,1,Gamma-Other,99.62,RefGenome
MARD_SAMN08776299_REFG_MMP08776299,0,0,0,Bacteroidota,99.07,RefGenome
MARD_SAMN08984058_REFG_MMP08984058,1,1,1,Gamma-Other,96.61,RefGenome
MARD_SAMN08984061_REFG_MMP08984061,1,1,1,Gamma-Other,99.22,RefGenome
MARD_SAMN08984062_REFG_MMP08984062,1,1,1,Gamma-Other,99.07,RefGenome
MARD_SAMN08984073_REFG_MMP08984073,1,1,1,Gamma-Other,99.38,RefGenome
MARD_SAMN08984075_REFG_MMP08984075,1,1,1,Gamma-Other,99.28,RefGenome
MARD_SAMN09074869_REFG_MMP09074869,1,1,1,Alpha-Other,99.38,RefGenome
MARD_SAMN09075500_REFG_MMP09075500,1,1,1,Bacteroidota,99.48,RefGenome
MARD_SAMN09269770_REFG_MMP09269770,0,0,0,Alpha-Other,99.38,RefGenome
MARD_SAMN09478201_REFG_MMP09478201,1,1,1,Alpha-Rhodobacter,98.84,RefGenome
MARD_SAMN09939643_REFG_MMP09939643,0,0,0,Bacteroidota,99.31,RefGenome
BGEO_SAMN07136641_METAG_FKPOKBAH,0,0,0,Archaea-Nitrosopumilaceae,84.01,MAG
MARD_SAMN04488001_REFG_MMP04488001,0,0,0,Alpha-Rhodobacter,99.13,RefGenome
MARD_SAMN04488013_REFG_MMP04488013,1,1,1,Firmicutes,98.54,RefGenome
MARD_SAMN04488041_REFG_MMP04488041,0,0,0,Alpha-Rhodobacter,99.48,RefGenome
MARD_SAMN04488117_REFG_MMP04488117,1,1,1,Alpha-Rhodobacter,99.62,RefGenome
MARD_SAMN04489796_REFG_MMP04489796,1,1,1,Bacteroidota,99.12,RefGenome
MARD_SAMN04515658_REFG_MMP04515658,0,0,0,Gamma-Other,99.83,RefGenome
MARD_SAMN05216212_REFG_MMP05216212,0,0,0,Gamma-Other,99.21,RefGenome
MARD_SAMN05216556_REFG_MMP05216556,1,1,1,Bacteroidota,99.12,RefGenome
MARD_SAMN05216562_REFG_MMP05216562,1,1,1,Gamma-Other,99.78,RefGenome
MARD_SAMN05421791_REFG_MMP05421791,1,1,1,Firmicutes,99.04,RefGenome
MARD_SAMN05444004_REFG_MMP05444004,0,0,0,Alpha-Rhodobacter,99.1,RefGenome
MARD_SAMN05444851_REFG_MMP05444851,0,0,0,Alpha-Rhodobacter,99.38,RefGenome
MARD_SAMN05660420_REFG_MMP05660420,0,0,0,Bacteria-Other,99.32,RefGenome
MARD_SAMN06074325_REFG_MMP06074325,0,0,0,Bacteroidota,98.22,RefGenome
MARD_SAMN06698958_REFG_MMP06698958,0,0,0,Bacteroidota,96.82,RefGenome
MARD_SAMN07818930_REFG_MMP07818930,0,0,0,Gamma-Other,99.64,RefGenome
MARD_SAMN07956259_REFG_MMP07956259,0,0,0,Bacteroidota,98.92,RefGenome
MARD_SAMN08372522_REFG_MMP08372522,1,1,1,Bacteria-Other,99,RefGenome
MARD_SAMN08493996_REFG_MMP08493996,1,1,1,Firmicutes,98.84,RefGenome
MARD_SAMN08965200_SAGS_MMP08965200,0,0,0,Bacteria-Other,79.87,SAG
MARD_SAMN09217665_REFG_MMP09217665,0,0,0,Bacteroidota,98.59,RefGenome
MARD_SAMN05418008_REFG_MMP05418008,1,1,1,Gamma-Other,97.49,RefGenome
MARD_SAMN05418056_REFG_MMP05418056,1,1,1,Gamma-Other,97.49,RefGenome
MARD_SAMN05418085_REFG_MMP05418085,1,1,1,Gamma-Other,99.48,RefGenome
MARD_SAMN05418104_REFG_MMP05418104,1,1,1,Gamma-Other,97.49,RefGenome
TARA_SAMEA2621033_METAG_LJLCEHMF,0,0,0,Bacteroidota,86.25,MAG
TARA_SAMEA2621033_METAG_OJHGIKEF,0,0,0,Gamma-Other,86.56,MAG
TARA_SAMEA2621033_METAG_NEGOFCAG,0,0,0,Alpha-Other,97.98,MAG
TARA_SAMEA2621033_METAG_HPDICKAJ,0,0,0,Alpha-Other,77.38,MAG
TARA_SAMEA2621033_METAG_GHAGGLBI,0,0,0,Gamma-Other,78.12,MAG
TARA_SAMEA2621033_METAG_PDDKLNOI,0,0,0,Alpha-Rhodobacter,92.82,MAG
TARA_SAMEA2621221_METAG_CADAAFFL,0,0,0,Chloroflexota,86.39,MAG
TARA_SAMEA2621221_METAG_FGHHPIGE,0,0,0,Gamma-Other,81.49,MAG
TARA_SAMEA2621221_METAG_NJDFPJFN,0,0,0,Actinobacteriota,93.4,MAG
TARA_SAMEA2621221_METAG_ODHKKLDC,0,0,0,Chloroflexota,84.05,MAG
TARA_SAMEA2621221_METAG_CDBJJPBC,0,0,0,Chloroflexota,84.35,MAG
TARA_SAMEA2621221_METAG_IBLIFLCB,0,0,0,Alpha-Other,76.46,MAG
TARA_SAMEA4396941_METAG_KOHNNCAO,0,0,0,Bacteroidota,87.08,MAG
TARA_SAMEA4396941_METAG_CPLIIFED,0,0,0,Gamma-Other,89.94,MAG
TARA_SAMEA4396941_METAG_AGJLFOJP,1,1,1,Gamma-Other,81.9,MAG
TARA_SAMEA4396941_METAG_EHPFJEKM,0,0,0,Alpha-Rhodobacter,97.28,MAG
TARA_SAMEA4396941_METAG_GBCKAMCN,0,0,0,Bacteroidota,98.92,MAG
TARA_SAMEA4396941_METAG_GAMLHABJ,1,1,1,Bacteroidota,81.78,MAG
TARA_SAMEA4396941_METAG_GCBJDNGC,0,0,0,Bacteroidota,91.54,MAG
TARA_SAMEA4396941_METAG_JFDOBMBJ,0,0,0,Gamma-Other,94.7,MAG
TARA_SAMEA4396941_METAG_OBAPEPOI,0,0,0,Bacteroidota,96.1,MAG
TARA_SAMEA4396941_METAG_NOELLPIB,0,0,0,Bacteroidota,78.1,MAG
TARA_SAMEA4397174_METAG_GLGEKIIF,0,0,0,Alpha-Rhodobacter,76.65,MAG
TARA_SAMEA4397174_METAG_MAHICFFA,0,0,0,Planctomycetota,95.78,MAG
TARA_SAMEA4397174_METAG_AFFGOPDB,0,0,0,Alpha-Rhodobacter,75.81,MAG
TARA_SAMEA4397174_METAG_KMPDDMPD,0,0,0,Bacteroidota,95.42,MAG
TARA_SAMEA4397174_METAG_NKFCNDGN,0,0,0,Alpha-Other,98.35,MAG
TARA_SAMEA4397174_METAG_MHFDPNDL,1,1,1,Gamma-Other,76.22,MAG
TARA_SAMEA4397174_METAG_GKKEKHPG,0,0,0,Gamma-Other,80.62,MAG
TARA_SAMEA4397174_METAG_JCGEKDII,0,0,0,Alpha-Other,78.78,MAG
TARA_SAMEA4397174_METAG_GOENKPLH,0,0,0,Alpha-Other,97.26,MAG
TARA_SAMEA4397174_METAG_DEFKNDAM,1,1,1,Bacteroidota,95.21,MAG
TARA_SAMEA4397174_METAG_HCKCPCIB,0,0,0,Alpha-Other,76.54,MAG
TARA_SAMEA4397174_METAG_KNDEEOOG,0,0,0,Bacteroidota,96.57,MAG
TARA_SAMEA2622843_METAG_BGMDGEHN,0,0,0,Bacteroidota,87.88,MAG
TARA_SAMEA2622843_METAG_LGFBIMFD,0,0,0,Bacteroidota,96.94,MAG
TARA_SAMEA2622843_METAG_KHMHMHPH,0,0,0,Alpha-Other,93.05,MAG
TARA_SAMEA2622843_METAG_ILBKPKGF,1,1,1,Gamma-Other,75.9,MAG
TARA_SAMEA2622843_METAG_CIKCJHDO,0,0,0,Alpha-Other,96.06,MAG
TARA_SAMEA2622843_METAG_AHKNABLD,0,0,0,Bacteroidota,84.1,MAG
HOTS_SAMN07137021_METAG_CJGEJCEJ,0,0,0,Archaea-Nitrosopumilaceae,92.06,MAG
TARA_SAMEA2622843_METAG_AAIFKBJE,0,0,0,Cyano-Syn,81.6,MAG
TARA_SAMEA2622843_METAG_EIKLDKPN,0,0,0,Verrucomicrobiota,85.74,MAG
HOTS_SAMN07137021_METAG_FDCCMDHB,0,0,0,Archaea-Nitrosopumilaceae,78.02,MAG
TARA_SAMEA2622843_METAG_AKCCGCGM,0,0,0,Gamma-Other,89.94,MAG
TARA_SAMEA2622843_METAG_OOKPOENG,0,0,0,Bacteroidota,98.25,MAG
BATS_SAMN07137099_METAG_JIHFNIGF,0,0,0,Archaea-Nitrosopumilaceae,90,MAG
TARA_SAMEA2620360_METAG_LLLIKLHE,0,0,0,Alpha-Other,93.4,MAG
TARA_SAMEA4397815_METAG_FLLCJPDN,0,0,0,Gamma-Other,93.54,MAG
TARA_SAMEA4397815_METAG_DBAPLNAK,0,0,0,Alpha-Other,97.16,MAG
TARA_SAMEA4397815_METAG_ODHNOEIJ,0,0,0,Gamma-Other,96.88,MAG
BATS_SAMN07137099_METAG_KBCHOIPA,0,0,0,Archaea-Nitrosopumilaceae,84.84,MAG
TARA_SAMEA2622695_METAG_CMNDNPIH,0,0,0,Bacteroidota,97.43,MAG
TARA_SAMEA2622695_METAG_IJMMAGNC,0,0,0,Gemmatimonadota,94.6,MAG
TARA_SAMEA2622695_METAG_IKHODGJK,0,0,0,Actinobacteriota,93.62,MAG
TARA_SAMEA2622695_METAG_HNHEENKK,1,1,1,Bacteria-Other,79.81,MAG
TARA_SAMEA2622695_METAG_BKLKAHFI,0,0,0,Chloroflexota,77.3,MAG
TARA_SAMEA2622695_METAG_IFGGJMBE,0,0,0,Dadabacteria,84.42,MAG
TARA_SAMEA2622695_METAG_DJPNKLFL,0,0,0,SAR324,93.66,MAG
TARA_SAMEA2622695_METAG_LIAKHOJI,0,0,0,Bacteroidota,77.12,MAG
TARA_SAMEA2621003_METAG_FDGNJBKC,0,0,0,SAR324,87.16,MAG
TARA_SAMEA2621003_METAG_FNODJDJF,0,0,0,Chloroflexota,85.62,MAG
TARA_SAMEA2621003_METAG_GMIFOLBP,0,0,0,Gamma-Other,92.24,MAG
TARA_SAMEA2620039_METAG_JCLMFLPE,0,0,0,Alpha-Other,94.47,MAG
TARA_SAMEA2622658_METAG_HKOEJCMB,0,0,0,Chloroflexota,80.4,MAG
TARA_SAMEA2622658_METAG_IEPAEJBE,0,0,0,Verrucomicrobiota,94.55,MAG
TARA_SAMEA2622658_METAG_OHKNJPFH,1,1,1,Gamma-Alteromonas,93.13,MAG
TARA_SAMEA2622658_METAG_JLDFMNFA,0,0,0,Bacteroidota,95.77,MAG
TARA_SAMEA2622658_METAG_FCPMGNKJ,0,0,0,Gamma-Other,77.33,MAG
TARA_SAMEA2622658_METAG_FLACJIGF,0,0,0,Bacteroidota,96.02,MAG
TARA_SAMEA2622658_METAG_FENJHKNI,1,1,1,Verrucomicrobiota,86.29,MAG
TARA_SAMEA2622658_METAG_OHEBIPHI,0,0,0,Bacteroidota,92.85,MAG
TARA_SAMEA4396489_METAG_MDOHJCPP,0,0,0,Gamma-Other,92.13,MAG
TARA_SAMEA4396489_METAG_DJIFJGEM,0,0,0,Alpha-Other,99.78,MAG
TARA_SAMEA4396489_METAG_IALLJMLG,0,0,0,Alpha-Rhodobacter,78.8,MAG
TARA_SAMEA4396489_METAG_JALNKDBG,0,0,0,Alpha-Rhodobacter,79.8,MAG
TARA_SAMEA4396489_METAG_FOIOMJJK,1,1,1,Gamma-Other,80.38,MAG
TARA_SAMEA4396489_METAG_OHFJPIGF,0,0,0,Alpha-Other,99.32,MAG
TARA_SAMEA4397295_METAG_PDFOFGBN,0,0,0,Bacteroidota,98.92,MAG
TARA_SAMEA4397295_METAG_ABIAKAHL,0,0,0,Bacteroidota,99.27,MAG
TARA_SAMEA4397295_METAG_JMJMPGEN,0,0,0,Bacteroidota,99.86,MAG
TARA_SAMEA4397295_METAG_DNKPHOFJ,1,1,1,Gamma-Other,95.2,MAG
TARA_SAMEA4397295_METAG_PFFAEIFD,0,0,0,Gamma-Other,96.94,MAG
TARA_SAMEA4397295_METAG_GPHHNLIJ,0,0,0,Alpha-Other,82.16,MAG
TARA_SAMEA4397295_METAG_AEBNHGML,1,1,1,Bacteroidota,84.16,MAG
TARA_SAMEA4397295_METAG_PBGGGIEF,1,1,1,Bacteroidota,82.98,MAG
TARA_SAMEA4397363_METAG_PMFEPMMO,1,1,1,Bacteroidota,82.62,MAG
TARA_SAMEA4397363_METAG_ABCGMNKN,0,0,0,Alpha-Rhodobacter,80.11,MAG
TARA_SAMEA4397363_METAG_FGMPNEHN,0,0,0,Gamma-Other,91.21,MAG
TARA_SAMEA4397363_METAG_IPPPGGPG,1,1,1,Gamma-Other,77.58,MAG
TARA_SAMEA4397363_METAG_FLELLCPH,0,0,0,Gamma-Other,88.48,MAG
TARA_SAMEA4397363_METAG_OFDCCJDE,0,0,0,Alpha-Other,91.87,MAG
TARA_SAMEA4397363_METAG_OMOAJJIB,1,1,1,Gamma-Other,83.84,MAG
TARA_SAMEA4397666_METAG_DGJDPJND,0,0,0,Gamma-Other,90.27,MAG
TARA_SAMEA4397666_METAG_CIGKHCOA,0,0,0,Gamma-Other,91.88,MAG
TARA_SAMEA4397666_METAG_IHBCKNPF,0,0,0,Gamma-Other,99.7,MAG
TARA_SAMEA4397666_METAG_GMAOCPEI,0,0,0,Alpha-Rhodobacter,78.85,MAG
TARA_SAMEA4397666_METAG_HIJOACGG,0,0,0,Alpha-Other,99.46,MAG
TARA_SAMEA4397666_METAG_KACOENPP,0,0,0,Alpha-Other,95.18,MAG
TARA_SAMEA4397666_METAG_KNLNGBDI,0,0,0,Gamma-Other,92.61,MAG
TARA_SAMEA2621271_METAG_BHECBMAO,0,0,0,Alpha-Other,98.98,MAG
TARA_SAMEA2622331_METAG_PCJNELNH,0,0,0,Gamma-Other,99.18,MAG
TARA_SAMEA2622331_METAG_FDMJHEJC,0,0,0,Bacteroidota,96.86,MAG
TARA_SAMEA2622331_METAG_GOGCJBPM,1,1,1,Gamma-Other,79.16,MAG
TARA_SAMEA2622331_METAG_MFBNKIHG,0,0,0,Gamma-Other,99.42,MAG
TARA_SAMEA2622331_METAG_HOABBDLP,0,0,0,Gamma-Other,83.7,MAG
TARA_SAMEA2621107_METAG_OEIPCIJC,0,0,0,Alpha-Rhodobacter,90.32,MAG
TARA_SAMEA2621107_METAG_BHMONOME,0,0,0,Bacteroidota,89.38,MAG
TARA_SAMEA4397722_METAG_PCIDHKCO,0,0,0,Gamma-Other,98.76,MAG
TARA_SAMEA4397722_METAG_OJIOHCID,0,0,0,Gamma-Other,99.3,MAG
TARA_SAMEA4397722_METAG_OFCPHGHF,0,0,0,Gamma-Other,92.47,MAG
TARA_SAMEA4397722_METAG_MGDKDHFH,1,1,1,Gamma-Other,86.89,MAG
TARA_SAMEA4397722_METAG_HBDLFOMI,0,0,0,Alpha-Other,76.66,MAG
TARA_SAMEA4397409_METAG_IKONEKMP,1,1,1,Bacteroidota,92.06,MAG
TARA_SAMEA4397409_METAG_PLCFIGDE,1,1,1,Gamma-Other,86.94,MAG
TARA_SAMEA4397409_METAG_CEKAPGAI,1,1,1,Bacteroidota,87.76,MAG
TARA_SAMEA4397409_METAG_ICDGGMIP,0,0,0,Alpha-Rhodobacter,77.32,MAG
TARA_SAMEA4397409_METAG_MDGGIKEE,0,0,0,Bacteroidota,80.85,MAG
TARA_SAMEA4397409_METAG_EPECHCFN,0,0,0,Alpha-Other,79.32,MAG
TARA_SAMEA4397409_METAG_FPHLEBFB,1,1,1,Gamma-Other,83.52,MAG
TARA_SAMEA4397409_METAG_EKHGNNDM,1,1,1,Gamma-Other,76.98,MAG
TARA_SAMEA4397409_METAG_PFLMDAOC,0,0,0,Bacteroidota,96.63,MAG
TARA_SAMEA2622764_METAG_AMGFCHMA,0,0,0,Chloroflexota,88.4,MAG
TARA_SAMEA2622764_METAG_CINNBONL,0,0,0,Dadabacteria,86.71,MAG
TARA_SAMEA2622764_METAG_LKDHNOPO,0,0,0,Chloroflexota,86.98,MAG
TARA_SAMEA2622764_METAG_LNMMEEIH,0,0,0,Gamma-Other,94.06,MAG
TARA_SAMEA2622764_METAG_MGMMCFDP,0,0,0,Alpha-Other,89.54,MAG
TARA_SAMEA2622737_METAG_ILOBPGPP,0,0,0,Chloroflexota,95,MAG
TARA_SAMEA2622737_METAG_PGJCDJAM,0,0,0,Chloroflexota,83.28,MAG
TARA_SAMEA2622737_METAG_DCIGKCNG,0,0,0,Chloroflexota,89.82,MAG
TARA_SAMEA2622737_METAG_AJHOMIFH,1,1,1,Bacteroidota,94.5,MAG
TARA_SAMEA2622737_METAG_AJMFAIPI,0,0,0,Gemmatimonadota,86.69,MAG
TARA_SAMEA2622737_METAG_FELHNLIL,0,0,0,Chloroflexota,89.9,MAG
TARA_SAMEA2622737_METAG_KFPGAMIC,0,0,0,Gamma-Other,96.53,MAG
TARA_SAMEA2622737_METAG_EFODFHBB,0,0,0,Alpha-Other,78.43,MAG
TARA_SAMEA2622737_METAG_EACCIMDA,0,0,0,Chloroflexota,94.68,MAG
TARA_SAMEA2622737_METAG_AMIDIFHB,0,0,0,Verrucomicrobiota,78.03,MAG
TARA_SAMEA2622737_METAG_CFNMCAOD,0,0,0,Bacteria-Other,80,MAG
TARA_SAMEA2622737_METAG_LEGMAKBJ,0,0,0,Chloroflexota,93.98,MAG
TARA_SAMEA4397627_METAG_NMOAHGGM,0,0,0,Alpha-Other,87.54,MAG
TARA_SAMEA4397627_METAG_CHEGMPDC,0,0,0,Gamma-Other,98.54,MAG
TARA_SAMEA4397627_METAG_KDFFDGCJ,0,0,0,Alpha-Other,91.65,MAG
TARA_SAMEA4397627_METAG_FHCHCONO,1,1,1,Gamma-Other,99.16,MAG
TARA_SAMEA4397627_METAG_CONFBDMO,1,1,1,Bacteroidota,97.02,MAG
TARA_SAMEA4397627_METAG_IBFNBBCO,0,0,0,Gamma-Other,88.02,MAG
TARA_SAMEA2621448_METAG_LBNAEFAD,0,0,0,Gamma-Other,80.02,MAG
TARA_SAMEA2620879_METAG_BJBHMMNC,0,0,0,Gamma-Other,81.09,MAG
TARA_SAMEA4396515_METAG_JIOPPDNB,0,0,0,Alpha-Other,92.6,MAG
TARA_SAMEA4396515_METAG_CBMPIHOF,1,1,1,Bacteroidota,84.94,MAG
TARA_SAMEA4396515_METAG_EMMMMBGC,0,0,0,Bacteroidota,83.14,MAG
TARA_SAMEA4396515_METAG_CPEOFBEG,1,1,1,Gamma-Other,85.84,MAG
TARA_SAMEA4396515_METAG_CALDDGBB,0,0,0,Gamma-Other,86.11,MAG
TARA_SAMEA4396515_METAG_MMDMILPK,0,0,0,Alpha-Rhodobacter,78.26,MAG
TARA_SAMEA4396515_METAG_IAGAEAJH,1,1,1,Gamma-Other,77.43,MAG
TARA_SAMEA4396515_METAG_AAFKMMHC,0,0,0,Gamma-Other,88.86,MAG
TARA_SAMEA4396515_METAG_JKHPJBGG,0,0,0,Alpha-Other,92.94,MAG
TARA_SAMEA4396515_METAG_FELBDCME,0,0,0,Bacteroidota,92.15,MAG
TARA_SAMEA2619815_METAG_CJODOHLH,0,0,0,Alpha-Rhodobacter,85.36,MAG
TARA_SAMEA2619815_METAG_ELAPPNAF,0,0,0,Alpha-Other,75.63,MAG
TARA_SAMEA2619815_METAG_CFAFOEAL,0,0,0,Alpha-Other,89.24,MAG
TARA_SAMEA2619815_METAG_MBLFNBKD,0,0,0,Alpha-Other,80.3,MAG
TARA_SAMEA2619815_METAG_HGFOBMKO,0,0,0,Gamma-Other,82.18,MAG
TARA_SAMEA2619815_METAG_KJEPBPMI,0,0,0,Gamma-Other,99.64,MAG
TARA_SAMEA2623403_METAG_JHGMACDG,0,0,0,Gamma-Other,80.06,MAG
TARA_SAMEA4398111_METAG_MPNOCJLE,0,0,0,Bacteroidota,99.48,MAG
TARA_SAMEA4398111_METAG_MMEKPHGA,1,1,1,Gamma-Other,100,MAG
TARA_SAMEA4398111_METAG_PFEAKHKP,0,0,0,Alpha-Other,99.48,MAG
TARA_SAMEA4398193_METAG_EFHHECBF,0,0,0,Alpha-Rhodobacter,83.44,MAG
TARA_SAMEA4398193_METAG_LFJHILAI,0,0,0,Gamma-Other,88.98,MAG
TARA_SAMEA4398193_METAG_HBLJAOMP,0,0,0,Bacteroidota,95.4,MAG
TARA_SAMEA4398193_METAG_MGOCMFMA,1,1,1,Gamma-Other,82.5,MAG
TARA_SAMEA4398193_METAG_GFCADMKI,0,0,0,Alpha-Other,99.4,MAG
TARA_SAMEA4398193_METAG_FNJJBEFB,0,0,0,Alpha-Other,86.64,MAG
TARA_SAMEA4398193_METAG_LPGEEHAG,0,0,0,Alpha-Rhodobacter,75.56,MAG
TARA_SAMEA2620273_METAG_LMLOEFFO,0,0,0,Alpha-Other,98.8,MAG
TARA_SAMEA2622763_METAG_BCJCDBND,1,1,1,Gamma-Other,78.06,MAG
TARA_SAMEA2620979_METAG_DOLLACGP,0,0,0,Bacteroidota,87.18,MAG
TARA_SAMEA2620979_METAG_JAHMFKHJ,0,0,0,Alpha-Rhodobacter-LowGC,82.78,MAG
TARA_SAMEA2620824_METAG_INDLOIJF,0,0,0,Alpha-Other,96.8,MAG
TARA_SAMEA2620824_METAG_MLADONCJ,0,0,0,Bacteroidota,98.89,MAG
TARA_SAMEA2620824_METAG_OIBOIICC,0,0,0,Gamma-Other,80.31,MAG
TARA_SAMEA2620824_METAG_DOHFNEHC,0,0,0,Bacteroidota,90.78,MAG
TARA_SAMEA2620663_METAG_CBDKPAKP,0,0,0,Alpha-Other,99.21,MAG
TARA_SAMEA2620663_METAG_DLHFCAOB,0,0,0,Gamma-Other,82.28,MAG
TARA_SAMEA4398083_METAG_ELMJCLFK,1,1,1,Gamma-Other,77.38,MAG
TARA_SAMEA4398083_METAG_CKBAMJBP,1,1,1,Gamma-Other,82.86,MAG
TARA_SAMEA4398083_METAG_NDBOMJMD,1,1,1,Gamma-Other,89.54,MAG
TARA_SAMEA4398083_METAG_CCLFFBFL,0,0,0,Bacteroidota,98.35,MAG
TARA_SAMEA4398027_METAG_JLMFDEIL,0,0,0,Alpha-Other,87.39,MAG
TARA_SAMEA4398027_METAG_ILPFCCJH,0,0,0,Bacteroidota,94.76,MAG
TARA_SAMEA4398027_METAG_JEIJCPEA,1,1,1,Gamma-Other,99.84,MAG
TARA_SAMEA4398027_METAG_AMGAMONB,1,1,1,Gamma-Other,85.17,MAG
TARA_SAMEA2620210_METAG_CAOICEBG,0,0,0,Alpha-Other,91.15,MAG
TARA_SAMEA2620210_METAG_MCNGNDHO,0,0,0,Bacteroidota,96.54,MAG
TARA_SAMEA2622517_METAG_KHCNKOBA,0,0,0,Gamma-Other,91.48,MAG
TARA_SAMEA2622517_METAG_LIJAFACK,0,0,0,Bacteria-Other,93.09,MAG
TARA_SAMEA2622517_METAG_CGHHLEJF,1,1,1,Gamma-Other,93.56,MAG
TARA_SAMEA2621229_METAG_IKGOKMGN,0,0,0,Gamma-Other,81.08,MAG
TARA_SAMEA2621229_METAG_EKLPGNDD,0,0,0,Alpha-Other,95.38,MAG
TARA_SAMEA2621229_METAG_GLOJJILA,0,0,0,Alpha-Other,95.1,MAG
TARA_SAMEA2621229_METAG_JAPGJOID,1,1,1,Actinobacteriota,94.93,MAG
TARA_SAMEA2622190_METAG_EEOGAEOC,1,1,1,Gamma-Other,99.26,MAG
TARA_SAMEA2621416_METAG_GGLIHNAM,1,1,1,Alpha-Rhodobacter,81.01,MAG
TARA_SAMEA2621416_METAG_LECBOGND,0,0,0,Alpha-Rhodobacter,93.28,MAG
TARA_SAMEA2621101_METAG_LDBGNOAK,0,0,0,SAR324,91.23,MAG
BGEO_SAMN07136684_METAG_JMKLPPNG,0,0,0,Archaea-Nitrosopumilaceae,78.13,MAG
TARA_SAMEA2621101_METAG_JLODOFBL,0,0,0,Gamma-Other,91.78,MAG
TARA_SAMEA2621101_METAG_HCGFDFOF,0,0,0,Chloroflexota,91.46,MAG
TARA_SAMEA2621101_METAG_DBBGANBP,0,0,0,Gamma-Other,76.47,MAG
TARA_SAMEA2621101_METAG_KNGHAIDE,0,0,0,Alpha-Other,89.13,MAG
TARA_SAMEA2621101_METAG_DBKIAPDD,0,0,0,Alpha-Other,97.46,MAG
TARA_SAMEA2620925_METAG_LJBBMNFI,0,0,0,Alpha-Other,99.91,MAG
TARA_SAMEA2620925_METAG_MBELEPLF,0,0,0,Bacteroidota,99.1,MAG
TARA_SAMEA2621213_METAG_MNDFBMIL,0,0,0,Alpha-Other,98.46,MAG
TARA_SAMEA2621213_METAG_DIBPDECH,0,0,0,Planctomycetota,89.52,MAG
TARA_SAMEA4398238_METAG_HBDEBACF,1,1,1,Bacteroidota,94.36,MAG
TARA_SAMEA4398238_METAG_OPPJKEEM,0,0,0,Gamma-Other,78.25,MAG
TARA_SAMEA4398238_METAG_IHHCIKGJ,1,1,1,Gamma-Other,98.85,MAG
TARA_SAMEA4398238_METAG_POENMLMO,1,1,1,Gamma-Other,95.08,MAG
TARA_SAMEA4398238_METAG_AANIECHH,1,1,1,Gamma-Other,85.7,MAG
TARA_SAMEA4398238_METAG_CLIBKFHJ,1,1,1,Gamma-Other,99.34,MAG
TARA_SAMEA4398238_METAG_PJCPDIJE,1,1,1,Bacteroidota,98.14,MAG
TARA_SAMEA4398238_METAG_FIEELHND,0,0,0,Alpha-Other,79.48,MAG
TARA_SAMEA4398238_METAG_KLNLNPPG,0,0,0,Gamma-Other,77.5,MAG
TARA_SAMEA4398238_METAG_HFOMIPPP,1,1,1,Bacteroidota,76.88,MAG
TARA_SAMEA4398238_METAG_MBGMDCJJ,0,0,0,Alpha-Other,99.4,MAG
TARA_SAMEA4398238_METAG_HOCBHCFI,1,1,1,Bacteroidota,93.8,MAG
TARA_SAMEA2622842_METAG_ALIHAAFN,0,0,0,Bacteroidota,79.26,MAG
TARA_SAMEA2622842_METAG_MNHPHNGA,0,0,0,Chloroflexota,81.98,MAG
TARA_SAMEA2622842_METAG_EGCBGFJD,0,0,0,Dadabacteria,87.07,MAG
TARA_SAMEA2622842_METAG_ONDKBCLL,0,0,0,Alpha-Other,95.62,MAG
TARA_SAMEA2622842_METAG_PJMBINOF,0,0,0,Chloroflexota,86.61,MAG
TARA_SAMEA2622842_METAG_CEIMLIGM,0,0,0,Planctomycetota,96.57,MAG
TARA_SAMEA4398168_METAG_OIOGIDIK,1,1,1,Bacteroidota,84.26,MAG
TARA_SAMEA4398168_METAG_PHBHNCGF,0,0,0,Alpha-Other,91.66,MAG
TARA_SAMEA4398168_METAG_DODMBAML,0,0,0,Alpha-Other,99.48,MAG
TARA_SAMEA4398168_METAG_OPEEPNND,1,1,1,Gamma-Other,75.78,MAG
TARA_SAMEA4397023_METAG_GLDFBNMM,1,1,1,Actinobacteriota,94.41,MAG
TARA_SAMEA4397023_METAG_CCMDBIHC,0,0,0,Alpha-Other,91.58,MAG
TARA_SAMEA4397023_METAG_JNDKBMGL,1,1,1,Gamma-Other,97.29,MAG
TARA_SAMEA4397023_METAG_JMLMGMFO,0,0,0,Actinobacteriota,76.06,MAG
TARA_SAMEA4397023_METAG_GPECFDNG,0,0,0,Bacteroidota,91.4,MAG
TARA_SAMEA4397023_METAG_LGJPGPEI,0,0,0,Bacteroidota,85.4,MAG
TARA_SAMEA4397023_METAG_KBEOKKEB,0,0,0,Alpha-Other,92.27,MAG
TARA_SAMEA4397023_METAG_NDHILBID,0,0,0,Gamma-Other,87.8,MAG
TARA_SAMEA4397023_METAG_JDGBAHFI,0,0,0,Bacteroidota,90.58,MAG
TARA_SAMEA4397023_METAG_FMECILJE,1,1,1,Alpha-Other,100,MAG
TARA_SAMEA4397023_METAG_DIBNNHNI,1,1,1,Bacteroidota,89,MAG
TARA_SAMEA2619992_METAG_KHMNBCLB,1,1,1,Gamma-Other,79.93,MAG
TARA_SAMEA2619992_METAG_NHNKBEME,0,0,0,Alpha-Other,94.21,MAG
TARA_SAMEA2619992_METAG_DKKFMLDK,1,1,1,Alpha-Other,99.48,MAG
TARA_SAMEA2619992_METAG_KPKFDKFI,1,1,1,Gamma-Other,99.35,MAG
TARA_SAMEA2619992_METAG_OLPJMKGD,0,0,0,Alpha-Other,99.44,MAG
TARA_SAMEA2619992_METAG_PAMHGFED,0,0,0,Alpha-Other,94.38,MAG
TARA_SAMEA2619992_METAG_CKGPJGGA,0,0,0,Alpha-Rhodobacter,82.82,MAG
TARA_SAMEA2623365_METAG_HKHPJNAF,0,0,0,Alpha-Rhodobacter,83.48,MAG
TARA_SAMEA2622821_METAG_DGNNOPLM,1,1,1,Gamma-Alteromonas,79.03,MAG
TARA_SAMEA2622800_METAG_KMKDGNAE,0,0,0,Actinobacteriota,93.55,MAG
TARA_SAMEA2622800_METAG_LIMMEGDN,0,0,0,Dadabacteria,90.54,MAG
TARA_SAMEA2622800_METAG_JKAFBKIM,0,0,0,Chloroflexota,78.72,MAG
TARA_SAMEA2622800_METAG_HOJFJLPM,0,0,0,Chloroflexota,91.96,MAG
TARA_SAMEA2622800_METAG_OPGDIPJB,0,0,0,Chloroflexota,87.86,MAG
BGEO_SAMN07136920_METAG_OHJEBCAB,0,0,0,Archaea-Nitrosopumilaceae,91.66,MAG
TARA_SAMEA2622800_METAG_CDGNKHIK,0,0,0,Gamma-Other,88.74,MAG
TARA_SAMEA2622800_METAG_KAPHGDNB,0,0,0,Chloroflexota,86.19,MAG
TARA_SAMEA2622800_METAG_FBNOBNIJ,0,0,0,Actinobacteriota,87.59,MAG
TARA_SAMEA2622800_METAG_DBPNNPMC,0,0,0,Gamma-Other,88.06,MAG
TARA_SAMEA2622800_METAG_FBKMDHGF,0,0,0,Alpha-Other,80.71,MAG
TARA_SAMEA4398387_METAG_LOMEEOPN,1,1,1,Gamma-Other,85.18,MAG
TARA_SAMEA4398387_METAG_AMMOLEFM,1,1,1,Gamma-Other,80.07,MAG
TARA_SAMEA4398387_METAG_KCILKBNG,1,1,1,Gamma-Other,80.26,MAG
TARA_SAMEA4398387_METAG_NJONMNKJ,1,1,1,Gamma-Other,81.22,MAG
TARA_SAMEA4398387_METAG_LCLCPECB,0,0,0,Alpha-Other,91.93,MAG
TARA_SAMEA4398387_METAG_BKMMCLDG,1,1,1,Bacteroidota,95.94,MAG
TARA_SAMEA4398387_METAG_HCDDAEFP,0,0,0,Gamma-Other,77.79,MAG
TARA_SAMEA4398387_METAG_DNFJJMPC,1,1,1,Gamma-Other,80.18,MAG
TARA_SAMEA2621278_METAG_JCNLAAAD,1,1,1,Planctomycetota,91.34,MAG
BGEO_SAMN07136920_METAG_BENPMCHC,0,0,0,Archaea-Nitrosopumilaceae,78.69,MAG
TARA_SAMEA2621278_METAG_CEJOLOBL,0,0,0,Chloroflexota,85.71,MAG
TARA_SAMEA2622677_METAG_JBANDMDG,1,1,1,Gamma-Alteromonas,90.28,MAG
TARA_SAMEA2622677_METAG_MKIIANFE,0,0,0,SAR324,87.5,MAG
TARA_SAMEA2622677_METAG_IMPFMIFA,0,0,0,Gamma-Other,82.92,MAG
TARA_SAMEA4397536_METAG_GKHJOLJD,0,0,0,Alpha-Other,97.58,MAG
TARA_SAMEA4397536_METAG_HCFPJKEN,0,0,0,Alpha-Rhodobacter,95.48,MAG
TARA_SAMEA4397536_METAG_LCONMONN,0,0,0,Bacteroidota,77.78,MAG
TARA_SAMEA4397536_METAG_OBKDKGJD,1,1,1,Gamma-Other,93.46,MAG
TARA_SAMEA4397536_METAG_PCCNEDNO,1,1,1,Bacteroidota,86.98,MAG
TARA_SAMEA4397536_METAG_EOIKDEPL,0,0,0,Gamma-Other,96.81,MAG
TARA_SAMEA4397536_METAG_OJFGJHGG,1,1,1,Gamma-Other,77.86,MAG
TARA_SAMEA2621020_METAG_INGKNBFK,0,0,0,Bacteroidota,79.86,MAG
BGEO_SAMN07136497_METAG_MMHFEPLI,0,0,0,Archaea-Nitrosopumilaceae,88,MAG
TARA_SAMEA2621020_METAG_MHHEBMHH,0,0,0,Chloroflexota,84.22,MAG
TARA_SAMEA2620980_METAG_EDCALDMI,0,0,0,Alpha-Rhodobacter,89.58,MAG
TARA_SAMEA2620980_METAG_HNOBGMKE,0,0,0,Bacteroidota,90.95,MAG
TARA_SAMEA2620980_METAG_MPIMLMPG,0,0,0,Bacteroidota,90.8,MAG
TARA_SAMEA2620980_METAG_AAAGDLCL,0,0,0,Bacteroidota,87.8,MAG
TARA_SAMEA2620980_METAG_CCACEBGA,0,0,0,Bacteroidota,84.06,MAG
TARA_SAMEA2620980_METAG_HOANNCOF,0,0,0,Bacteroidota,89.7,MAG
TARA_SAMEA2620980_METAG_BGNCFMEK,0,0,0,Alpha-Other,83.28,MAG
TARA_SAMEA2620980_METAG_JMCLKDMH,0,0,0,Bacteroidota,95.1,MAG
TARA_SAMEA4397051_METAG_ANCHFCML,1,1,1,Bacteroidota,98.7,MAG
TARA_SAMEA4397051_METAG_NGFOBDPO,0,0,0,Alpha-Rhodobacter,76.5,MAG
TARA_SAMEA4397051_METAG_NGAHLNDD,0,0,0,Alpha-Other,79.74,MAG
TARA_SAMEA2619686_METAG_CMNHBAMB,0,0,0,Gamma-Other,95.82,MAG
TARA_SAMEA2620120_METAG_IEFDOLPF,0,0,0,Bacteroidota,97.61,MAG
TARA_SAMEA2620120_METAG_CGJKEMNL,0,0,0,Alpha-Other,98.33,MAG
TARA_SAMEA2620812_METAG_KNOGCAEM,0,0,0,Bacteroidota,96.2,MAG
TARA_SAMEA2620812_METAG_EFDCLNHE,1,1,1,Gamma-Other,79.07,MAG
TARA_SAMEA2620812_METAG_OCKBLNHO,0,0,0,Alpha-Other,94.88,MAG
TARA_SAMEA2620668_METAG_KEPDIEPN,0,0,0,Alpha-Other,78.22,MAG
TARA_SAMEA2620668_METAG_PGBEKOPK,0,0,0,Gamma-Other,91.33,MAG
TARA_SAMEA2621076_METAG_BNBKGHEH,0,0,0,Actinobacteriota,91.84,MAG
TARA_SAMEA2621076_METAG_JNJEMPMD,0,0,0,Cyano-Syn,83.62,MAG
TARA_SAMEA2621076_METAG_BIIDFLBF,0,0,0,Alpha-Other,85.54,MAG
TARA_SAMEA2621076_METAG_JOEGDBGE,1,1,1,Gamma-Other,77.19,MAG
TARA_SAMEA2621076_METAG_COHLLPJP,0,0,0,Chloroflexota,84.47,MAG
BGEO_SAMN07136916_METAG_LGAFCPBI,0,0,0,Archaea-Nitrosopumilaceae,79.38,MAG
TARA_SAMEA2621076_METAG_AOGEAJJC,0,0,0,Bacteroidota,81.99,MAG
TARA_SAMEA2621076_METAG_PGLLOIOI,0,0,0,Verrucomicrobiota,86.06,MAG
TARA_SAMEA2622765_METAG_LCCLODIH,0,0,0,Verrucomicrobiota,95.46,MAG
HOTS_SAMN07137040_METAG_AMPNOPOG,0,0,0,Archaea-Nitrosopumilaceae,90.77,MAG
TARA_SAMEA2622765_METAG_HMPDLOBI,0,0,0,Bacteroidota,97.98,MAG
TARA_SAMEA2622765_METAG_NFCKBNNJ,0,0,0,Bacteroidota,90.69,MAG
HOTS_SAMN07137002_METAG_CMFOGHDE,0,0,0,Archaea-Nitrosopumilaceae,85.26,MAG
TARA_SAMEA2622765_METAG_BGGOCBHK,0,0,0,Alpha-Other,91.79,MAG
TARA_SAMEA2622765_METAG_ICPMIAHH,0,0,0,Verrucomicrobiota,98.2,MAG
TARA_SAMEA2622765_METAG_FFFMFKFB,0,0,0,Bacteroidota,90.64,MAG
TARA_SAMEA2622765_METAG_AMBCKBGD,1,1,1,Planctomycetota,80.18,MAG
TARA_SAMEA2622765_METAG_KBIKNAHF,1,1,1,Gamma-Alteromonas,81.56,MAG
TARA_SAMEA2622765_METAG_CJGICPDO,0,0,0,Chloroflexota,82.48,MAG
TARA_SAMEA2622765_METAG_APECFLEB,0,0,0,Bacteroidota,87.08,MAG
TARA_SAMEA2622765_METAG_FJODJKHI,0,0,0,Bacteroidota,77.91,MAG
TARA_SAMEA4397948_METAG_BHOFMDIO,0,0,0,Bacteroidota,82.88,MAG
TARA_SAMEA4397948_METAG_HMKPJJLE,0,0,0,Gamma-Other,99.74,MAG
TARA_SAMEA4397948_METAG_FGCGCIDG,1,1,1,Gamma-Other,81,MAG
TARA_SAMEA4397948_METAG_GPKHPDLL,1,1,1,Gamma-Other,79.75,MAG
TARA_SAMEA4397948_METAG_DFEGPOHM,0,0,0,Gamma-Other,84.58,MAG
TARA_SAMEA2621099_METAG_EOBNILOH,0,0,0,Actinobacteriota,88.28,MAG
TARA_SAMEA2621099_METAG_FOEELOBE,1,1,1,Alpha-Other,98.74,MAG
TARA_SAMEA2621099_METAG_IDGDEHDE,0,0,0,Alpha-Other,97.46,MAG
TARA_SAMEA2621099_METAG_ICDFPMBL,1,1,1,Gamma-Other,86.98,MAG
TARA_SAMEA2621099_METAG_GKKBIMAB,0,0,0,SAR324,89.98,MAG
TARA_SAMEA2621099_METAG_DPONELJG,1,1,1,Gamma-Other,80.94,MAG
TARA_SAMEA2621099_METAG_GDBPEBAN,0,0,0,Gamma-Other,96.43,MAG
TARA_SAMEA2622822_METAG_IEDPHKED,0,0,0,Chloroflexota,93.16,MAG
TARA_SAMEA2622822_METAG_FBKAPPAL,0,0,0,Gemmatimonadota,91.43,MAG
TARA_SAMEA2622822_METAG_GEGJOINE,0,0,0,Chloroflexota,78.79,MAG
TARA_SAMEA2622822_METAG_EAEGHBML,0,0,0,Chloroflexota,97.4,MAG
TARA_SAMEA2622822_METAG_IOKJGEPL,0,0,0,Chloroflexota,88.32,MAG
TARA_SAMEA2622822_METAG_OGCALNKE,0,0,0,Alpha-Other,86.38,MAG
TARA_SAMEA2622822_METAG_POOGECDP,0,0,0,Gamma-SAR86,78.74,MAG
TARA_SAMEA2622822_METAG_KOFAGHDC,0,0,0,Chloroflexota,91.62,MAG
TARA_SAMEA2622822_METAG_JBFKGFBC,0,0,0,Chloroflexota,76.44,MAG
TARA_SAMEA2622822_METAG_BJNBAMOE,0,0,0,Actinobacteriota,95.84,MAG
TARA_SAMEA2621260_METAG_DLGLLJNO,0,0,0,Bacteroidota,94.24,MAG
TARA_SAMEA2621260_METAG_ECGPAFED,0,0,0,Bacteroidota,94.86,MAG
TARA_SAMEA2621260_METAG_PLACCIAA,0,0,0,Bacteroidota,96.85,MAG
TARA_SAMEA2621260_METAG_BPJLPINF,0,0,0,Bacteroidota,75.53,MAG
BATS_SAMN07137120_METAG_AONBANAL,0,0,0,Archaea-Nitrosopumilaceae,81.34,MAG
TARA_SAMEA2619974_METAG_MNBJOKGJ,0,0,0,Alpha-Other,87.43,MAG
TARA_SAMEA2619974_METAG_CPINLNGP,0,0,0,Gamma-Other,93.97,MAG
TARA_SAMEA2619974_METAG_AGJAEMFM,0,0,0,Bacteria-Other,76.33,MAG
TARA_SAMEA2622685_METAG_PAMPHHNN,0,0,0,Gamma-Other,95.56,MAG
TARA_SAMEA2622685_METAG_PHDEJLHA,1,1,1,Gamma-Other,79.96,MAG
TARA_SAMEA2622685_METAG_CEEAIMNL,0,0,0,Gamma-Other,89.36,MAG
TARA_SAMEA2622685_METAG_IHHAFFKB,0,0,0,Alpha-Rhodobacter,81.07,MAG
TARA_SAMEA2622357_METAG_MMNPPCIF,1,1,1,Gamma-Alteromonas,92.42,MAG
TARA_SAMEA4398360_METAG_HKMLNLDB,0,0,0,Alpha-Other,99.24,MAG
TARA_SAMEA4398360_METAG_CIINEJAO,0,0,0,Alpha-Rhodobacter,78.96,MAG
TARA_SAMEA4398360_METAG_DGILFIFL,1,1,1,Gamma-Other,77.06,MAG
TARA_SAMEA4398266_METAG_LFJMEBEB,1,1,1,Bacteroidota,77.04,MAG
TARA_SAMEA4398266_METAG_LNKEIMGA,0,0,0,Bacteroidota,92.55,MAG
TARA_SAMEA4398266_METAG_PFLCKFIJ,0,0,0,Gamma-Other,95.54,MAG
TARA_SAMEA4398266_METAG_OPOOAJHK,1,1,1,Gamma-Other,90.64,MAG
TARA_SAMEA4398266_METAG_OFACBGEH,1,1,1,Gamma-Other,99.66,MAG
TARA_SAMEA4398266_METAG_AFIADNAJ,0,0,0,Alpha-Other,93.46,MAG
TARA_SAMEA4398266_METAG_JGJJDPDB,1,1,1,Gamma-Other,79.22,MAG
TARA_SAMEA2620565_METAG_CLFIELCF,0,0,0,Alpha-Other,92.85,MAG
TARA_SAMEA2622738_METAG_PMOIGPEK,0,0,0,Chloroflexota,91.54,MAG
TARA_SAMEA2622738_METAG_FGJJNLBN,1,1,1,Gamma-Other,80.88,MAG
TARA_SAMEA2622656_METAG_JDDFFOHG,1,1,1,Gamma-Other,91.02,MAG
TARA_SAMEA2622656_METAG_PGMAIMID,0,0,0,Alpha-Other,75.69,MAG
TARA_SAMEA4398432_METAG_OOLFFBHM,1,1,1,Gamma-Other,77.38,MAG
TARA_SAMEA4398432_METAG_CDCIKFNO,1,1,1,Bacteroidota,87.21,MAG
TARA_SAMEA4398432_METAG_GMCKOCBG,1,1,1,Bacteroidota,87.95,MAG
TARA_SAMEA4398432_METAG_OCDDDPAL,1,1,1,Gamma-Other,94.85,MAG
TARA_SAMEA4398432_METAG_EMPCMMMC,1,1,1,Gamma-Other,83.12,MAG
TARA_SAMEA4398432_METAG_ODLHCCGB,0,0,0,Bacteroidota,81.97,MAG
TARA_SAMEA4398432_METAG_MAJECHIN,1,1,1,Gamma-Other,94.36,MAG
TARA_SAMEA4398432_METAG_PEPLFBGI,1,1,1,Gamma-Other,83.65,MAG
TARA_SAMEA4398432_METAG_HFPIEIKF,1,1,1,Gamma-Other,78.11,MAG
TARA_SAMEA4398432_METAG_GEHJDHAP,1,1,1,Alpha-Other,93.67,MAG
TARA_SAMEA2621222_METAG_LHBCNJKN,0,0,0,Planctomycetota,90.52,MAG
TARA_SAMEA2621222_METAG_ICAHACJH,0,0,0,Planctomycetota,81.68,MAG
TARA_SAMEA2621222_METAG_JEMGHBAI,0,0,0,Chloroflexota,84.6,MAG
TARA_SAMEA4397330_METAG_NDOPFAKP,0,0,0,Gamma-Other,100,MAG
TARA_SAMEA4397330_METAG_OLIDLLGF,0,0,0,Gamma-Other,89.14,MAG
TARA_SAMEA4397330_METAG_GDNAMFBO,1,1,1,Bacteroidota,84.6,MAG
TARA_SAMEA4397330_METAG_PICKGHED,0,0,0,Gamma-Other,93.53,MAG
TARA_SAMEA4397330_METAG_JPCJHKEM,0,0,0,Alpha-Other,96.36,MAG
TARA_SAMEA4397330_METAG_EKBCNCBM,0,0,0,Bacteroidota,99.16,MAG
TARA_SAMEA4397330_METAG_OJBILPGE,1,1,1,Alpha-Other,95.86,MAG
TARA_SAMEA4397330_METAG_GDIMMCKF,0,0,0,Alpha-Other,99.2,MAG
TARA_SAMEA4397330_METAG_FMJAGJHH,1,1,1,Gamma-Other,80.54,MAG
TARA_SAMEA4397586_METAG_JNJCPFPA,1,1,1,Gamma-Other,84.07,MAG
TARA_SAMEA4397586_METAG_JFDIJEAL,0,0,0,Gamma-Other,85.72,MAG
TARA_SAMEA4397586_METAG_MJKFHMCN,0,0,0,Bacteroidota,96.16,MAG
TARA_SAMEA4397586_METAG_BHHPEABG,0,0,0,Alpha-Rhodobacter,89.74,MAG
TARA_SAMEA4397586_METAG_OODDJMJE,0,0,0,Alpha-Other,95.46,MAG
TARA_SAMEA4397586_METAG_GDDDCAFJ,0,0,0,Alpha-Rhodobacter,85.74,MAG
TARA_SAMEA4397586_METAG_DHHFIEKM,1,1,1,Alpha-Other,99.42,MAG
TARA_SAMEA4397586_METAG_CMLKACDB,0,0,0,Bacteroidota,91.36,MAG
TARA_SAMEA4397586_METAG_KGACBEKC,0,0,0,Gamma-Other,99.44,MAG
TARA_SAMEA2621564_METAG_ECEHCOPB,0,0,0,Gamma-Other,93.2,MAG
TARA_SAMEA2622696_METAG_FIJBGNGP,1,1,1,Bacteroidota,86.74,MAG
TARA_SAMEA2622696_METAG_PKOCKKHJ,0,0,0,Verrucomicrobiota,90.84,MAG
HOTS_SAMN07137044_METAG_CGCNJBJJ,0,0,0,Archaea-Nitrosopumilaceae,93.08,MAG
TARA_SAMEA2622696_METAG_BCBJAGLF,0,0,0,Alpha-Other,90.32,MAG
TARA_SAMEA2622696_METAG_IAJJDIPA,0,0,0,Chloroflexota,89.28,MAG
TARA_SAMEA2622696_METAG_NKHGOJCL,0,0,0,Alpha-Other,81.63,MAG
BGEO_SAMN07136755_METAG_CHLFFCMM,0,0,0,Archaea-Nitrosopumilaceae,84.7,MAG
TARA_SAMEA2622696_METAG_ELPLNHDN,0,0,0,Verrucomicrobiota,93.45,MAG
TARA_SAMEA2620256_METAG_IBGDEJEF,0,0,0,Bacteroidota,96.34,MAG
TARA_SAMEA2620256_METAG_LDKALNNO,1,1,1,Alpha-Other,97.49,MAG
TARA_SAMEA2620256_METAG_MPNNMGBA,0,0,0,Gamma-Other,90.52,MAG
TARA_SAMEA2620256_METAG_FEMCGAMN,0,0,0,Alpha-Other,99.16,MAG
TARA_SAMEA4397489_METAG_ALKPDBJK,0,0,0,Gamma-Other,85.26,MAG
TARA_SAMEA4397489_METAG_GPDPBDAM,1,1,1,Bacteroidota,82.88,MAG
TARA_SAMEA4397489_METAG_OBKGIEFA,0,0,0,Alpha-Other,86.49,MAG
TARA_SAMEA4397489_METAG_CHBCCPEF,0,0,0,Alpha-Other,75.44,MAG
TARA_SAMEA4397489_METAG_MHCEHENM,1,1,1,Bacteroidota,97.74,MAG
TARA_SAMEA4397489_METAG_AALFFFFH,1,1,1,Bacteroidota,90.8,MAG
TARA_SAMEA4397489_METAG_KBFAAALH,0,0,0,Bacteroidota,94.21,MAG
TARA_SAMEA4397489_METAG_EOIDKPKM,0,0,0,Alpha-Other,82.28,MAG
TARA_SAMEA4397489_METAG_PCMCDNHN,1,1,1,Bacteroidota,84.02,MAG
TARA_SAMEA4397489_METAG_OJJKGFOM,0,0,0,Alpha-Other,97.96,MAG
TARA_SAMEA4397489_METAG_DKFNMDDD,1,1,1,Gamma-Other,78.97,MAG
TARA_SAMEA4397489_METAG_ENKMAING,1,1,1,Bacteroidota,86.11,MAG
TARA_SAMEA4397489_METAG_KPNFHDEG,0,0,0,Bacteroidota,96.06,MAG
TARA_SAMEA4397489_METAG_HPKDIOHE,0,0,0,Alpha-Other,87.15,MAG
TARA_SAMEA2620967_METAG_JCJKAEKN,0,0,0,Alpha-Rhodobacter,83.3,MAG
TARA_SAMEA2620967_METAG_KLICMFII,0,0,0,Alpha-Rhodobacter,88.32,MAG
TARA_SAMEA2620967_METAG_LNGNGMIO,0,0,0,Bacteroidota,92.39,MAG
TARA_SAMEA2620967_METAG_CHDBHBEG,0,0,0,Alpha-Other,98.76,MAG
TARA_SAMEA2621502_METAG_JPBBBKDD,1,1,1,Alpha-Other,88.47,MAG
TARA_SAMEA2621502_METAG_PCENCBGB,1,1,1,Bacteroidota,87.78,MAG
TARA_SAMEA2621502_METAG_HNFCICFA,0,0,0,Gamma-Other,90.32,MAG
TARA_SAMEA2619854_METAG_MHBAMJGF,1,1,1,Gamma-Other,88.24,MAG
TARA_SAMEA2621044_METAG_AFHONIPH,0,0,0,Cyano-Pro,75.76,MAG
TARA_SAMEA2621044_METAG_PAAMBDEJ,0,0,0,Bacteria-Other,84.4,MAG
TARA_SAMEA2621044_METAG_GAJFPIBN,0,0,0,Bacteroidota,83.66,MAG
BATS_SAMN07137108_METAG_MNAPCDDA,0,0,0,Archaea-Nitrosopumilaceae,88.88,MAG
BATS_SAMN07137108_METAG_LKCALGPF,0,0,0,Archaea-Nitrosopumilaceae,85.11,MAG
BATS_SAMN07137108_METAG_JJANIGME,0,0,0,Archaea-Nitrosopumilaceae,75.91,MAG
TARA_SAMEA2621285_METAG_PCAMDDLD,0,0,0,Alpha-Other,94.16,MAG
TARA_SAMEA2619903_METAG_HOBDHEGM,0,0,0,Alpha-Other,80.67,MAG
TARA_SAMEA2621528_METAG_OOOLBPFG,0,0,0,Gamma-Other,88.2,MAG
TARA_SAMEA4396988_METAG_IJHFGOAC,0,0,0,Alpha-Other,81.53,MAG
TARA_SAMEA4396988_METAG_HNGJFIAO,0,0,0,Alpha-Other,80.61,MAG
TARA_SAMEA4396988_METAG_GGKPMEDN,0,0,0,Gamma-Other,83.61,MAG
TARA_SAMEA4396988_METAG_NHAKENJI,0,0,0,Bacteroidota,94.66,MAG
TARA_SAMEA4396988_METAG_LJHJJMHO,1,1,1,Gamma-Other,84.98,MAG
TARA_SAMEA4396988_METAG_AHOLDCOA,1,1,1,Bacteroidota,90.06,MAG
TARA_SAMEA4396988_METAG_OHGBIIBB,1,1,1,Gamma-Other,91.46,MAG
TARA_SAMEA4396988_METAG_MPFCLMGM,0,0,0,Bacteroidota,86.32,MAG
TARA_SAMEA4396988_METAG_BLBNHPMH,0,0,0,Bacteroidota,81.95,MAG
TARA_SAMEA4396988_METAG_JIJPECFJ,1,1,1,Bacteroidota,93.21,MAG
TARA_SAMEA4396988_METAG_CEFPBIEH,0,0,0,Bacteroidota,94.78,MAG
TARA_SAMEA4396988_METAG_OJLLLIJD,1,1,1,Bacteroidota,91.94,MAG
TARA_SAMEA4396988_METAG_ADOHJEKD,0,0,0,Gamma-Other,88.2,MAG
TARA_SAMEA4396988_METAG_DDKBNAEM,1,1,1,Bacteroidota,87.09,MAG
TARA_SAMEA4396988_METAG_IGKABEAD,0,0,0,Bacteroidota,97.3,MAG
TARA_SAMEA4396988_METAG_DHGPLGEI,0,0,0,Bacteroidota,79.55,MAG
TARA_SAMEA2621191_METAG_OKJNGIAE,0,0,0,Gamma-Other,91.17,MAG
TARA_SAMEA2621191_METAG_POKGBONJ,1,1,1,Alpha-Other,92.82,MAG
TARA_SAMEA2621191_METAG_OGCKHLKJ,0,0,0,Alpha-Other,83.42,MAG
TARA_SAMEA4397445_METAG_DGMKFCEG,1,1,1,Gamma-Other,97.54,MAG
TARA_SAMEA4397445_METAG_CEKAOEIO,1,1,1,Gamma-Other,98.32,MAG
TARA_SAMEA4397445_METAG_ALPEDEKN,1,1,1,Gamma-Other,92.32,MAG
TARA_SAMEA4397445_METAG_EDFFIONL,0,0,0,Bacteroidota,95.16,MAG
TARA_SAMEA4397445_METAG_DGDOHHDN,0,0,0,Alpha-Rhodobacter,97.02,MAG
TARA_SAMEA4397445_METAG_NNOOFDKD,0,0,0,Alpha-Rhodobacter,75.09,MAG
TARA_SAMEA4397445_METAG_BLPLEFBJ,0,0,0,Alpha-Rhodobacter,79.58,MAG
TARA_SAMEA4397445_METAG_IPEBJJPK,0,0,0,Alpha-Other,98.32,MAG
TARA_SAMEA4397445_METAG_NAKGHEIC,1,1,1,Gamma-Other,83.88,MAG
TARA_SAMEA4397445_METAG_EBGPIKOF,0,0,0,Gamma-Other,94.38,MAG
TARA_SAMEA2620053_METAG_CICKOAMP,0,0,0,Gamma-Other,94.84,MAG
TARA_SAMEA4398315_METAG_IKBHHHNJ,0,0,0,Alpha-Other,93.02,MAG
TARA_SAMEA4398315_METAG_ANNAMOBB,1,1,1,Bacteroidota,90.41,MAG
TARA_SAMEA4398315_METAG_PNPEEFBF,0,0,0,Alpha-Other,75.16,MAG
TARA_SAMEA4398315_METAG_AAILANNM,0,0,0,Gamma-Other,78.68,MAG
TARA_SAMEA4398315_METAG_JAJFOGDM,0,0,0,Bacteroidota,95.1,MAG
TARA_SAMEA4397920_METAG_KIGOFCII,0,0,0,Bacteroidota,92.06,MAG
TARA_SAMEA4397920_METAG_PEGHMKLD,0,0,0,Alpha-Other,95.77,MAG
TARA_SAMEA4397920_METAG_IEGEFKIF,1,1,1,Gamma-Other,80.56,MAG
TARA_SAMEA4397920_METAG_MPANHKBB,0,0,0,Bacteroidota,90.54,MAG
TARA_SAMEA4397920_METAG_PJLDHDEJ,0,0,0,Gamma-Other,99.27,MAG
TARA_SAMEA4397920_METAG_NHBNDNDF,0,0,0,Alpha-Other,90.78,MAG
TARA_SAMEA4397920_METAG_KGCBFKHI,1,1,1,Bacteroidota,98.3,MAG
TARA_SAMEA2619950_METAG_ADLKCPBP,0,0,0,Bacteroidota,99.28,MAG
TARA_SAMEA2622841_METAG_JKCLOBDL,0,0,0,Bacteroidota,89.21,MAG
TARA_SAMEA2621295_METAG_DKAAIJIA,1,1,1,Gamma-Other,80.31,MAG
TARA_SAMEA2621295_METAG_HBFNHEPB,0,0,0,SAR324,86.39,MAG
TARA_SAMEA2621295_METAG_DDHDMIII,1,1,1,Verrucomicrobiota,89.78,MAG
TARA_SAMEA2621295_METAG_KCJMKCEH,0,0,0,Alpha-Other,82.1,MAG
BGEO_SAMN07136777_METAG_NBFMHLBJ,0,0,0,Archaea-Nitrosopumilaceae,90.22,MAG
TARA_SAMEA2622716_METAG_JIINHBHC,0,0,0,Actinobacteriota,95.62,MAG
BATS_SAMN07137104_METAG_GOLPAEAE,0,0,0,Archaea-Nitrosopumilaceae,88.43,MAG
BGEO_SAMN07136697_METAG_IHOPOPGN,0,0,0,Archaea-Nitrosopumilaceae,91.46,MAG
TARA_SAMEA2622716_METAG_LKMNOMPP,0,0,0,Alpha-Puniceispirilla,88.46,MAG
TARA_SAMEA2622716_METAG_HMNFMLLI,0,0,0,Bacteroidota,94.24,MAG
TARA_SAMEA2622716_METAG_FLIDHJIH,0,0,0,Chloroflexota,84.62,MAG
TARA_SAMEA2622716_METAG_IPCCLEJC,0,0,0,Cyano-Syn,82.16,MAG
TARA_SAMEA2622716_METAG_LLMPBKJB,1,1,1,Gamma-Alteromonas,86.26,MAG
TARA_SAMEA2622716_METAG_MJKAMFJK,0,0,0,Bacteroidota,98.96,MAG
TARA_SAMEA2622716_METAG_GOJJIFPD,0,0,0,Chloroflexota,90,MAG
TARA_SAMEA2622716_METAG_HIDAHEEK,0,0,0,Verrucomicrobiota,92.59,MAG
BATS_SAMN07137070_METAG_BGKDDPME,0,0,0,Archaea-Nitrosopumilaceae,79.57,MAG
TARA_SAMEA2622715_METAG_OCONGINM,0,0,0,Bacteroidota,94.13,MAG
TARA_SAMEA2622715_METAG_NLCDCOEJ,0,0,0,Chloroflexota,89.67,MAG
TARA_SAMEA2622715_METAG_FPILCFNN,0,0,0,Actinobacteriota,92.84,MAG
TARA_SAMEA2622715_METAG_EHMKAMPM,0,0,0,Chloroflexota,88.04,MAG
TARA_SAMEA2620947_METAG_LKLMMFAE,0,0,0,Gamma-Other,96.5,MAG
TARA_SAMEA2620947_METAG_CPPLJOHE,0,0,0,Alpha-Other,92.86,MAG
TARA_SAMEA2620947_METAG_FLCMPNEC,0,0,0,Alpha-Other,98.3,MAG
TARA_SAMEA2620947_METAG_GLLMAFGJ,0,0,0,Alpha-Other,93.4,MAG
TARA_SAMEA2620947_METAG_HMFINIAG,1,1,1,Gamma-Other,95.79,MAG
TARA_SAMEA2620947_METAG_KPDOALJI,0,0,0,Alpha-Other,93.69,MAG
TARA_SAMEA2622823_METAG_CFMOJEHO,0,0,0,Bacteria-Other,96.91,MAG
TARA_SAMEA2622823_METAG_GLIADAGL,0,0,0,Bacteroidota,86.58,MAG
TARA_SAMEA2622823_METAG_EILGFABI,0,0,0,Chloroflexota,81.2,MAG
TARA_SAMEA2622823_METAG_NCCKANMM,0,0,0,Chloroflexota,91.1,MAG
TARA_SAMEA2622823_METAG_LKGFMLDG,0,0,0,Acidobacteriota,80.07,MAG
TARA_SAMEA2622823_METAG_GLHPGGBP,0,0,0,Alpha-Other,94.29,MAG
TARA_SAMEA2622823_METAG_MPCLEBGO,0,0,0,Chloroflexota,94.71,MAG
TARA_SAMEA2622823_METAG_BHGDDDOD,0,0,0,Gamma-Other,88.26,MAG
TARA_SAMEA2622823_METAG_IKAABPBL,0,0,0,Chloroflexota,91.84,MAG
TARA_SAMEA2620421_METAG_JJIDELGP,0,0,0,Alpha-Other,81.35,MAG
TARA_SAMEA2620421_METAG_FOHHMLJE,0,0,0,Alpha-Other,88.16,MAG
TARA_SAMEA4397118_METAG_IMALAEHC,0,0,0,Bacteroidota,95.46,MAG
TARA_SAMEA4397118_METAG_MMBKHPME,0,0,0,Alpha-Other,94.99,MAG
TARA_SAMEA4397118_METAG_AGDBFJOP,0,0,0,Bacteria-Other,95.6,MAG
TARA_SAMEA4397118_METAG_PGCEFNEO,0,0,0,Gamma-Other,96.88,MAG
TARA_SAMEA4397118_METAG_KFHBMPOC,0,0,0,Alpha-Other,97.9,MAG
TARA_SAMEA4397118_METAG_KHABCPBH,1,1,1,Gamma-Other,81.05,MAG
TARA_SAMEA4397118_METAG_EFPHADLD,0,0,0,Bacteroidota,77.54,MAG
TARA_SAMEA4397118_METAG_OKBJEHDE,1,1,1,Bacteroidota,90.22,MAG
TARA_SAMEA4397118_METAG_OIADDAPJ,0,0,0,Alpha-Other,85.67,MAG
TARA_SAMEA4397118_METAG_CDAJBEFJ,0,0,0,Alpha-Rhodobacter,91.08,MAG
TARA_SAMEA4397118_METAG_CNKOPAMP,1,1,1,Bacteroidota,98.52,MAG
TARA_SAMEA4397118_METAG_GHBEGJFO,0,0,0,Alpha-Other,84.04,MAG
TARA_SAMEA4397118_METAG_BBOOOMOP,0,0,0,Bacteroidota,96.93,MAG
TARA_SAMEA4397118_METAG_CEBIIJJH,0,0,0,Bacteroidota,93.63,MAG
TARA_SAMEA4397118_METAG_PDBGNEHA,0,0,0,Alpha-Other,84.69,MAG
TARA_SAMEA4397118_METAG_CEPMJKLI,0,0,0,Bacteroidota,98.91,MAG
TARA_SAMEA2623327_METAG_MNEPHLEB,0,0,0,Gamma-Other,95.92,MAG
TARA_SAMEA2623327_METAG_BHMPBOJM,1,1,1,Gamma-Other,94.43,MAG
TARA_SAMEA2623327_METAG_HMDKDAOK,0,0,0,Alpha-Rhodobacter,75.75,MAG
TARA_SAMEA2620106_METAG_KLKDOILO,0,0,0,Bacteroidota,83.44,MAG
TARA_SAMEA2620106_METAG_JMICEMNF,1,1,1,Bacteroidota,99.11,MAG
BGEO_SAMN07136654_METAG_LHJBCMGE,0,0,0,Archaea-Nitrosopumilaceae,92.06,MAG
TARA_SAMEA2621277_METAG_KJGCIBHL,0,0,0,Actinobacteriota,85.99,MAG
TARA_SAMEA2621277_METAG_EMELNMCC,0,0,0,Chloroflexota,83.62,MAG
TARA_SAMEA2621300_METAG_IKNCEMIG,0,0,0,Alpha-Rhodobacter,87.93,MAG
TARA_SAMEA2621300_METAG_LDKIKIFE,0,0,0,Alpha-Other,88.28,MAG
TARA_SAMEA4397255_METAG_NAPABBBO,0,0,0,Alpha-Other,97.48,MAG
TARA_SAMEA4397255_METAG_KKHJAOMA,1,1,1,Bacteroidota,95.51,MAG
TARA_SAMEA4397255_METAG_DMHMIBFP,1,1,1,Alpha-Rhodobacter,78.38,MAG
TARA_SAMEA4397255_METAG_IPBBHALJ,0,0,0,Alpha-Other,84.91,MAG
TARA_SAMEA4397255_METAG_JDHKGFGC,0,0,0,Gamma-Other,85.88,MAG
TARA_SAMEA4397255_METAG_MPOFEKGK,0,0,0,Bacteroidota,90.62,MAG
TARA_SAMEA4397255_METAG_FNFPNKCG,1,1,1,Bacteria-Other,75.6,MAG
TARA_SAMEA4397255_METAG_ECABCEKH,1,1,1,Bacteroidota,82.86,MAG
TARA_SAMEA4398001_METAG_EDKCCDPC,1,1,1,Gamma-Other,78.69,MAG
TARA_SAMEA4398001_METAG_DIPFICBA,1,1,1,Gamma-Other,84.44,MAG
TARA_SAMEA4398001_METAG_APKKCKMJ,0,0,0,Bacteroidota,85.76,MAG
TARA_SAMEA4398001_METAG_MLJBBDKI,1,1,1,Bacteroidota,98.26,MAG
TARA_SAMEA4398001_METAG_HCGNAEEI,0,0,0,Alpha-Other,99.32,MAG
TARA_SAMEA4397859_METAG_IKEAOLKI,1,1,1,Gamma-Other,93.64,MAG
TARA_SAMEA4397859_METAG_FPHLPMOP,1,1,1,Gamma-Other,81.22,MAG
TARA_SAMEA4397859_METAG_HIMODPNH,0,0,0,Gamma-Other,88.64,MAG
TARA_SAMEA4397859_METAG_GMFDIFPD,0,0,0,Alpha-Other,99.4,MAG
TARA_SAMEA2619791_METAG_HIOPPLEJ,0,0,0,Gamma-Other,88.31,MAG
TARA_SAMEA2620027_METAG_FFOMJDGN,1,1,1,Gamma-Other,89.42,MAG
TARA_SAMEA2622497_METAG_JNMAHPGA,0,0,0,Gamma-Other,89.3,MAG
TARA_SAMEA2622497_METAG_NAKNEMBH,0,0,0,Alpha-Rhodobacter,86.87,MAG
TARA_SAMEA2622497_METAG_FPHAJCEK,1,1,1,Gamma-Other,98.82,MAG
TARA_SAMEA2621021_METAG_MKIGFGMC,1,1,1,Gamma-Alteromonas,82.82,MAG
BGEO_SAMN07136567_METAG_KNAIBKAO,0,0,0,Archaea-Nitrosopumilaceae,89.43,MAG
TARA_SAMEA2621021_METAG_JDJBGCFL,0,0,0,Bacteroidota,77.06,MAG
TARA_SAMEA2621021_METAG_LAEDKOJL,0,0,0,Bacteroidota,76.12,MAG
TARA_SAMEA2622212_METAG_AMIONADH,0,0,0,Gamma-Other,95.04,MAG
TARA_SAMEA2621242_METAG_OHGLNCMH,0,0,0,Gamma-Other,99.46,MAG
TARA_SAMEA2621242_METAG_AIOKPNEJ,0,0,0,Planctomycetota,91.36,MAG
TARA_SAMEA2621242_METAG_FBMJIAKN,1,1,1,Alpha-Other,97.81,MAG
TARA_SAMEA2621242_METAG_AOBACFJI,0,0,0,Bacteroidota,88.88,MAG
TARA_SAMEA2621242_METAG_KGAEPMHG,0,0,0,Chloroflexota,87.42,MAG
TARA_SAMEA2621242_METAG_HOBIHNJG,0,0,0,Bacteroidota,99.46,MAG
TARA_SAMEA2621242_METAG_JDLPNCFM,1,1,1,Actinobacteriota,94.92,MAG
TARA_SAMEA2622657_METAG_HLFHAIFI,0,0,0,Chloroflexota,80.01,MAG
TARA_SAMEA2622657_METAG_ALIFFOPP,0,0,0,Dadabacteria,83.36,MAG
BGEO_SAMN07136506_METAG_NCABPLKN,0,0,0,Archaea-Nitrosopumilaceae,88.73,MAG
BGEO_SAMN07136506_METAG_HJDNMMLC,0,0,0,Archaea-Nitrosopumilaceae,77.11,MAG
TARA_SAMEA2622657_METAG_PIJOFFNN,0,0,0,Chloroflexota,86.68,MAG
TARA_SAMEA2621151_METAG_CFNECBGB,0,0,0,Gamma-Other,90.34,MAG
TARA_SAMEA2621085_METAG_OBCDKDDM,0,0,0,Gamma-Other,92.06,MAG
TARA_SAMEA4397747_METAG_EGGMJIAM,1,1,1,Gamma-Other,80.32,MAG
TARA_SAMEA4397747_METAG_FPBHCOLE,0,0,0,Alpha-Other,84.62,MAG
TARA_SAMEA4397747_METAG_BOFKKDBM,0,0,0,Alpha-Other,87.96,MAG
TARA_SAMEA4397747_METAG_OMPJFLGB,0,0,0,Alpha-Other,78.96,MAG
TARA_SAMEA4397747_METAG_BLANFMDP,0,0,0,Alpha-Rhodobacter,87.22,MAG
TARA_SAMEA2619677_METAG_ALENKGGI,1,1,1,Gamma-Other,94.82,MAG
TARA_SAMEA2619677_METAG_CAPHGMGC,0,0,0,Alpha-Other,96.58,MAG
TARA_SAMEA2619677_METAG_HBPDHLHH,0,0,0,Gamma-Other,87.6,MAG
TARA_SAMEA2619677_METAG_GGPMHKAL,0,0,0,Gamma-Other,98.52,MAG
TARA_SAMEA2620413_METAG_HJGOFLNN,1,1,1,Gamma-Alteromonas,84.72,MAG
TARA_SAMEA2620413_METAG_LOJGNKDC,0,0,0,Alpha-Other,78.85,MAG
TARA_SAMEA2620413_METAG_OKCJEKJA,1,1,1,Gamma-Other,83.94,MAG
TARA_SAMEA2620413_METAG_GLKBFLDN,0,0,0,Alpha-Other,97.78,MAG
TARA_SAMEA2620413_METAG_GEBGHKBI,0,0,0,Alpha-Other,79.41,MAG
TARA_SAMEA2620078_METAG_FMGBLKKN,0,0,0,Alpha-Other,85.66,MAG
TARA_SAMEA2620078_METAG_CJHBKDPI,0,0,0,Bacteroidota,99.62,MAG
TARA_SAMEA2621204_METAG_NCHGFNFE,0,0,0,Bacteroidota,87.06,MAG
TARA_SAMEA2621204_METAG_ADKMBKIJ,0,0,0,Gamma-Other,85.92,MAG
TARA_SAMEA2622676_METAG_LOOMOFGN,1,1,1,Gamma-Other,79.87,MAG
TARA_SAMEA2622694_METAG_GLIIGEOH,1,1,1,Gamma-Other,89.26,MAG
TARA_SAMEA2622694_METAG_IOFBFEKK,1,1,1,Gamma-Other,76.42,MAG
TARA_SAMEA2621075_METAG_BMBGPNCB,0,0,0,Bacteroidota,93.15,MAG
BATS_SAMN07137090_METAG_KONAJOAK,0,0,0,Archaea-Nitrosopumilaceae,80.71,MAG
BGEO_SAMN07136900_METAG_MCAOMLEJ,0,0,0,Archaea-Nitrosopumilaceae,77.61,MAG
TARA_SAMEA2621075_METAG_LNFHKBFF,0,0,0,Bacteroidota,83.41,MAG
TARA_SAMEA2621075_METAG_IKGMBPOA,0,0,0,Chloroflexota,82.7,MAG
TARA_SAMEA2622801_METAG_PNHJKIGD,0,0,0,Bacteroidota,95.55,MAG
TARA_SAMEA2622801_METAG_OKNOMLIK,1,1,1,Planctomycetota,87,MAG
TARA_SAMEA2622801_METAG_OBIINJFF,0,0,0,Verrucomicrobiota,77.65,MAG
TARA_SAMEA2622801_METAG_JOGKPPEL,0,0,0,Bacteria-Other,91.42,MAG
TARA_SAMEA2622801_METAG_BCPHODBE,0,0,0,Alpha-Other,85.84,MAG
TARA_SAMEA2622801_METAG_GLDMIMJA,0,0,0,Gamma-Other,91.66,MAG
TARA_SAMEA2622801_METAG_GCOBLAHL,0,0,0,Verrucomicrobiota,95.82,MAG
BATS_SAMN07137096_METAG_CFFCMBMP,0,0,0,Archaea-Nitrosopumilaceae,85.56,MAG
TARA_SAMEA2622801_METAG_OCGJHKDK,1,1,1,Planctomycetota,94.86,MAG
TARA_SAMEA2622801_METAG_EKMIDAGJ,1,1,1,Gamma-Other,76.7,MAG
TARA_SAMEA2622801_METAG_AHOIAMPO,0,0,0,Gamma-Other,91.92,MAG
TARA_SAMEA2622801_METAG_GFHFOCMK,0,0,0,Chloroflexota,93.78,MAG
TARA_SAMEA2622801_METAG_PMNJHGLM,0,0,0,Verrucomicrobiota,93.66,MAG
TARA_SAMEA2622801_METAG_FJILKMCF,0,0,0,Bacteria-Other,92.37,MAG
TARA_SAMEA2622801_METAG_CCCIEGHH,0,0,0,Bacteroidota,79.73,MAG
TARA_SAMEA2622801_METAG_CEFHJFCC,0,0,0,Gamma-Other,76.15,MAG
TARA_SAMEA2622801_METAG_GNKNKJMK,0,0,0,Actinobacteriota,95.2,MAG
TARA_SAMEA2622801_METAG_ECAHMIGO,0,0,0,Alpha-Other,97.9,MAG
TARA_SAMEA2622801_METAG_LJELNJIM,0,0,0,Chloroflexota,91.22,MAG
TARA_SAMEA2622801_METAG_JIKAPJMJ,0,0,0,Gamma-Other,90.46,MAG
TARA_SAMEA4397215_METAG_KPKNNGDE,0,0,0,Bacteroidota,98.56,MAG
TARA_SAMEA4397215_METAG_HKNGHGKC,0,0,0,Bacteroidota,93.65,MAG
TARA_SAMEA4397215_METAG_MJKAJGGN,0,0,0,Alpha-Rhodobacter,82.77,MAG
TARA_SAMEA4397215_METAG_EGAAIAML,0,0,0,Gamma-Other,92.25,MAG
TARA_SAMEA4397215_METAG_GIHNDBCM,1,1,1,Bacteroidota,88.01,MAG
TARA_SAMEA4397215_METAG_GPPECIMP,0,0,0,Gamma-Other,93.26,MAG
TARA_SAMEA4397215_METAG_EBIKJBKC,0,0,0,Alpha-Rhodobacter,96.02,MAG
TARA_SAMEA4397215_METAG_JEBLCNHH,1,1,1,Bacteroidota,83.25,MAG
TARA_SAMEA4397215_METAG_JGMBBPDK,1,1,1,Gamma-Other,76.27,MAG
TARA_SAMEA4397215_METAG_AFMLMLCM,0,0,0,Alpha-Other,92.6,MAG
TARA_SAMEA4397215_METAG_IPKBPBEB,1,1,1,Gamma-Other,76.77,MAG
TARA_SAMEA2622799_METAG_ODFMPODL,1,1,1,Gamma-Other,92.56,MAG
TARA_SAMEA2622678_METAG_IIGJOLCP,1,1,1,Gamma-Other,75.99,MAG
TARA_SAMEA2622678_METAG_FFCCCHJL,0,0,0,Gemmatimonadota,85.82,MAG
TARA_SAMEA2622678_METAG_AMFPKMPN,0,0,0,Alpha-Other,77.68,MAG
TARA_SAMEA2622678_METAG_HOBPKFKF,0,0,0,Gamma-Other,79.96,MAG
TARA_SAMEA2622678_METAG_KGFMGFIB,1,1,1,Gamma-Other,78.86,MAG
TARA_SAMEA2622678_METAG_EDMLIGDO,1,1,1,Bacteroidota,92.02,MAG
TARA_SAMEA4397772_METAG_ALNCDPMA,1,1,1,Gamma-Other,95.76,MAG
TARA_SAMEA2621045_METAG_GOGBBBHG,0,0,0,Actinobacteriota,91.2,MAG
BATS_SAMN07137096_METAG_DDLPOOEM,0,0,0,Archaea-Nitrosopumilaceae,81.8,MAG
TARA_SAMEA2621045_METAG_FCDLAAMK,0,0,0,Bacteroidota,93.81,MAG
BATS_SAMN07137096_METAG_CDKGNHGG,0,0,0,Archaea-Nitrosopumilaceae,77.33,MAG
TARA_SAMEA2620035_METAG_LEKHLCMO,0,0,0,Acidobacteriota,97.21,MAG
TARA_SAMEA2620035_METAG_OLDPKKOE,0,0,0,Gamma-Other,97.3,MAG
TARA_SAMEA2620035_METAG_FCOHJMAC,0,0,0,Alpha-Other,94.62,MAG
TARA_SAMEA2620035_METAG_FDNHICKD,0,0,0,SAR324,85.64,MAG
TARA_SAMEA2621859_METAG_GAEHGPFE,0,0,0,Verrucomicrobiota,98.18,MAG
TARA_SAMEA2621859_METAG_OBINDPII,0,0,0,Alpha-Other,88.76,MAG
TARA_SAMEA2621859_METAG_NKJEDIGE,0,0,0,Alpha-Other,82.13,MAG
TARA_SAMEA2621859_METAG_OFPIMBEP,1,1,1,Actinobacteriota,84.67,MAG
TARA_SAMEA2621859_METAG_INLEDHPL,0,0,0,Bacteroidota,86.48,MAG
TARA_SAMEA2621859_METAG_BLBOAJGJ,0,0,0,Bacteroidota,86.62,MAG
TARA_SAMEA2621859_METAG_FLIDGNCK,0,0,0,Gamma-Other,76.9,MAG
TARA_SAMEA2622518_METAG_JKGDEDKB,1,1,1,Verrucomicrobiota,92.16,MAG
TARA_SAMEA2622518_METAG_AJBENJFF,0,0,0,Alpha-Pelagibacter,82.09,MAG
TARA_SAMEA2622518_METAG_CDPNIGGJ,0,0,0,Dadabacteria,80.86,MAG
BATS_SAMN07137110_METAG_EFFFKHNM,0,0,0,Archaea-Nitrosopumilaceae,88.79,MAG
BGEO_SAMN07136630_METAG_OMOMDHGD,0,0,0,Archaea-Nitrosopumilaceae,90.02,MAG
TARA_SAMEA2622452_METAG_JJHGFHKE,0,0,0,Bacteroidota,96.73,MAG
TARA_SAMEA2622452_METAG_BPPPEHIE,0,0,0,Bacteroidota,96.92,MAG
TARA_SAMEA2622452_METAG_JGGCHJMC,0,0,0,Bacteroidota,92.43,MAG
TARA_SAMEA2622452_METAG_ACGDMEMK,0,0,0,Gamma-Other,86.86,MAG
TARA_SAMEA2622452_METAG_MFOPDHBC,0,0,0,Bacteroidota,88.72,MAG
TARA_SAMEA2622452_METAG_FNHOENCH,0,0,0,Dadabacteria,82.73,MAG
TARA_SAMEA2621198_METAG_MIKEPJAE,1,1,1,Actinobacteriota,96.66,MAG
TARA_SAMEA2620815_METAG_INOFKKEI,0,0,0,Alpha-Rhodobacter,91.06,MAG
TARA_SAMEA2620815_METAG_BAJEEDEG,1,1,1,Actinobacteriota,78.68,MAG
TARA_SAMEA2620815_METAG_NGCKHBDJ,0,0,0,SAR324,81.41,MAG
TARA_SAMEA2622376_METAG_KBAMCEAM,0,0,0,Bacteroidota,99.64,MAG
TARA_SAMEA2622376_METAG_BHCALEEO,1,1,1,Gamma-Alteromonas,92.48,MAG
TARA_SAMEA2622376_METAG_HIADCEMP,0,0,0,Bacteroidota,75.06,MAG
TARA_SAMEA2621176_METAG_LNNLNJLH,1,1,1,Gamma-Other,98.34,MAG
TARA_SAMEA2621176_METAG_EKLCKMDK,0,0,0,Gamma-Other,93.93,MAG
TARA_SAMEA2619857_METAG_MMPNMHLK,0,0,0,Alpha-Puniceispirilla,90.59,MAG
TARA_SAMEA2619857_METAG_LKAHBEPF,0,0,0,SAR324,92.93,MAG
TARA_SAMEA2619857_METAG_BNKFFFBL,0,0,0,Dadabacteria,90.6,MAG
TARA_SAMEA2619857_METAG_FNOLNFHI,0,0,0,Alpha-Other,84.28,MAG
TARA_SAMEA2619857_METAG_BABBAFAA,0,0,0,Chloroflexota,85.7,MAG
TARA_SAMEA2622316_METAG_ALKEKBGG,0,0,0,Bacteroidota,96.01,MAG
TARA_SAMEA2622316_METAG_CFHFCKCK,0,0,0,Alpha-Puniceispirilla,94.53,MAG
TARA_SAMEA2622316_METAG_DNGIKLCH,0,0,0,Verrucomicrobiota,89.76,MAG
TARA_SAMEA2622316_METAG_BLKFHGNH,0,0,0,Bacteroidota,89.64,MAG
HOTS_SAMN07137036_METAG_EBJJJFLD,0,0,0,Archaea-Nitrosopumilaceae,90.55,MAG
TARA_SAMEA2622316_METAG_HMMPOBFH,0,0,0,Alpha-Rhodobacter-LowGC,75.17,MAG
HOTS_SAMN07137003_METAG_IJLGNFLF,0,0,0,Archaea-Nitrosopumilaceae,91.38,MAG
TARA_SAMEA2619927_METAG_MEJAMGAC,0,0,0,Alpha-Rhodobacter-LowGC,79.59,MAG
HOTS_SAMN07137003_METAG_EDDLDMJJ,0,0,0,Archaea-Other,81.98,MAG
TARA_SAMEA2623907_METAG_CFKNGGCL,0,0,0,SAR324,81.92,MAG
TARA_SAMEA2623907_METAG_BFCKENLM,0,0,0,Gamma-SAR86,79.81,MAG
TARA_SAMEA2619907_METAG_LOCEMFFE,0,0,0,Chloroflexota,94.58,MAG
TARA_SAMEA2619907_METAG_OHOOKNOA,0,0,0,Alpha-Other,94.38,MAG
TARA_SAMEA2619907_METAG_KBFJNKFA,0,0,0,Chloroflexota,94.56,MAG
TARA_SAMEA2619907_METAG_PEJFNIFI,0,0,0,Bacteria-Other,97.06,MAG
TARA_SAMEA2619907_METAG_HNLCBIIG,0,0,0,Chloroflexota,93.49,MAG
TARA_SAMEA2619907_METAG_ACIOEDLM,0,0,0,Chloroflexota,88.02,MAG
TARA_SAMEA2619907_METAG_FBMOIEJJ,0,0,0,Alpha-Other,86,MAG
TARA_SAMEA2619907_METAG_OIJCGEKE,0,0,0,Gamma-Other,93.16,MAG
TARA_SAMEA2619907_METAG_BHHBJLGI,0,0,0,Gamma-Other,90.9,MAG
TARA_SAMEA2619907_METAG_IIDMEIKN,0,0,0,Chloroflexota,87.81,MAG
TARA_SAMEA2619907_METAG_LFKGHJBE,0,0,0,Chloroflexota,84.2,MAG
TARA_SAMEA2619907_METAG_PFHGNIIC,1,1,1,Gamma-Other,90.7,MAG
TARA_SAMEA2619907_METAG_HADLINKP,1,1,1,Planctomycetota,85.2,MAG
TARA_SAMEA2619907_METAG_LDDKJPDE,0,0,0,Cyano-Other,84.26,MAG
TARA_SAMEA2619907_METAG_AIAKEKKE,1,1,1,Gamma-Other,78.86,MAG
TARA_SAMEA2623463_METAG_JEDKAICA,0,0,0,Bacteria-Other,94.15,MAG
TARA_SAMEA2623463_METAG_KOBBDBJG,0,0,0,Alpha-Other,97.54,MAG
TARA_SAMEA2623463_METAG_ILKDPJMI,0,0,0,Actinobacteriota,93.7,MAG
BATS_SAMN07137083_METAG_EDECNLOO,0,0,0,Archaea-Nitrosopumilaceae,78.54,MAG
TARA_SAMEA2623463_METAG_JKFKCFDH,0,0,0,Chloroflexota,84.9,MAG
BGEO_SAMN07136886_METAG_IKPBPHBB,0,0,0,Archaea-Nitrosopumilaceae,91.56,MAG
BATS_SAMN07137113_METAG_LGPOKNCD,0,0,0,Archaea-Nitrosopumilaceae,87.94,MAG
BGEO_SAMN07136533_METAG_PKDEPLCN,0,0,0,Archaea-Nitrosopumilaceae,79.85,MAG
BGEO_SAMN07136533_METAG_KFOLOMMH,0,0,0,Archaea-Nitrosopumilaceae,75.84,MAG
TARA_SAMEA2622733_METAG_EOLHBMEN,0,0,0,Alpha-Other,98.73,MAG
TARA_SAMEA2622733_METAG_CIIJDJJE,0,0,0,Alpha-Other,96.91,MAG
TARA_SAMEA2622733_METAG_CLALOMOJ,0,0,0,Chloroflexota,95.42,MAG
TARA_SAMEA2622733_METAG_AHBMDFAL,0,0,0,Chloroflexota,93.74,MAG
TARA_SAMEA2622733_METAG_EDDMEKOA,0,0,0,Chloroflexota,87.38,MAG
TARA_SAMEA2622733_METAG_EPBHCEDF,0,0,0,Chloroflexota,77.79,MAG
TARA_SAMEA2619952_METAG_NJJBGEID,0,0,0,Gamma-Other,90.58,MAG
TARA_SAMEA2619952_METAG_IHKIKNIM,0,0,0,Alpha-Puniceispirilla,94.54,MAG
TARA_SAMEA2619952_METAG_KFKPCKBF,0,0,0,Verrucomicrobiota,94.71,MAG
TARA_SAMEA2619952_METAG_FPCFMOCG,0,0,0,SAR324,92.54,MAG
TARA_SAMEA2619952_METAG_LBLFBJOD,0,0,0,Alpha-Rhodobacter-LowGC,84.74,MAG
TARA_SAMEA2619952_METAG_ELDJPLOF,0,0,0,Verrucomicrobiota,84.24,MAG
TARA_SAMEA2619952_METAG_DJFAHIPO,0,0,0,Bacteroidota,79.98,MAG
TARA_SAMEA2619952_METAG_BKHFFBKH,0,0,0,Bacteroidota,81.48,MAG
HOTS_SAMN07137023_METAG_HLKLPKMA,0,0,0,Archaea-Nitrosopumilaceae,94.6,MAG
TARA_SAMEA2623774_METAG_LNKLMJCE,0,0,0,Actinobacteriota,94.7,MAG
TARA_SAMEA2623774_METAG_IIDHDBDM,1,1,1,Verrucomicrobiota,94.23,MAG
TARA_SAMEA2623774_METAG_NMEMENEN,0,0,0,Chloroflexota,82.1,MAG
BGEO_SAMN07136572_METAG_BFPLNLJA,0,0,0,Archaea-Nitrosopumilaceae,77.93,MAG
BGEO_SAMN07136765_METAG_DMGIJMJF,0,0,0,Archaea-Nitrosopumilaceae,78.34,MAG
BGEO_SAMN07136765_METAG_BLDGGKOF,0,0,0,Archaea-Nitrosopumilaceae,80.98,MAG
HOTS_SAMN07137027_METAG_CPEGOJCG,0,0,0,Archaea-Nitrosopumilaceae,89.36,MAG
HOTS_SAMN07137027_METAG_GJJAMLGM,0,0,0,Archaea-Other,87.76,MAG
TARA_SAMEA2623673_METAG_JFFDJKBM,0,0,0,Alpha-Other,86.86,MAG
TARA_SAMEA2623673_METAG_OAGKCCED,1,1,1,Verrucomicrobiota,92.52,MAG
TARA_SAMEA2623673_METAG_BINCNEMF,0,0,0,Chloroflexota,86.86,MAG
TARA_SAMEA2623673_METAG_MKLLIDAN,0,0,0,Bacteroidota,76.87,MAG
TARA_SAMEA2623673_METAG_GNKBNJIB,0,0,0,Cyano-Syn,78.43,MAG
BGEO_SAMN07136538_METAG_BJMKBGNJ,0,0,0,Archaea-Nitrosopumilaceae,91.18,MAG
TARA_SAMEA2623513_METAG_KLMILHAC,0,0,0,Gamma-Other,91.78,MAG
TARA_SAMEA2623513_METAG_FFOGFDIA,1,1,1,Gamma-Other,93.56,MAG
TARA_SAMEA2623513_METAG_LGBDMIEN,1,1,1,Actinobacteriota,76.96,MAG
TARA_SAMEA2621536_METAG_JKOGBKOH,0,0,0,Bacteroidota,98.38,MAG
TARA_SAMEA2621536_METAG_HLKLHGDE,0,0,0,Bacteroidota,90.54,MAG
TARA_SAMEA2621536_METAG_NFBGDIHG,0,0,0,Bacteroidota,89.3,MAG
TARA_SAMEA2621536_METAG_OOACMHIB,0,0,0,Bacteroidota,87.28,MAG
TARA_SAMEA2622149_METAG_DOFNAPGK,0,0,0,Bacteria-Other,94.88,MAG
TARA_SAMEA2622149_METAG_PPIPNOMF,1,1,1,Verrucomicrobiota,95.82,MAG
TARA_SAMEA2622149_METAG_OJCMJHGM,0,0,0,Planctomycetota,96,MAG
TARA_SAMEA2622149_METAG_MFLCIKLO,0,0,0,Alpha-Other,78.24,MAG
TARA_SAMEA2622149_METAG_HDEPKFIK,0,0,0,Gamma-Other,92.18,MAG
TARA_SAMEA2622149_METAG_HHKLFOPN,0,0,0,SAR324,92,MAG
TARA_SAMEA2622149_METAG_MNCNJGHE,0,0,0,Chloroflexota,90.79,MAG
TARA_SAMEA2622149_METAG_OEDCDKBE,0,0,0,Alpha-Other,85.85,MAG
TARA_SAMEA2622149_METAG_ADGBIJEM,0,0,0,Gamma-Other,82.46,MAG
TARA_SAMEA2622149_METAG_OJOLGCJC,0,0,0,Alpha-Other,80.87,MAG
TARA_SAMEA2622149_METAG_HDELEBOE,0,0,0,Verrucomicrobiota,80.78,MAG
TARA_SAMEA2591057_METAG_IGGGGNIE,0,0,0,Bacteroidota,97.47,MAG
TARA_SAMEA2591057_METAG_AKAGCDIF,0,0,0,Bacteroidota,97.09,MAG
TARA_SAMEA2591057_METAG_PEOJEGGA,0,0,0,Bacteroidota,97.34,MAG
TARA_SAMEA2591057_METAG_BINOMPNJ,0,0,0,Bacteroidota,94.02,MAG
TARA_SAMEA2591057_METAG_MCMGGLIF,0,0,0,Bacteroidota,94.7,MAG
TARA_SAMEA2591057_METAG_LKPMBOAD,0,0,0,Verrucomicrobiota,91.74,MAG
TARA_SAMEA2591057_METAG_MGBAEOCH,0,0,0,Bacteroidota,94.62,MAG
TARA_SAMEA2591057_METAG_BPADKHOK,0,0,0,Alpha-Rhodobacter-LowGC,83.94,MAG
BGEO_SAMN07136757_METAG_ENBNCBGF,0,0,0,Archaea-Nitrosopumilaceae,93.58,MAG
BGEO_SAMN07136534_METAG_IPLHGINJ,0,0,0,Archaea-Nitrosopumilaceae,87.34,MAG
TARA_SAMEA2620828_METAG_JFDLHEAJ,0,0,0,Gamma-Other,82.16,MAG
TARA_SAMEA2620828_METAG_EAOLKDOK,1,1,1,Verrucomicrobiota,90.72,MAG
TARA_SAMEA2620828_METAG_CLKNKJJC,0,0,0,Alpha-Other,81.28,MAG
TARA_SAMEA2620828_METAG_BCJICNCP,0,0,0,Chloroflexota,82.8,MAG
TARA_SAMEA2620828_METAG_BKMNNODP,0,0,0,Verrucomicrobiota,83.16,MAG
BGEO_SAMN07136534_METAG_NHMLMPAN,0,0,0,Archaea-Nitrosopumilaceae,76.46,MAG
TARA_SAMEA2621013_METAG_PFKHDOGF,0,0,0,Bacteroidota,89.46,MAG
TARA_SAMEA2620000_METAG_FMIIHIAE,0,0,0,Alpha-Rhodobacter-LowGC,78.08,MAG
TARA_SAMEA2622021_METAG_GAIBBCMN,0,0,0,Chloroflexota,85.48,MAG
TARA_SAMEA2622021_METAG_DHAFGLBP,0,0,0,Chloroflexota,85.82,MAG
HOTS_SAMN07137033_METAG_NAGMKJAL,0,0,0,Archaea-Nitrosopumilaceae,91.81,MAG
TARA_SAMEA2622021_METAG_AFNAJJPE,0,0,0,Bacteroidota,86.92,MAG
TARA_SAMEA2622021_METAG_DDHLCEEJ,0,0,0,Bacteroidota,75.24,MAG
TARA_SAMEA2622021_METAG_FLDLPNLN,0,0,0,Bacteroidota,80.52,MAG
TARA_SAMEA2623370_METAG_KLNICJAN,0,0,0,Alpha-Rhodobacter-LowGC,90.91,MAG
TARA_SAMEA2623370_METAG_GCGHOEML,0,0,0,Chloroflexota,81.68,MAG
BGEO_SAMN07136651_METAG_JBBHFFAB,0,0,0,Archaea-Nitrosopumilaceae,84.51,MAG
TARA_SAMEA2623370_METAG_NGEMMDMO,0,0,0,Gamma-Other,80.92,MAG
TARA_SAMEA2623370_METAG_JKIIMHIM,0,0,0,Bacteroidota,81.5,MAG
TARA_SAMEA2623155_METAG_BCDENEPD,0,0,0,Gamma-Other,97.56,MAG
TARA_SAMEA2623155_METAG_ICBPOCCO,0,0,0,Planctomycetota,88.88,MAG
TARA_SAMEA2623155_METAG_BBFLMBNH,0,0,0,Chloroflexota,85.52,MAG
TARA_SAMEA2623155_METAG_KCBLJDMI,0,0,0,Chloroflexota,85.52,MAG
TARA_SAMEA2623155_METAG_IACCCKAB,0,0,0,Alpha-Other,84.6,MAG
TARA_SAMEA2623155_METAG_KFKNLCLE,1,1,1,Verrucomicrobiota,84.25,MAG
TARA_SAMEA2623155_METAG_BPKNMEEO,1,1,1,Actinobacteriota,75.5,MAG
TARA_SAMEA2623155_METAG_GHOKJAJK,0,0,0,Alpha-Other,83.96,MAG
TARA_SAMEA2619818_METAG_NFEOAGHJ,0,0,0,Dadabacteria,90.96,MAG
HOTS_SAMN07137054_METAG_IOKFPKLC,0,0,0,Archaea-Nitrosopumilaceae,87.22,MAG
HOTS_SAMN07137054_METAG_OGKLLEDF,0,0,0,Archaea-Nitrosopumilaceae,81.07,MAG
TARA_SAMEA2591122_METAG_JLACPMFN,0,0,0,Bacteroidota,97.1,MAG
TARA_SAMEA2591122_METAG_ABCJNOCC,0,0,0,Gamma-Other,96.68,MAG
TARA_SAMEA2591122_METAG_NIJIDBCO,0,0,0,Bacteroidota,96.3,MAG
TARA_SAMEA2591122_METAG_EBGCNHIB,0,0,0,Bacteroidota,94.19,MAG
TARA_SAMEA2591122_METAG_AIFDONOC,0,0,0,Bacteroidota,93.1,MAG
TARA_SAMEA2591122_METAG_DCEMABAA,0,0,0,Bacteroidota,92.72,MAG
TARA_SAMEA2591122_METAG_JACCAKIN,0,0,0,Alpha-Other,94.39,MAG
TARA_SAMEA2591122_METAG_DAOOLAJL,0,0,0,Bacteroidota,92.5,MAG
TARA_SAMEA2591122_METAG_KPBOCDFD,0,0,0,Gamma-Other,91.12,MAG
TARA_SAMEA2591122_METAG_DFNODCEO,0,0,0,Cyano-Pro,89.16,MAG
TARA_SAMEA2591122_METAG_MOEPNHGP,0,0,0,Bacteroidota,89.06,MAG
TARA_SAMEA2591122_METAG_OMCLAMON,0,0,0,Bacteroidota,89.15,MAG
TARA_SAMEA2591122_METAG_MFDOAHLC,0,0,0,Bacteroidota,85.63,MAG
TARA_SAMEA2591122_METAG_BNKOMGJI,0,0,0,Bacteroidota,83.22,MAG
TARA_SAMEA2591122_METAG_NJOGHIPL,0,0,0,Bacteroidota,86.34,MAG
TARA_SAMEA2591122_METAG_MLOLBKPC,0,0,0,Bacteroidota,84.8,MAG
TARA_SAMEA2591122_METAG_PJGLMDOG,0,0,0,Bacteroidota,81.43,MAG
TARA_SAMEA2591122_METAG_AONFOMCM,0,0,0,Gamma-SAR86,78.17,MAG
TARA_SAMEA2591122_METAG_ALCIOPEM,0,0,0,Gamma-SAR86,75.6,MAG
TARA_SAMEA2620666_METAG_PFOELOEF,1,1,1,Bacteroidota,94.29,MAG
TARA_SAMEA2620666_METAG_DJEECFIE,0,0,0,Gamma-Other,87.77,MAG
TARA_SAMEA2620666_METAG_NFHNEBDA,0,0,0,Chloroflexota,92.32,MAG
TARA_SAMEA2620666_METAG_EKDBEFOM,0,0,0,Alpha-Other,80.12,MAG
TARA_SAMEA2620666_METAG_KAIBCOKB,0,0,0,Alpha-Other,77.88,MAG
TARA_SAMEA2620666_METAG_EEJFPAAF,0,0,0,Alpha-Other,89.92,MAG
TARA_SAMEA2620666_METAG_JCIAKNNO,0,0,0,Acidobacteriota,87.98,MAG
TARA_SAMEA2623135_METAG_BLHAGEJF,0,0,0,Bacteroidota,95.65,MAG
TARA_SAMEA2623135_METAG_CHDCOBLE,0,0,0,Bacteroidota,95.47,MAG
TARA_SAMEA2623135_METAG_CCIOMPGB,1,1,1,Gamma-Other,96.48,MAG
TARA_SAMEA2623135_METAG_ADGGMOOG,0,0,0,Actinobacteriota,94.22,MAG
TARA_SAMEA2623135_METAG_DMAKCFGH,0,0,0,Gamma-Other,87.04,MAG
TARA_SAMEA2623135_METAG_CCPNFJFB,0,0,0,Chloroflexota,83.26,MAG
TARA_SAMEA2623135_METAG_FCGJFHFB,1,1,1,Bacteria-Other,85.6,MAG
BATS_SAMN07137122_METAG_PIGBONJI,0,0,0,Archaea-Nitrosopumilaceae,83.18,MAG
TARA_SAMEA2619678_METAG_NNGPIMJC,0,0,0,Gamma-Other,96.01,MAG
TARA_SAMEA2619678_METAG_DNDPOLEG,0,0,0,Bacteroidota,92.94,MAG
TARA_SAMEA2619678_METAG_EGONJEND,0,0,0,Cyano-Pro,91.92,MAG
TARA_SAMEA2619678_METAG_DBNEMIFH,0,0,0,Bacteroidota,79.76,MAG
TARA_SAMEA2619678_METAG_MIHMOMNO,0,0,0,Actinobacteriota,93.38,MAG
TARA_SAMEA2619678_METAG_HAFOEEPP,0,0,0,Alpha-Other,91.53,MAG
TARA_SAMEA2619678_METAG_OFOFDBBD,0,0,0,Chloroflexota,89.72,MAG
TARA_SAMEA2619678_METAG_BHBDKHOM,0,0,0,Chloroflexota,87.42,MAG
TARA_SAMEA2619678_METAG_IAICCJCP,0,0,0,Gamma-Other,80.41,MAG
BGEO_SAMN07136588_METAG_NNEDLIJA,0,0,0,Archaea-Nitrosopumilaceae,89.5,MAG
TARA_SAMEA2622568_METAG_OJGICAHN,0,0,0,Bacteroidota,96.9,MAG
TARA_SAMEA2622568_METAG_LGLMKAPC,1,1,1,Bacteroidota,96.4,MAG
TARA_SAMEA2622568_METAG_BPPNHJOF,0,0,0,Chloroflexota,91.96,MAG
TARA_SAMEA2622568_METAG_FCKIENHL,0,0,0,Alpha-Other,86.78,MAG
TARA_SAMEA2622568_METAG_NJHJPNCI,0,0,0,Chloroflexota,84.01,MAG
TARA_SAMEA2620672_METAG_IDAGHDOP,0,0,0,Chloroflexota,87.18,MAG
TARA_SAMEA2620672_METAG_LJKMLKJH,1,1,1,Planctomycetota,80.84,MAG
BGEO_SAMN07136588_METAG_BNNDBMON,0,0,0,Archaea-Nitrosopumilaceae,82.04,MAG
TARA_SAMEA2621423_METAG_ACNBNNHJ,1,1,1,Gamma-Alteromonas,99.28,MAG
TARA_SAMEA2621423_METAG_CNBMDABJ,0,0,0,Bacteroidota,98.34,MAG
TARA_SAMEA2621423_METAG_DPEEHHFC,0,0,0,Bacteroidota,79.44,MAG
TARA_SAMEA2621423_METAG_AKLMKNDJ,0,0,0,Bacteroidota,84.91,MAG
TARA_SAMEA2621423_METAG_JEMLBHKJ,0,0,0,Bacteroidota,94.63,MAG
TARA_SAMEA2621423_METAG_MDBMBIPE,0,0,0,Alpha-Rhodobacter-LowGC,88.38,MAG
TARA_SAMEA2621423_METAG_PHJFJMHP,0,0,0,Bacteroidota,83.89,MAG
TARA_SAMEA2620404_METAG_JFDHOAMA,0,0,0,Verrucomicrobiota,96.65,MAG
TARA_SAMEA2620404_METAG_DNCIBKFO,0,0,0,Bacteroidota,87,MAG
TARA_SAMEA2620404_METAG_CDADPFDA,0,0,0,Gamma-Other,75.94,MAG
TARA_SAMEA2620404_METAG_FOGKFBDF,0,0,0,Dadabacteria,90.49,MAG
TARA_SAMEA2620404_METAG_PMPDIDLI,0,0,0,Alpha-Other,78.15,MAG
TARA_SAMEA2619376_METAG_EJDLPCAL,0,0,0,Bacteroidota,96.33,MAG
TARA_SAMEA2619376_METAG_LNBLPGBK,0,0,0,Alpha-Puniceispirilla,92.02,MAG
TARA_SAMEA2619376_METAG_DEPNNCBB,0,0,0,Bacteroidota,91.1,MAG
TARA_SAMEA2619376_METAG_DKCCJNCJ,0,0,0,Bacteroidota,78.62,MAG
TARA_SAMEA2619376_METAG_AMLKGJKI,0,0,0,Alpha-Other,88.51,MAG
TARA_SAMEA2619376_METAG_LJHMPGGH,0,0,0,Gamma-Other,83.12,MAG
TARA_SAMEA2619376_METAG_EJLCHKPM,0,0,0,Bacteroidota,78.32,MAG
TARA_SAMEA2619376_METAG_ODKGKEGD,0,0,0,Bacteroidota,82.34,MAG
TARA_SAMEA2619376_METAG_HEONKEKF,0,0,0,Gamma-Other,81.91,MAG
TARA_SAMEA2619376_METAG_GLFPPHFK,0,0,0,Bacteroidota,77.38,MAG
TARA_SAMEA2619376_METAG_EPECHACJ,0,0,0,Gamma-SAR86,76.5,MAG
TARA_SAMEA2620995_METAG_GKHLPHOP,0,0,0,Gamma-Other,99.19,MAG
TARA_SAMEA2620995_METAG_JKMPJHIP,0,0,0,Acidobacteriota,88.5,MAG
TARA_SAMEA2620995_METAG_AFJGNOOA,0,0,0,Chloroflexota,78.63,MAG
TARA_SAMEA2620995_METAG_PEAOOKCE,1,1,1,Alpha-Other,80.14,MAG
TARA_SAMEA2620995_METAG_DDDFBMMP,0,0,0,SAR324,80.16,MAG
TARA_SAMEA2623116_METAG_HIAOIBEN,0,0,0,Bacteroidota,97.82,MAG
TARA_SAMEA2623116_METAG_MOMOJFAF,0,0,0,Actinobacteriota,94.96,MAG
TARA_SAMEA2623116_METAG_ADFLKBGD,0,0,0,Bacteroidota,91.62,MAG
TARA_SAMEA2623116_METAG_CMAFIAIE,0,0,0,Bacteroidota,89.44,MAG
TARA_SAMEA2623116_METAG_GBAGDOMD,0,0,0,Gamma-Other,90.83,MAG
TARA_SAMEA2623116_METAG_GFHKPCNN,0,0,0,Verrucomicrobiota,87.82,MAG
TARA_SAMEA2623116_METAG_BHDMLDOE,0,0,0,Bacteroidota,91.29,MAG
TARA_SAMEA2623116_METAG_OLLEDBHG,0,0,0,Verrucomicrobiota,78.41,MAG
BGEO_SAMN07136565_METAG_ONJNCDAO,0,0,0,Archaea-Nitrosopumilaceae,83.17,MAG
TARA_SAMEA2623116_METAG_EJLFIEKH,0,0,0,Gamma-Other,85.48,MAG
TARA_SAMEA2623116_METAG_DGPHOOJK,0,0,0,Bacteroidota,80.02,MAG
TARA_SAMEA2623116_METAG_LHNGFBNP,0,0,0,Bacteroidota,81.26,MAG
TARA_SAMEA2623116_METAG_CGILLJFC,0,0,0,Bacteroidota,75.92,MAG
TARA_SAMEA2623116_METAG_NJANHPLD,0,0,0,Bacteroidota,80.57,MAG
TARA_SAMEA2621509_METAG_JHMHGPDJ,0,0,0,Bacteroidota,89.46,MAG
TARA_SAMEA2621509_METAG_PGNMBADH,0,0,0,Bacteroidota,76.35,MAG
TARA_SAMEA2622478_METAG_JEKHKINF,0,0,0,Chloroflexota,89.76,MAG
TARA_SAMEA2622478_METAG_GEJFNDBB,0,0,0,Verrucomicrobiota,84.07,MAG
BGEO_SAMN07136565_METAG_KFAKCHFN,0,0,0,Archaea-Nitrosopumilaceae,75.8,MAG
TARA_SAMEA2622478_METAG_DHEIHHLG,0,0,0,Bacteroidota,83.37,MAG
TARA_SAMEA2622478_METAG_CAGCBFPE,0,0,0,Gamma-Other,83.78,MAG
TARA_SAMEA2622478_METAG_NPMIADCB,0,0,0,Cyano-Other,77.74,MAG
TARA_SAMEA2619667_METAG_CCJFNDGF,0,0,0,Gamma-Other,96.06,MAG
TARA_SAMEA2619667_METAG_AAFDDJJN,0,0,0,Gamma-Other,96.45,MAG
TARA_SAMEA2619667_METAG_OGKNGEBE,0,0,0,Actinobacteriota,92.7,MAG
TARA_SAMEA2619667_METAG_HPEPKBMJ,0,0,0,Bacteroidota,92.3,MAG
TARA_SAMEA2619667_METAG_MPIDEDDA,0,0,0,Bacteroidota,86.58,MAG
TARA_SAMEA2619667_METAG_DEIPFFJN,0,0,0,Actinobacteriota,90.51,MAG
TARA_SAMEA2619667_METAG_PPNBBICF,0,0,0,Bacteroidota,77.4,MAG
TARA_SAMEA2619667_METAG_NMCHKPKC,0,0,0,Chloroflexota,88.61,MAG
TARA_SAMEA2619667_METAG_EPAHHIOL,0,0,0,Chloroflexota,87.56,MAG
TARA_SAMEA2619667_METAG_OKKFJJFG,0,0,0,Bacteroidota,87.97,MAG
TARA_SAMEA2619667_METAG_BJKMIHJM,0,0,0,Bacteroidota,77,MAG
BGEO_SAMN07136575_METAG_NFICMOKD,0,0,0,Archaea-Nitrosopumilaceae,76.87,MAG
TARA_SAMEA2623446_METAG_KFGDJNOD,0,0,0,Bacteria-Other,94.51,MAG
TARA_SAMEA2623446_METAG_ICCHMOAE,0,0,0,Gamma-Other,82.08,MAG
TARA_SAMEA2623446_METAG_LJNKBIDP,0,0,0,Dadabacteria,89.56,MAG
TARA_SAMEA2623446_METAG_JEDKLFLN,0,0,0,Alpha-Rhodobacter-LowGC,77.71,MAG
TARA_SAMEA2623446_METAG_GHAMCOMH,0,0,0,Alpha-Other,77.28,MAG
TARA_SAMEA2623446_METAG_JJNIHFHB,0,0,0,Bacteroidota,77.2,MAG
TARA_SAMEA2623446_METAG_FIACOFOK,0,0,0,Bacteroidota,81.62,MAG
TARA_SAMEA2621155_METAG_NPAOPFHE,0,0,0,Verrucomicrobiota,93,MAG
TARA_SAMEA2621155_METAG_DHNNNKED,0,0,0,Chloroflexota,92.5,MAG
TARA_SAMEA2621155_METAG_PABHPDHH,0,0,0,Chloroflexota,82.2,MAG
TARA_SAMEA2623488_METAG_NMFLJHAP,0,0,0,Planctomycetota,94.73,MAG
TARA_SAMEA2623488_METAG_DJBJPDED,0,0,0,Actinobacteriota,93.84,MAG
TARA_SAMEA2623488_METAG_MNDCDHOL,0,0,0,Planctomycetota,93.56,MAG
TARA_SAMEA2623488_METAG_GFMPDKFO,0,0,0,Chloroflexota,92.12,MAG
BGEO_SAMN07136589_METAG_EKPIADME,0,0,0,Archaea-Nitrosopumilaceae,76.33,MAG
TARA_SAMEA2623488_METAG_MMDELAPL,0,0,0,Alpha-Other,83.4,MAG
TARA_SAMEA2623488_METAG_OKEAOJKJ,0,0,0,Chloroflexota,75.17,MAG
TARA_SAMEA4397278_METAG_LGLJBLKD,0,0,0,Bacteroidota,97.3,MAG
TARA_SAMEA4397278_METAG_GGGBEGLA,0,0,0,Bacteroidota,97.3,MAG
TARA_SAMEA4397278_METAG_HAHMEGHH,0,0,0,Bacteroidota,94.02,MAG
TARA_SAMEA4397278_METAG_GCOKNHEN,0,0,0,Alpha-Rhodobacter,96.27,MAG
TARA_SAMEA4397278_METAG_IPKPHEIJ,0,0,0,Gamma-SAR92,81.7,MAG
TARA_SAMEA4397278_METAG_OINNMNIG,0,0,0,Gamma-Other,88.29,MAG
TARA_SAMEA4397278_METAG_OEEGOFGB,0,0,0,Alpha-Rhodobacter-LowGC,92.53,MAG
TARA_SAMEA4397278_METAG_LLHHIKOM,0,0,0,Gamma-Other,91.5,MAG
TARA_SAMEA4397278_METAG_FKLMIFLJ,0,0,0,Bacteroidota,89.43,MAG
TARA_SAMEA4397278_METAG_HMPOCABJ,0,0,0,Alpha-Rhodobacter-LowGC,79.11,MAG
TARA_SAMEA4397278_METAG_PNPCNKEO,0,0,0,Bacteroidota,76.66,MAG
TARA_SAMEA4397278_METAG_BJFJNANH,0,0,0,Bacteroidota,78.74,MAG
TARA_SAMEA2621401_METAG_PBJKAHMH,0,0,0,Bacteroidota,86.98,MAG
TARA_SAMEA2621401_METAG_MDDNCBON,0,0,0,Alpha-Rhodobacter-LowGC,88.85,MAG
TARA_SAMEA2621401_METAG_LHEHBDLJ,0,0,0,Bacteroidota,76.44,MAG
TARA_SAMEA2621401_METAG_ANKHPPCD,0,0,0,Bacteroidota,83.42,MAG
TARA_SAMEA2622710_METAG_PPICDKPB,0,0,0,Chloroflexota,89.06,MAG
TARA_SAMEA2622710_METAG_JADFKMIE,0,0,0,Verrucomicrobiota,92.44,MAG
TARA_SAMEA2622710_METAG_FCMIAGAJ,0,0,0,Bacteroidota,92.53,MAG
TARA_SAMEA2622710_METAG_OENBPFBA,0,0,0,Cyano-Syn,79.75,MAG
TARA_SAMEA2622710_METAG_MPIJGIBI,1,1,1,Bacteria-Other,76.04,MAG
TARA_SAMEA2622362_METAG_BHMJKIII,1,1,1,Bacteroidota,96.99,MAG
TARA_SAMEA2622362_METAG_KLGELGDE,0,0,0,Bacteroidota,79.41,MAG
TARA_SAMEA2622362_METAG_JIHFNBMF,0,0,0,SAR324,82.46,MAG
TARA_SAMEA2622362_METAG_JIKJKMMJ,0,0,0,Gamma-Other,84.14,MAG
TARA_SAMEA2623079_METAG_IBPLLJMM,0,0,0,Bacteroidota,92.5,MAG
TARA_SAMEA2623079_METAG_EBBOFHII,0,0,0,Verrucomicrobiota,94.97,MAG
TARA_SAMEA2623079_METAG_LJMEBJPH,0,0,0,Bacteroidota,86.19,MAG
TARA_SAMEA2623079_METAG_EHHFBLJK,0,0,0,Chloroflexota,87.92,MAG
TARA_SAMEA2623079_METAG_IPCGPNCC,0,0,0,Chloroflexota,88.26,MAG
TARA_SAMEA2623079_METAG_OLJKFBJK,0,0,0,Chloroflexota,88.5,MAG
TARA_SAMEA2623079_METAG_JOCGEIFB,0,0,0,Cyano-Pro,77.88,MAG
HOTS_SAMN07137006_METAG_NINFJJBE,0,0,0,Archaea-Nitrosopumilaceae,89.74,MAG
HOTS_SAMN07137006_METAG_EOILPADM,0,0,0,Archaea-Nitrosopumilaceae,81.63,MAG
TARA_SAMEA2621232_METAG_NDILCKEH,0,0,0,Gamma-Other,92.18,MAG
TARA_SAMEA2621232_METAG_FLEHNMGF,1,1,1,Actinobacteriota,97.19,MAG
TARA_SAMEA2621232_METAG_FIFLKHND,0,0,0,Bacteria-Other,98.3,MAG
TARA_SAMEA2621232_METAG_IPHLIONH,0,0,0,Chloroflexota,91.56,MAG
TARA_SAMEA2621232_METAG_NJLGNJEH,0,0,0,Alpha-Other,92.18,MAG
TARA_SAMEA2621232_METAG_PPFEAGDP,0,0,0,SAR324,85.79,MAG
TARA_SAMEA2621232_METAG_NMAMFLCK,0,0,0,Planctomycetota,80.14,MAG
TARA_SAMEA2622173_METAG_LFCELLDB,0,0,0,Bacteroidota,80.64,MAG
TARA_SAMEA2622173_METAG_LGCABMKK,0,0,0,Bacteroidota,82.86,MAG
TARA_SAMEA2622173_METAG_MLPMPBJE,1,1,1,Verrucomicrobiota,85.56,MAG
TARA_SAMEA2622173_METAG_CLIOHNPN,0,0,0,Bacteroidota,76.14,MAG
TARA_SAMEA2622173_METAG_NKAJEIPF,0,0,0,Bacteroidota,80.14,MAG
TARA_SAMEA2622173_METAG_MBHCFFAC,0,0,0,Verrucomicrobiota,78.85,MAG
TARA_SAMEA2623390_METAG_PJGJFDLE,0,0,0,Gamma-Other,96.64,MAG
TARA_SAMEA2623390_METAG_EOCDHIGK,0,0,0,Chloroflexota,93.36,MAG
TARA_SAMEA2623390_METAG_ILEABHBD,0,0,0,Gamma-Other,94.12,MAG
TARA_SAMEA2623390_METAG_NBPBHNAJ,0,0,0,Alpha-Other,91.22,MAG
TARA_SAMEA2623390_METAG_OONCEHDB,0,0,0,Alpha-Other,92.59,MAG
TARA_SAMEA2623390_METAG_AJFFPIIB,0,0,0,Gamma-Other,95.06,MAG
TARA_SAMEA2623390_METAG_LDEBDOEH,1,1,1,Gamma-Alteromonas,78.43,MAG
TARA_SAMEA2623693_METAG_OLBFIODE,0,0,0,Alpha-Other,89.12,MAG
TARA_SAMEA2623693_METAG_MEFDFGPN,1,1,1,Actinobacteriota,86.2,MAG
TARA_SAMEA2623693_METAG_GGJGIIOG,0,0,0,Bacteroidota,78.49,MAG
TARA_SAMEA2620081_METAG_IKMDOJLD,0,0,0,Alpha-Other,98.16,MAG
TARA_SAMEA2620081_METAG_CGDDMMPH,0,0,0,Actinobacteriota,93.62,MAG
TARA_SAMEA2620081_METAG_OGNNFGIH,0,0,0,Verrucomicrobiota,86.8,MAG
TARA_SAMEA2620081_METAG_LAEPGECB,0,0,0,Alpha-Rhodobacter-LowGC,75.89,MAG
TARA_SAMEA2620081_METAG_ANFGNBLI,0,0,0,Chloroflexota,79.04,MAG
HOTS_SAMN07137015_METAG_MDHLBJDD,0,0,0,Archaea-Nitrosopumilaceae,89.8,MAG
TARA_SAMEA2619970_METAG_HDEILBHO,0,0,0,Acidobacteriota,98,MAG
TARA_SAMEA2619970_METAG_KLAFEPAG,0,0,0,Bacteria-Other,96.61,MAG
BATS_SAMN07137092_METAG_CHCDBIHE,0,0,0,Archaea-Nitrosopumilaceae,76.34,MAG
TARA_SAMEA2619970_METAG_PCHCNKFO,0,0,0,Gamma-Other,88.74,MAG
TARA_SAMEA2619970_METAG_CKKFJICA,0,0,0,Gamma-Other,89.72,MAG
TARA_SAMEA2619970_METAG_GPPOLLDG,0,0,0,Chloroflexota,86.06,MAG
TARA_SAMEA2619970_METAG_NLEBHLFA,0,0,0,Chloroflexota,86.85,MAG
TARA_SAMEA2619970_METAG_ACENMCNE,0,0,0,Alpha-Other,86.14,MAG
TARA_SAMEA2619970_METAG_PKFHHDLF,0,0,0,Alpha-Other,76.16,MAG
TARA_SAMEA2619970_METAG_FKFPFEBP,0,0,0,Bacteria-Other,82.42,MAG
BGEO_SAMN07136504_METAG_NCCEDIOM,0,0,0,Archaea-Nitrosopumilaceae,89.63,MAG
TARA_SAMEA2620339_METAG_JDJMPEKP,0,0,0,Bacteroidota,88.34,MAG
TARA_SAMEA2620339_METAG_PPMILIBL,0,0,0,Gamma-Other,82.59,MAG
TARA_SAMEA2591084_METAG_JDPAJMHA,0,0,0,Bacteroidota,96.69,MAG
TARA_SAMEA2591084_METAG_ODCPMFCD,0,0,0,Alpha-Puniceispirilla,97.15,MAG
TARA_SAMEA2591084_METAG_BBJDMAAB,0,0,0,Gamma-Other,96.37,MAG
TARA_SAMEA2591084_METAG_BKKLBNDL,0,0,0,Alpha-Puniceispirilla,93.69,MAG
TARA_SAMEA2591084_METAG_IOMDBCKN,0,0,0,Bacteroidota,90.54,MAG
TARA_SAMEA2620021_METAG_BHINDLLH,0,0,0,Chloroflexota,89.14,MAG
TARA_SAMEA2620021_METAG_DFDOHHJB,0,0,0,Cyano-Pro,82.68,MAG
TARA_SAMEA2620021_METAG_ONOGOLGO,0,0,0,Alpha-Rhodobacter-LowGC,78.71,MAG
BATS_SAMN07137073_METAG_LPHCDAGP,0,0,0,Archaea-Nitrosopumilaceae,81.83,MAG
TARA_SAMEA2591098_METAG_FINHBNHO,0,0,0,Alpha-Puniceispirilla,98.44,MAG
TARA_SAMEA2591098_METAG_MBMKDMEL,0,0,0,Gamma-Other,96.01,MAG
TARA_SAMEA2591098_METAG_LNIEDDNG,1,1,1,Planctomycetota,92.38,MAG
TARA_SAMEA2591098_METAG_MCOINHPN,0,0,0,Gamma-Other,91.26,MAG
TARA_SAMEA2591098_METAG_PGKKNBEH,0,0,0,Cyano-Pro,90.34,MAG
TARA_SAMEA2591098_METAG_GGHPALCI,0,0,0,Cyano-Syn,79.93,MAG
TARA_SAMEA2620882_METAG_NKPLBILF,1,1,1,Gamma-Other,78.1,MAG
TARA_SAMEA2620882_METAG_JAIBFADI,0,0,0,Chloroflexota,88.2,MAG
TARA_SAMEA2620882_METAG_GIADANDN,0,0,0,Alpha-Other,82.25,MAG
TARA_SAMEA2620882_METAG_OFDHOJOD,0,0,0,Alpha-Other,79.04,MAG
TARA_SAMEA2620882_METAG_JKHEPANI,0,0,0,Gamma-SAR86,77.78,MAG
TARA_SAMEA2621487_METAG_HMPOEMOI,0,0,0,Bacteroidota,96.9,MAG
TARA_SAMEA2621487_METAG_GNAKFDDL,0,0,0,Alpha-Other,97.8,MAG
TARA_SAMEA2621487_METAG_HHLJOOKI,0,0,0,Bacteroidota,96.36,MAG
TARA_SAMEA2621487_METAG_LHCPKHOF,0,0,0,Bacteroidota,94.88,MAG
TARA_SAMEA2621487_METAG_NGKNKFIP,0,0,0,Gamma-Other,96.06,MAG
TARA_SAMEA2621487_METAG_EKLPIHDJ,0,0,0,Bacteroidota,88.27,MAG
TARA_SAMEA2621487_METAG_FENKCCGI,0,0,0,Gamma-Other,76.44,MAG
TARA_SAMEA2621487_METAG_GMPAMBEI,0,0,0,Alpha-Rhodobacter-LowGC,76.15,MAG
TARA_SAMEA2620194_METAG_MMCFEHNI,0,0,0,Alpha-Other,95.58,MAG
TARA_SAMEA2620194_METAG_FFNLOIOL,0,0,0,Alpha-Puniceispirilla,87.7,MAG
TARA_SAMEA2620194_METAG_LHCAPAHA,0,0,0,Actinobacteriota,85.05,MAG
HOTS_SAMN07137030_METAG_AEOCKOKA,0,0,0,Archaea-Other,92.57,MAG
HOTS_SAMN07137030_METAG_GEADLAOD,0,0,0,Archaea-Nitrosopumilaceae,86.44,MAG
BGEO_SAMN07136649_METAG_DJHHIBJB,0,0,0,Archaea-Nitrosopumilaceae,90.56,MAG
TARA_SAMEA2622673_METAG_KKADCHLP,0,0,0,Alpha-Other,98.98,MAG
TARA_SAMEA2622673_METAG_DIPODJBH,1,1,1,Bacteroidota,88.32,MAG
TARA_SAMEA2622673_METAG_IFDBFHEM,0,0,0,Gemmatimonadota,93.48,MAG
TARA_SAMEA2622673_METAG_EEJGFDOK,1,1,1,Gamma-Other,78.9,MAG
TARA_SAMEA2622673_METAG_GFJDEOCL,1,1,1,Alpha-Other,87.16,MAG
TARA_SAMEA2622673_METAG_LBCDKIFK,0,0,0,Alpha-Other,83.2,MAG
TARA_SAMEA2619548_METAG_AACJKCCP,0,0,0,Bacteroidota,94.67,MAG
TARA_SAMEA2619548_METAG_EBJNGIHK,0,0,0,Alpha-Other,96.13,MAG
TARA_SAMEA2619548_METAG_GKNMECPN,0,0,0,Actinobacteriota,91.48,MAG
TARA_SAMEA2619548_METAG_NMGAELCI,0,0,0,Bacteroidota,90.43,MAG
TARA_SAMEA2619548_METAG_ABDAHGFN,0,0,0,Alpha-Rhodobacter-LowGC,82.1,MAG
TARA_SAMEA2619548_METAG_HHJEGAGM,0,0,0,Chloroflexota,89.72,MAG
TARA_SAMEA2619548_METAG_LJLHFIFC,0,0,0,Chloroflexota,87.53,MAG
TARA_SAMEA2619548_METAG_GDBBJEOF,0,0,0,Bacteroidota,85.36,MAG
BATS_SAMN07137116_METAG_MANDHBMJ,0,0,0,Archaea-Nitrosopumilaceae,88.93,MAG
BGEO_SAMN07136919_METAG_IPGJBBKN,0,0,0,Archaea-Nitrosopumilaceae,89.54,MAG
TARA_SAMEA2619548_METAG_AKAHGDMD,0,0,0,Gamma-Other,84.02,MAG
BGEO_SAMN07136511_METAG_BNHMELGK,0,0,0,Archaea-Nitrosopumilaceae,81.06,MAG
TARA_SAMEA2619548_METAG_CDKHIPDB,0,0,0,SAR324,87.01,MAG
TARA_SAMEA2619548_METAG_MJHDIDLM,0,0,0,Bacteroidota,83.85,MAG
BGEO_SAMN07136532_METAG_OBEPMGGG,0,0,0,Archaea-Nitrosopumilaceae,86.46,MAG
BGEO_SAMN07136532_METAG_CPBKMAPB,0,0,0,Archaea-Nitrosopumilaceae,86.43,MAG
BGEO_SAMN07136564_METAG_LAIBDMMC,0,0,0,Archaea-Nitrosopumilaceae,86.66,MAG
TARA_SAMEA2621551_METAG_LLHBCIDA,0,0,0,Bacteria-Other,97.62,MAG
TARA_SAMEA2621551_METAG_HNMBPJJF,0,0,0,Planctomycetota,96.59,MAG
TARA_SAMEA2621551_METAG_BCOOPLHK,0,0,0,Gemmatimonadota,95.08,MAG
TARA_SAMEA2621551_METAG_MMPJBINL,1,1,1,Bacteroidota,95.15,MAG
TARA_SAMEA2621551_METAG_IABJEDGB,0,0,0,Actinobacteriota,91.48,MAG
TARA_SAMEA2621551_METAG_FEMOOLBM,0,0,0,Chloroflexota,90.77,MAG
TARA_SAMEA2621551_METAG_JDDFLPDH,1,1,1,Verrucomicrobiota,86.14,MAG
TARA_SAMEA2621551_METAG_EHLECDOF,0,0,0,SAR324,81.78,MAG
TARA_SAMEA2621551_METAG_IGHLEOJG,0,0,0,Planctomycetota,78.68,MAG
TARA_SAMEA2622336_METAG_IANBPKNL,1,1,1,Gamma-Alteromonas,99.47,MAG
TARA_SAMEA2622336_METAG_HMCDOBEJ,0,0,0,Chloroflexota,81.91,MAG
TARA_SAMEA2622336_METAG_FDPKPOFD,1,1,1,Verrucomicrobiota,75.99,MAG
TARA_SAMEA2623627_METAG_LMDGMDIC,0,0,0,Bacteroidota,94.38,MAG
TARA_SAMEA2623627_METAG_HFKAGMMI,0,0,0,Actinobacteriota,90.68,MAG
TARA_SAMEA2623627_METAG_DKLMFFJC,0,0,0,Bacteroidota,92.02,MAG
TARA_SAMEA2623627_METAG_IHPHFGPL,0,0,0,Alpha-Other,90.43,MAG
BGEO_SAMN07136564_METAG_LMFNPDPE,0,0,0,Archaea-Nitrosopumilaceae,81.06,MAG
BGEO_SAMN07136564_METAG_ALPBBDIM,0,0,0,Archaea-Nitrosopumilaceae,76.03,MAG
TARA_SAMEA2623627_METAG_EHICIALP,0,0,0,Alpha-Rhodobacter-LowGC,76.64,MAG
BGEO_SAMN07136552_METAG_GALLIPDN,0,0,0,Archaea-Nitrosopumilaceae,88.91,MAG
BGEO_SAMN07136555_METAG_AJNGOIDF,0,0,0,Archaea-Nitrosopumilaceae,82.04,MAG
BGEO_SAMN07136566_METAG_JDMLFELK,0,0,0,Archaea-Nitrosopumilaceae,81.24,MAG
BGEO_SAMN07136566_METAG_ICKGNEDO,0,0,0,Archaea-Nitrosopumilaceae,76.81,MAG
TARA_SAMEA2623808_METAG_GBLGMGHE,0,0,0,Bacteroidota,91.13,MAG
TARA_SAMEA2623808_METAG_BHIFPBNF,1,1,1,Planctomycetota,84.66,MAG
BGEO_SAMN07136881_METAG_FHMLIAJM,0,0,0,Archaea-Nitrosopumilaceae,93.2,MAG
TARA_SAMEA2623808_METAG_OADJBDML,0,0,0,Bacteroidota,77.96,MAG
TARA_SAMEA2620929_METAG_KIKDIIDE,0,0,0,Bacteroidota,83.13,MAG
TARA_SAMEA2620230_METAG_BADLACGD,1,1,1,Actinobacteriota,80.7,MAG
TARA_SAMEA2620230_METAG_PFGIDDIC,0,0,0,Actinobacteriota,90.02,MAG
TARA_SAMEA2620230_METAG_PDDKHIPH,0,0,0,Alpha-Other,81.96,MAG
TARA_SAMEA2620230_METAG_HMHBGFAL,0,0,0,Verrucomicrobiota,80.79,MAG
TARA_SAMEA2620230_METAG_HPHKGCJN,0,0,0,SAR324,86.25,MAG
BGEO_SAMN07136646_METAG_MFNPHCFF,0,0,0,Archaea-Nitrosopumilaceae,89.5,MAG
HOTS_SAMN07137020_METAG_GKHKFLPP,0,0,0,Archaea-Nitrosopumilaceae,92.35,MAG
TARA_SAMEA2622119_METAG_CANOOOHB,0,0,0,Bacteroidota,99.28,MAG
TARA_SAMEA2622119_METAG_DKGGHKAK,0,0,0,Gamma-Other,92.66,MAG
BATS_SAMN07137069_METAG_NOFBKALA,0,0,0,Archaea-Nitrosopumilaceae,88.7,MAG
TARA_SAMEA2622119_METAG_FGOENAAN,0,0,0,Bacteroidota,77.72,MAG
HOTS_SAMN07137059_METAG_FFALMIOE,0,0,0,Archaea-Nitrosopumilaceae,91.66,MAG
TARA_SAMEA2622796_METAG_LOOMLCMJ,1,1,1,Planctomycetota,97.16,MAG
TARA_SAMEA2622796_METAG_FKMANDIH,0,0,0,Actinobacteriota,95.06,MAG
TARA_SAMEA2622796_METAG_DFKFIAAD,0,0,0,Bacteroidota,95.82,MAG
TARA_SAMEA2622796_METAG_CBGIJPKK,0,0,0,Alpha-Other,97.5,MAG
TARA_SAMEA2622796_METAG_NEFFHMDP,0,0,0,Alpha-Other,95.61,MAG
TARA_SAMEA2622796_METAG_LAMMFCMG,0,0,0,Actinobacteriota,86.83,MAG
TARA_SAMEA2622796_METAG_DDIBJKLF,0,0,0,Chloroflexota,88.18,MAG
TARA_SAMEA2622796_METAG_PGFFEBIB,0,0,0,Gamma-Other,93.35,MAG
TARA_SAMEA2622796_METAG_EAGLIGNB,0,0,0,Gamma-Other,90.94,MAG
TARA_SAMEA2622796_METAG_JCFDGAMP,0,0,0,Verrucomicrobiota,88.7,MAG
TARA_SAMEA2622796_METAG_GGNAGJGK,0,0,0,Bacteria-Other,75.74,MAG
TARA_SAMEA2622796_METAG_GPJMFKLI,0,0,0,Gamma-Other,75.09,MAG
TARA_SAMEA2622796_METAG_IBABDLDI,0,0,0,Chloroflexota,75.71,MAG
BATS_SAMN07137066_METAG_OIGJKEJM,0,0,0,Archaea-Nitrosopumilaceae,78.94,MAG
BGEO_SAMN07136553_METAG_FFFOGHNB,0,0,0,Archaea-Nitrosopumilaceae,78.88,MAG
TARA_SAMEA2623886_METAG_LPHOEKKG,0,0,0,Actinobacteriota,91.7,MAG
TARA_SAMEA2623886_METAG_KPOIDOMI,0,0,0,Verrucomicrobiota,90.98,MAG
TARA_SAMEA2623886_METAG_HPEANAFC,0,0,0,Alpha-Rhodobacter-LowGC,79.34,MAG
TARA_SAMEA2623886_METAG_PCLJHJEF,0,0,0,Bacteroidota,75.39,MAG
TARA_SAMEA2623886_METAG_OMDDHFLG,0,0,0,Bacteroidota,75.17,MAG
TARA_SAMEA2623886_METAG_JFDDNGJH,0,0,0,Gamma-Other,78.1,MAG
TARA_SAMEA2623734_METAG_OHGCEHCJ,0,0,0,Bacteroidota,95.28,MAG
TARA_SAMEA2623734_METAG_GNAPJEFA,0,0,0,Actinobacteriota,89.22,MAG
TARA_SAMEA2623734_METAG_FGBPLIAE,1,1,1,Verrucomicrobiota,91.12,MAG
TARA_SAMEA2623734_METAG_NNEJKDJE,0,0,0,Chloroflexota,87.2,MAG
BGEO_SAMN07136498_METAG_BPIIFCCP,0,0,0,Archaea-Nitrosopumilaceae,81.98,MAG
TARA_SAMEA2623734_METAG_HOEPKPDL,0,0,0,Cyano-Syn,76.4,MAG
TARA_SAMEA2621092_METAG_BIHGKKON,0,0,0,Gamma-Other,99.15,MAG
TARA_SAMEA2621092_METAG_ICDDAPHN,1,1,1,Gamma-Other,96.32,MAG
TARA_SAMEA2621092_METAG_OKGGGLHP,1,1,1,Gamma-Other,82.46,MAG
TARA_SAMEA2621092_METAG_MKILCDOA,1,1,1,Alpha-Other,97.9,MAG
TARA_SAMEA2621092_METAG_DJDGNMMA,0,0,0,Chloroflexota,91.1,MAG
TARA_SAMEA2621092_METAG_PHGLPHIA,0,0,0,Bacteroidota,89.85,MAG
TARA_SAMEA2622923_METAG_ACHMAPPN,0,0,0,Bacteria-Other,95.1,MAG
TARA_SAMEA2622923_METAG_FCMFLHKP,0,0,0,Gamma-Other,97.98,MAG
TARA_SAMEA2622923_METAG_KCDCPELD,1,1,1,Bacteria-Other,95.88,MAG
TARA_SAMEA2622923_METAG_CJDPMNPC,1,1,1,Verrucomicrobiota,95.42,MAG
TARA_SAMEA2622923_METAG_OAGODMOG,0,0,0,Bacteroidota,84.14,MAG
TARA_SAMEA2622923_METAG_JAPLMJLG,0,0,0,Alpha-Other,88.05,MAG
BGEO_SAMN07136637_METAG_JDAALHFE,0,0,0,Archaea-Nitrosopumilaceae,89.05,MAG
BGEO_SAMN07136499_METAG_DGMNPCJN,0,0,0,Archaea-Nitrosopumilaceae,77,MAG
BGEO_SAMN07136499_METAG_MPPEKEIB,0,0,0,Archaea-Nitrosopumilaceae,79.99,MAG
TARA_SAMEA2622817_METAG_DBABDOOC,0,0,0,Chloroflexota,88.32,MAG
TARA_SAMEA2622817_METAG_FFBABFLI,0,0,0,Bacteroidota,86.77,MAG
TARA_SAMEA2622817_METAG_OGBJDFCH,0,0,0,Bacteroidota,86.48,MAG
TARA_SAMEA2622817_METAG_IBAMKENP,0,0,0,Dadabacteria,84.52,MAG
BGEO_SAMN07136918_METAG_ECONJLNL,0,0,0,Archaea-Nitrosopumilaceae,85.38,MAG
TARA_SAMEA2620217_METAG_IMOMEHMC,0,0,0,Chloroflexota,88.16,MAG
BGEO_SAMN07136743_METAG_PLAKOPFJ,0,0,0,Archaea-Nitrosopumilaceae,93.58,MAG
BATS_SAMN07137098_METAG_FPGMPLOG,0,0,0,Archaea-Nitrosopumilaceae,77.31,MAG
BGEO_SAMN07136603_METAG_LJJBFDFK,0,0,0,Archaea-Nitrosopumilaceae,90.18,MAG
TARA_SAMEA2623059_METAG_IHIENFNH,0,0,0,Verrucomicrobiota,93.18,MAG
TARA_SAMEA2623059_METAG_DKMMFCNI,0,0,0,Alpha-Rhodobacter-LowGC,94.6,MAG
TARA_SAMEA2623059_METAG_ELDLHDLM,0,0,0,Bacteroidota,78.65,MAG
HOTS_SAMN07137009_METAG_FHKAOENE,0,0,0,Archaea-Nitrosopumilaceae,93.8,MAG
TARA_SAMEA2622429_METAG_EGOCLNIL,1,1,1,Bacteroidota,95.36,MAG
TARA_SAMEA2622429_METAG_FMFCPFFJ,0,0,0,Bacteroidota,92.1,MAG
TARA_SAMEA2622429_METAG_FLPAEGFO,0,0,0,Gamma-Other,93.41,MAG
TARA_SAMEA2622429_METAG_OCEHOOFB,0,0,0,Bacteria-Other,81.76,MAG
BGEO_SAMN07136500_METAG_BAKADOJK,0,0,0,Archaea-Nitrosopumilaceae,86.54,MAG
BATS_SAMN07137086_METAG_CJKOCMME,0,0,0,Archaea-Nitrosopumilaceae,94.29,MAG
TARA_SAMEA2620970_METAG_AFIGBOPL,0,0,0,Bacteroidota,94.25,MAG
TARA_SAMEA2620970_METAG_HEBCFGMN,0,0,0,Gamma-Other,95.02,MAG
TARA_SAMEA2620570_METAG_EPBMCEFH,0,0,0,Gamma-Other,99.64,MAG
TARA_SAMEA2620570_METAG_LFIFMECC,0,0,0,Chloroflexota,96.19,MAG
TARA_SAMEA2620570_METAG_LKHMDOBI,0,0,0,Alpha-Other,81.52,MAG
TARA_SAMEA2620570_METAG_BIINFNNB,0,0,0,Gamma-Other,78.74,MAG
TARA_SAMEA2621216_METAG_KOELIADL,1,1,1,Gamma-Alteromonas,90.85,MAG
TARA_SAMEA2621216_METAG_COJJBKMD,0,0,0,Gamma-Other,94.9,MAG
TARA_SAMEA2621216_METAG_OGEOFNGG,1,1,1,Actinobacteriota,97.19,MAG
TARA_SAMEA2621216_METAG_ENDBMMKJ,1,1,1,Planctomycetota,93.67,MAG
TARA_SAMEA2621216_METAG_ONLLJHPN,0,0,0,Actinobacteriota,93.2,MAG
TARA_SAMEA2621216_METAG_NBIFGODG,1,1,1,Verrucomicrobiota,90.59,MAG
TARA_SAMEA2621216_METAG_KLDLFAHB,0,0,0,Chloroflexota,84.68,MAG
TARA_SAMEA2621216_METAG_MFALBMCH,1,1,1,Gamma-Other,75.92,MAG
TARA_SAMEA2623850_METAG_AGNHKPCN,0,0,0,Bacteroidota,90.46,MAG
TARA_SAMEA2623850_METAG_PHIJEHCF,0,0,0,Alpha-Rhodobacter-LowGC,75.57,MAG
BATS_SAMN07137105_METAG_GAFBPDPM,0,0,0,Archaea-Nitrosopumilaceae,82.3,MAG
BATS_SAMN07137105_METAG_ABEAPGME,0,0,0,Archaea-Nitrosopumilaceae,76.53,MAG
HOTS_SAMN07137060_METAG_OFEFFPEB,0,0,0,Archaea-Nitrosopumilaceae,90.82,MAG
BGEO_SAMN07136563_METAG_FPDAHAEA,0,0,0,Archaea-Nitrosopumilaceae,89.42,MAG
TARA_SAMEA2619879_METAG_HKPNOJDD,0,0,0,Alpha-Other,93.6,MAG
TARA_SAMEA2619879_METAG_IODIMPOC,0,0,0,Dadabacteria,84.74,MAG
TARA_SAMEA2619879_METAG_KKLGIHEB,0,0,0,Chloroflexota,81.78,MAG
BATS_SAMN07137065_METAG_FGHAKEJN,0,0,0,Archaea-Nitrosopumilaceae,85.6,MAG
BGEO_SAMN07136605_METAG_HEJIKOGC,0,0,0,Archaea-Nitrosopumilaceae,77.58,MAG
BGEO_SAMN07136605_METAG_PKNFKOPI,0,0,0,Archaea-Nitrosopumilaceae,76.44,MAG
TARA_SAMEA2620259_METAG_IBBKLKCJ,0,0,0,Chloroflexota,89.26,MAG
TARA_SAMEA2620259_METAG_FMHMNGJJ,0,0,0,Dadabacteria,90.6,MAG
TARA_SAMEA2620259_METAG_JKNCDLPF,0,0,0,Alpha-Other,87.9,MAG
TARA_SAMEA2620259_METAG_GBFBAAAO,0,0,0,Chloroflexota,75.54,MAG
TARA_SAMEA2623756_METAG_OCGFNJOE,0,0,0,Chloroflexota,92.6,MAG
TARA_SAMEA2623756_METAG_KFPHNBBH,0,0,0,Actinobacteriota,93.98,MAG
TARA_SAMEA2623756_METAG_OLKELJGB,0,0,0,Chloroflexota,77.93,MAG
TARA_SAMEA2623756_METAG_FEJBLEFD,0,0,0,Gamma-Other,79.76,MAG
TARA_SAMEA2623756_METAG_HJLMPHMA,0,0,0,Gamma-Other,82.98,MAG
BGEO_SAMN07136531_METAG_DFBPICDD,0,0,0,Archaea-Nitrosopumilaceae,90.08,MAG
TARA_SAMEA2623295_METAG_AOMJOKME,0,0,0,Planctomycetota,95.98,MAG
TARA_SAMEA2623295_METAG_JONIEMEH,1,1,1,Verrucomicrobiota,96.28,MAG
TARA_SAMEA2623295_METAG_MNECEEFO,0,0,0,Bacteria-Other,94.38,MAG
TARA_SAMEA2623295_METAG_BDDDBLBO,0,0,0,Alpha-Other,94.32,MAG
TARA_SAMEA2623295_METAG_DBPNPLKI,0,0,0,Bacteria-Other,91.72,MAG
TARA_SAMEA2623295_METAG_FPIBAKPA,0,0,0,Bacteria-Other,91.98,MAG
TARA_SAMEA2623295_METAG_ALPJHCHO,0,0,0,Planctomycetota,91.86,MAG
TARA_SAMEA2623295_METAG_NAPGDDEK,0,0,0,Gamma-Other,90.15,MAG
TARA_SAMEA2623295_METAG_KJIBCKLP,0,0,0,Gamma-Other,92.86,MAG
TARA_SAMEA2623295_METAG_AGILEGJG,0,0,0,Gamma-Other,93.74,MAG
TARA_SAMEA2623295_METAG_KOGOHOCP,0,0,0,Alpha-Other,89.06,MAG
TARA_SAMEA2623295_METAG_GAJCJDBB,0,0,0,Gamma-Other,88.06,MAG
TARA_SAMEA2623295_METAG_GEECICCH,0,0,0,Alpha-Other,77.19,MAG
TARA_SAMEA2623295_METAG_ACPGOGAN,0,0,0,Bacteria-Other,78.19,MAG
TARA_SAMEA2623314_METAG_KKLGBDMP,1,1,1,Verrucomicrobiota,92.85,MAG
TARA_SAMEA2623314_METAG_DBIJIFKM,0,0,0,Alpha-Other,96.74,MAG
TARA_SAMEA2623314_METAG_BIIFJDAP,0,0,0,Chloroflexota,95.47,MAG
TARA_SAMEA2623314_METAG_HLLPALBA,0,0,0,Planctomycetota,95.49,MAG
TARA_SAMEA2623314_METAG_EIFPAOCD,1,1,1,Bacteroidota,85.74,MAG
TARA_SAMEA2623314_METAG_ALHGJMCB,0,0,0,Verrucomicrobiota,91.48,MAG
TARA_SAMEA2623314_METAG_ICAANCOK,0,0,0,Alpha-Other,91.79,MAG
TARA_SAMEA2623314_METAG_BPCBKOJD,1,1,1,Alpha-Rhodobacter,88.15,MAG
TARA_SAMEA2619802_METAG_BHKIALJD,0,0,0,Actinobacteriota,90.6,MAG
TARA_SAMEA2619802_METAG_AMAAJMDP,0,0,0,Dadabacteria,90.12,MAG
TARA_SAMEA2623826_METAG_DLMLDLMA,1,1,1,Actinobacteriota,92.41,MAG
TARA_SAMEA2623826_METAG_MPCEEMCJ,0,0,0,Bacteroidota,81.78,MAG
BGEO_SAMN07136631_METAG_KCEPGLOK,0,0,0,Archaea-Nitrosopumilaceae,86.31,MAG
BGEO_SAMN07136539_METAG_MHANHDKJ,0,0,0,Archaea-Nitrosopumilaceae,87.72,MAG
BGEO_SAMN07136539_METAG_PNLGBCMK,0,0,0,Archaea-Nitrosopumilaceae,75.56,MAG
TARA_SAMEA2622652_METAG_HFEFBBMA,0,0,0,Bacteroidota,97.53,MAG
TARA_SAMEA2622652_METAG_CAMKKIEI,0,0,0,Verrucomicrobiota,93.05,MAG
TARA_SAMEA2622652_METAG_GAHPMDKF,0,0,0,Chloroflexota,88.04,MAG
TARA_SAMEA2622652_METAG_NIMLLLMI,0,0,0,Bacteroidota,88.5,MAG
BGEO_SAMN07136636_METAG_FOOCJMBC,0,0,0,Archaea-Nitrosopumilaceae,87.56,MAG
TARA_SAMEA2622652_METAG_BAKANMMP,1,1,1,Verrucomicrobiota,84.34,MAG
TARA_SAMEA2622652_METAG_LMPHKKLK,0,0,0,Bacteroidota,78.63,MAG
TARA_SAMEA2622766_METAG_CGEHJPAL,0,0,0,Verrucomicrobiota,97.84,MAG
TARA_SAMEA2622766_METAG_CBIMLOEF,0,0,0,Bacteroidota,98.34,MAG
TARA_SAMEA2622766_METAG_PMDMNEDG,0,0,0,Actinobacteriota,95.84,MAG
TARA_SAMEA2622766_METAG_FDFJEPOA,0,0,0,Chloroflexota,96.15,MAG
TARA_SAMEA2622766_METAG_MAFLBACE,0,0,0,Gamma-Other,90.7,MAG
TARA_SAMEA2622766_METAG_CEBMDDGC,0,0,0,Verrucomicrobiota,93.02,MAG
TARA_SAMEA2622766_METAG_FBEBKGIJ,0,0,0,Bacteroidota,87.92,MAG
TARA_SAMEA2622766_METAG_KGKHJEKK,0,0,0,Bacteria-Other,86.16,MAG
TARA_SAMEA2622766_METAG_BNKEMJFO,0,0,0,Chloroflexota,86.81,MAG
TARA_SAMEA2622766_METAG_KNENFLIH,0,0,0,Bacteroidota,86.85,MAG
TARA_SAMEA2622766_METAG_NHKLMPHA,0,0,0,Chloroflexota,82.36,MAG
BATS_SAMN07137114_METAG_IHPDCHJA,0,0,0,Archaea-Nitrosopumilaceae,86.22,MAG
TARA_SAMEA2622766_METAG_KNIKCALC,1,1,1,Planctomycetota,75.22,MAG
BATS_SAMN07137114_METAG_KIKBKMNC,0,0,0,Archaea-Nitrosopumilaceae,80.66,MAG
BGEO_SAMN07136586_METAG_HMMCCFGO,0,0,0,Archaea-Nitrosopumilaceae,93.58,MAG
TARA_SAMEA2621839_METAG_GIHEHMFL,0,0,0,Bacteroidota,93.8,MAG
TARA_SAMEA2621839_METAG_PGLOPPIJ,1,1,1,Gamma-Alteromonas,93.74,MAG
TARA_SAMEA2621839_METAG_NGJGDLCD,0,0,0,Bacteroidota,92.34,MAG
TARA_SAMEA2621839_METAG_EOEPIHHM,0,0,0,Bacteroidota,87.52,MAG
TARA_SAMEA2621839_METAG_MDNNDCPP,0,0,0,Bacteroidota,89.75,MAG
TARA_SAMEA2621839_METAG_KEBGCJNJ,0,0,0,Alpha-Other,83.54,MAG
TARA_SAMEA2621839_METAG_GAEDMOID,0,0,0,Bacteroidota,75.07,MAG
TARA_SAMEA2621839_METAG_BAKLAPAH,0,0,0,Alpha-Other,75.06,MAG
TARA_SAMEA2621839_METAG_FBGENCCF,0,0,0,Bacteroidota,87.98,MAG
TARA_SAMEA2621839_METAG_AECDFJPI,0,0,0,Bacteroidota,78.52,MAG
TARA_SAMEA2621839_METAG_HNIBOOGF,0,0,0,Gamma-Other,79.28,MAG
TARA_SAMEA2621839_METAG_IKOKHCPN,0,0,0,Bacteroidota,76.36,MAG
TARA_SAMEA2623275_METAG_BFMCEPIP,0,0,0,Bacteroidota,96.64,MAG
TARA_SAMEA2623275_METAG_KJBFPAFG,0,0,0,Bacteroidota,79.28,MAG
TARA_SAMEA2623275_METAG_FLCKNIKJ,0,0,0,Bacteroidota,76.44,MAG
TARA_SAMEA2623275_METAG_KEJJAMEC,0,0,0,Dadabacteria,81.54,MAG
TARA_SAMEA2623868_METAG_IFAAKDFP,1,1,1,Gamma-Other,98.12,MAG
TARA_SAMEA2623868_METAG_HLGJKMJJ,0,0,0,Actinobacteriota,93.19,MAG
TARA_SAMEA2623868_METAG_BANHHKIH,0,0,0,Chloroflexota,93.22,MAG
TARA_SAMEA2623868_METAG_OOIFPHAD,0,0,0,Chloroflexota,88.52,MAG
BGEO_SAMN07136592_METAG_GNJGNOJG,0,0,0,Archaea-Nitrosopumilaceae,77.81,MAG
HOTS_SAMN07137051_METAG_CBIBHPGK,0,0,0,Archaea-Nitrosopumilaceae,91.12,MAG
TARA_SAMEA2623868_METAG_CAOKBBIA,0,0,0,Bacteroidota,82.24,MAG
BGEO_SAMN07136640_METAG_MBIDKECN,0,0,0,Archaea-Nitrosopumilaceae,86.46,MAG
BGEO_SAMN07136612_METAG_APOFIMIC,0,0,0,Archaea-Nitrosopumilaceae,80.14,MAG
BGEO_SAMN07136525_METAG_HJDAGALH,0,0,0,Archaea-Nitrosopumilaceae,82.81,MAG
TARA_SAMEA2620786_METAG_GCEOFHBC,0,0,0,Chloroflexota,82.92,MAG
TARA_SAMEA2622499_METAG_GGEKANHA,0,0,0,Chloroflexota,90.63,MAG
TARA_SAMEA2622499_METAG_NHPCCKNH,0,0,0,Gamma-Other,92.44,MAG
TARA_SAMEA2622499_METAG_PCDCMIDK,0,0,0,Chloroflexota,78.18,MAG
TARA_SAMEA2622499_METAG_MNGCFIPD,0,0,0,SAR324,79.8,MAG
TARA_SAMEA2622402_METAG_BNICNEFG,0,0,0,Bacteroidota,96.63,MAG
TARA_SAMEA2622402_METAG_CADGLAMF,0,0,0,Alpha-Rhodobacter-LowGC,86.36,MAG
TARA_SAMEA2622402_METAG_LANAKMED,0,0,0,Chloroflexota,82.02,MAG
HOTS_SAMN08390923_METAG_JKAEAOEC,0,0,0,Archaea-Nitrosopumilaceae,76.56,MAG
TARA_SAMEA2621254_METAG_JDCAMDEP,0,0,0,Bacteroidota,96.3,MAG
HOTS_SAMN07136999_METAG_ODMLFMFK,0,0,0,Archaea-Nitrosopumilaceae,87.76,MAG
TARA_SAMEA2622074_METAG_JNBJNFEA,0,0,0,Verrucomicrobiota,97.68,MAG
TARA_SAMEA2622074_METAG_BDKIPAHI,0,0,0,Alpha-Other,90.26,MAG
TARA_SAMEA2622074_METAG_COJFLNPO,0,0,0,Bacteroidota,75.78,MAG
TARA_SAMEA2623794_METAG_MPMFMBGL,0,0,0,Alpha-Other,91.18,MAG
TARA_SAMEA2623794_METAG_NMPNCMMA,0,0,0,SAR324,80.4,MAG
TARA_SAMEA2623794_METAG_NMMFOBFH,0,0,0,Planctomycetota,78.09,MAG
TARA_SAMEA2622097_METAG_DKMMMDIM,0,0,0,Bacteroidota,96.13,MAG
TARA_SAMEA2622097_METAG_CJDFGJHP,1,1,1,Gamma-Alteromonas,75.58,MAG
TARA_SAMEA2622097_METAG_LGOAIEML,0,0,0,Verrucomicrobiota,92.56,MAG
TARA_SAMEA2622097_METAG_ECJHKAMO,0,0,0,Gamma-Other,94.06,MAG
TARA_SAMEA2622097_METAG_FICAAKDN,0,0,0,Gamma-Other,90.8,MAG
TARA_SAMEA2622097_METAG_PHLLIGHB,0,0,0,Bacteroidota,78.5,MAG
TARA_SAMEA2622097_METAG_CLMOGLJJ,0,0,0,Bacteroidota,79.83,MAG
TARA_SAMEA2621779_METAG_EDDAIACP,0,0,0,Bacteroidota,99.28,MAG
TARA_SAMEA2621779_METAG_NIJIENBH,0,0,0,Bacteroidota,90.51,MAG
TARA_SAMEA2621779_METAG_AHIFOPMA,1,1,1,Gamma-Other,87.13,MAG
TARA_SAMEA2621779_METAG_PCNIFPHJ,0,0,0,Bacteroidota,94.52,MAG
TARA_SAMEA2621779_METAG_CCHCBEJE,0,0,0,Bacteroidota,92.16,MAG
TARA_SAMEA2621779_METAG_AKANJMCB,0,0,0,Bacteria-Other,76.26,MAG
TARA_SAMEA2621779_METAG_EHDFCGGO,0,0,0,Bacteroidota,86.94,MAG
TARA_SAMEA2619766_METAG_IADKJNGD,0,0,0,Alpha-Puniceispirilla,97.57,MAG
TARA_SAMEA2619766_METAG_DFICPMHO,0,0,0,Alpha-Other,93.66,MAG
TARA_SAMEA2619766_METAG_KBDCKIJJ,0,0,0,Alpha-Puniceispirilla,96.52,MAG
TARA_SAMEA2619766_METAG_LCGIDNBH,0,0,0,Gamma-Other,94.36,MAG
TARA_SAMEA2619766_METAG_OLGDDDLE,0,0,0,Gamma-Other,78.34,MAG
TARA_SAMEA2619766_METAG_EKPJNNJO,0,0,0,Bacteroidota,90.15,MAG
TARA_SAMEA2619766_METAG_AMLOEABD,0,0,0,Cyano-Pro,93.24,MAG
TARA_SAMEA2619766_METAG_CECBDPKB,0,0,0,Bacteroidota,92.48,MAG
TARA_SAMEA2619766_METAG_BDGDDGBG,0,0,0,Gamma-Other,90.78,MAG
TARA_SAMEA2619766_METAG_CGJOLHME,0,0,0,Alpha-Other,75.79,MAG
TARA_SAMEA2619766_METAG_ILKBIJHD,1,1,1,Planctomycetota,81.38,MAG
TARA_SAMEA2622219_METAG_JPAEJMMK,0,0,0,Bacteroidota,82.61,MAG
TARA_SAMEA2622219_METAG_HPMPIAJL,0,0,0,Gamma-Other,90.22,MAG
TARA_SAMEA2622219_METAG_OLKBBLOM,1,1,1,Gamma-Alteromonas,87.01,MAG
BGEO_SAMN07136604_METAG_IMGDNPBJ,0,0,0,Archaea-Nitrosopumilaceae,85.55,MAG
BGEO_SAMN07136604_METAG_GBJJNOEK,0,0,0,Archaea-Nitrosopumilaceae,79.66,MAG
TARA_SAMEA2622219_METAG_ENMGOBAM,0,0,0,Bacteroidota,83.96,MAG
TARA_SAMEA2622219_METAG_CCAAPAGN,0,0,0,Bacteroidota,81.62,MAG
HOTS_SAMN07137029_METAG_CLIOGMJC,0,0,0,Archaea-Nitrosopumilaceae,93.38,MAG
HOTS_SAMN07137042_METAG_BGODHKDM,0,0,0,Archaea-Nitrosopumilaceae,91.12,MAG
TARA_SAMEA2622901_METAG_NNLDCDAA,0,0,0,Bacteria-Other,98.02,MAG
TARA_SAMEA2622901_METAG_IPHKIPAK,0,0,0,Alpha-Other,96.68,MAG
TARA_SAMEA2622901_METAG_HJHFBKGL,0,0,0,Verrucomicrobiota,91.93,MAG
TARA_SAMEA2622901_METAG_AGKLPJAC,1,1,1,Actinobacteriota,88.9,MAG
TARA_SAMEA2622901_METAG_GCGNPDOK,0,0,0,Verrucomicrobiota,86.46,MAG
BATS_SAMN07137072_METAG_POIDIKNE,0,0,0,Archaea-Nitrosopumilaceae,79.31,MAG
BATS_SAMN07137072_METAG_MPFHPFLA,0,0,0,Archaea-Nitrosopumilaceae,77.07,MAG
TARA_SAMEA2622048_METAG_MBPEMGHL,0,0,0,Alpha-Other,81.16,MAG
TARA_SAMEA2622048_METAG_DNLABAEB,0,0,0,Chloroflexota,83.3,MAG
TARA_SAMEA2591108_METAG_GOFGEPOA,0,0,0,Bacteroidota,97.08,MAG
TARA_SAMEA2591108_METAG_FAOBPCMG,0,0,0,Gamma-Other,94.29,MAG
TARA_SAMEA2591108_METAG_LPOCGNEC,0,0,0,Bacteroidota,84.35,MAG
TARA_SAMEA2591108_METAG_IJDBFABH,0,0,0,Gamma-Other,93.34,MAG
TARA_SAMEA2591108_METAG_EAMDLOFG,0,0,0,Bacteroidota,84.86,MAG
TARA_SAMEA2591108_METAG_NNLCAHKO,0,0,0,Bacteroidota,87.34,MAG
TARA_SAMEA2591108_METAG_AOOBNIGE,0,0,0,Bacteroidota,84.35,MAG
TARA_SAMEA2591108_METAG_KJEPPIKE,0,0,0,Alpha-Other,82.24,MAG
TARA_SAMEA2591108_METAG_PPHPCHJD,0,0,0,Bacteroidota,85.97,MAG
TARA_SAMEA2591108_METAG_AGOMGFDP,0,0,0,Verrucomicrobiota,77.88,MAG
TARA_SAMEA2621272_METAG_IONJJNJO,0,0,0,Actinobacteriota,85.1,MAG
TARA_SAMEA2621272_METAG_MHGHOFNP,0,0,0,Verrucomicrobiota,87.84,MAG
MALA_SAMN05422160_METAG_FLDCFNBO,0,0,0,Archaea-Nitrosopumilaceae,84.04,MAG
TARA_SAMEA2620542_METAG_OHOEJIBB,0,0,0,Dadabacteria,87.37,MAG
TARA_SAMEA2623649_METAG_GAIAFLBA,1,1,1,Bacteroidota,96.47,MAG
TARA_SAMEA2623649_METAG_COAEPCAD,0,0,0,Alpha-Other,94.54,MAG
TARA_SAMEA2623649_METAG_FFHMMIFK,0,0,0,Chloroflexota,88.64,MAG
TARA_SAMEA2623649_METAG_IGIOHLLK,0,0,0,Alpha-Other,80.53,MAG
TARA_SAMEA2623649_METAG_CHPOKCIM,0,0,0,Planctomycetota,87.7,MAG
TARA_SAMEA2623649_METAG_CEJPHBIC,0,0,0,Chloroflexota,89.56,MAG
TARA_SAMEA2623649_METAG_JJFCOBKH,0,0,0,Bacteroidota,84.71,MAG
TARA_SAMEA2623649_METAG_KOLBDOMM,0,0,0,Chloroflexota,81.9,MAG
TARA_SAMEA2623649_METAG_PLCCOONO,1,1,1,Verrucomicrobiota,82.71,MAG
TARA_SAMEA2623649_METAG_GKNGMKAH,0,0,0,Alpha-Other,77.92,MAG
TARA_SAMEA2623426_METAG_LNDBHNLK,0,0,0,Gamma-Other,80.48,MAG
TARA_SAMEA2623426_METAG_KCEECBIL,1,1,1,Firmicutes,77.08,MAG
TARA_SAMEA2623426_METAG_EPPEOCDC,0,0,0,Bacteroidota,80.69,MAG
TARA_SAMEA2622837_METAG_BEOLKKCE,0,0,0,Chloroflexota,97.4,MAG
TARA_SAMEA2622837_METAG_JMIFJPDO,0,0,0,Bacteria-Other,96.91,MAG
TARA_SAMEA2622837_METAG_NAOINJEI,0,0,0,Acidobacteriota,95.25,MAG
TARA_SAMEA2622837_METAG_ENELKDNE,1,1,1,Planctomycetota,90.01,MAG
TARA_SAMEA2622837_METAG_FJHMIHLF,0,0,0,Acidobacteriota,88.34,MAG
TARA_SAMEA2622837_METAG_FMHBHGAC,0,0,0,Chloroflexota,94.71,MAG
TARA_SAMEA2622837_METAG_IPNHGKMM,1,1,1,Alpha-Other,90.74,MAG
TARA_SAMEA2622837_METAG_EGIJALGM,0,0,0,Acidobacteriota,94.26,MAG
TARA_SAMEA2622837_METAG_FLJJGFFL,0,0,0,Chloroflexota,92.26,MAG
TARA_SAMEA2622837_METAG_NMBMIHMP,0,0,0,Chloroflexota,90.97,MAG
TARA_SAMEA2622837_METAG_CHPKPDNC,0,0,0,Chloroflexota,85.08,MAG
TARA_SAMEA2622837_METAG_OCPGIJCB,0,0,0,Bacteria-Other,84.94,MAG
TARA_SAMEA2622837_METAG_IOKFPCDA,0,0,0,Bacteria-Other,81.64,MAG
TARA_SAMEA2622837_METAG_OKGDDPDL,1,1,1,Planctomycetota,79.28,MAG
TARA_SAMEA2622837_METAG_BGLEPDGG,0,0,0,Gamma-Other,82.23,MAG
TARA_SAMEA2619399_METAG_OKPAFELB,0,0,0,Alpha-Rhodobacter-LowGC,84.98,MAG
TARA_SAMEA2619399_METAG_GLNHBFKN,0,0,0,Gamma-Other,80.06,MAG
TARA_SAMEA2620734_METAG_AFKHDFKL,0,0,0,Gamma-Other,94.12,MAG
TARA_SAMEA2620734_METAG_CBLBOBNN,0,0,0,SAR324,85.5,MAG
TARA_SAMEA2620734_METAG_JCKELPOE,0,0,0,Chloroflexota,83.85,MAG
MALA_SAMN05422136_METAG_DLIALBLK,0,0,0,Archaea-Other,91.6,MAG
TARA_SAMEA2621287_METAG_IMFLNOJF,0,0,0,Chloroflexota,92.68,MAG
TARA_SAMEA2621287_METAG_FLBJPHKE,0,0,0,Bacteria-Other,92.27,MAG
TARA_SAMEA2621287_METAG_GHGGCJJH,1,1,1,Alpha-Other,89.64,MAG
TARA_SAMEA2621287_METAG_PPOMJAFN,0,0,0,Chloroflexota,84.72,MAG
TARA_SAMEA2621287_METAG_HHHKFCHF,0,0,0,Chloroflexota,80.65,MAG
TARA_SAMEA2621287_METAG_HOALGIKJ,0,0,0,SAR324,85.02,MAG
TARA_SAMEA2621287_METAG_BNCEPPMJ,0,0,0,Alpha-Other,75.57,MAG
TARA_SAMEA2619531_METAG_LGDKIJHF,0,0,0,Alpha-Puniceispirilla,98.76,MAG
TARA_SAMEA2619531_METAG_PHBJALOC,0,0,0,Alpha-Other,97.46,MAG
TARA_SAMEA2619531_METAG_COAJMIGD,0,0,0,Bacteroidota,96.56,MAG
TARA_SAMEA2619531_METAG_MHKBJJGE,0,0,0,Gamma-Other,96.37,MAG
TARA_SAMEA2619531_METAG_MBJLLBJC,0,0,0,Alpha-Puniceispirilla,94.57,MAG
TARA_SAMEA2619531_METAG_AOLGLPAP,0,0,0,Alpha-Puniceispirilla,97.96,MAG
TARA_SAMEA2619531_METAG_OPHAGEEP,0,0,0,Bacteroidota,89.4,MAG
TARA_SAMEA2619531_METAG_PBNBECJK,0,0,0,Bacteroidota,94.66,MAG
TARA_SAMEA2619531_METAG_DCIFBCFJ,0,0,0,Bacteroidota,90.66,MAG
TARA_SAMEA2619531_METAG_OFJEFHJI,0,0,0,Bacteroidota,91.26,MAG
TARA_SAMEA2619531_METAG_JHIFAJEJ,0,0,0,Bacteroidota,90.52,MAG
TARA_SAMEA2619531_METAG_OOMCKHHM,0,0,0,Bacteroidota,80.94,MAG
TARA_SAMEA2619531_METAG_KLHNOCDM,0,0,0,Bacteroidota,79.96,MAG
TARA_SAMEA2619531_METAG_BNGOOMGM,0,0,0,Gamma-Other,78.29,MAG
TARA_SAMEA2619531_METAG_PBEMJOCN,0,0,0,Alpha-Rhodobacter,89.66,MAG
TARA_SAMEA2619531_METAG_JIKDLLIL,0,0,0,Cyano-Other,76.65,MAG
TARA_SAMEA2619531_METAG_OKGCJKMD,0,0,0,Alpha-Other,85.7,MAG
MALA_SAMN05422226_METAG_AIKDCFNC,0,0,0,Archaea-Other,95.5,MAG
TARA_SAMEA2620890_METAG_BKKFMPPI,0,0,0,Chloroflexota,78.38,MAG
TARA_SAMEA2621812_METAG_HOFGODDL,0,0,0,Bacteroidota,95.73,MAG
TARA_SAMEA2621812_METAG_MHCAACBH,0,0,0,Bacteroidota,97.44,MAG
TARA_SAMEA2621812_METAG_CKLALLPL,0,0,0,Bacteroidota,97.26,MAG
TARA_SAMEA2621812_METAG_AHHIABAF,0,0,0,Verrucomicrobiota,94.74,MAG
TARA_SAMEA2621812_METAG_GLEIOLJH,0,0,0,Bacteroidota,93.02,MAG
TARA_SAMEA2621812_METAG_LGAEGECC,0,0,0,Bacteroidota,88.98,MAG
TARA_SAMEA2621812_METAG_BHEJFGLB,0,0,0,Gamma-Other,89.78,MAG
TARA_SAMEA2621812_METAG_FJLKCJNL,0,0,0,Alpha-Rhodobacter,80.59,MAG
TARA_SAMEA2621812_METAG_DMHGKEJK,0,0,0,Alpha-Rhodobacter,82.63,MAG
TARA_SAMEA2621812_METAG_FHDJJCEO,0,0,0,Bacteroidota,81.47,MAG
TARA_SAMEA2619782_METAG_JMJLDAKP,0,0,0,Gamma-Other,98.26,MAG
TARA_SAMEA2619782_METAG_COCCGOCF,0,0,0,Gamma-Other,96.68,MAG
TARA_SAMEA2619782_METAG_GMLGCIOD,0,0,0,Actinobacteriota,93.26,MAG
TARA_SAMEA2619782_METAG_FMLIFDKO,0,0,0,Gamma-Other,94.65,MAG
TARA_SAMEA2619782_METAG_DENPLAIN,0,0,0,Bacteroidota,91.25,MAG
TARA_SAMEA2619782_METAG_BLBCMCBI,0,0,0,Chloroflexota,89.96,MAG
TARA_SAMEA2619782_METAG_NIEOAPDL,0,0,0,Gamma-Other,93.27,MAG
TARA_SAMEA2619782_METAG_DDMJHDOJ,0,0,0,Gamma-Other,88.43,MAG
TARA_SAMEA2619782_METAG_KCKHAHAL,0,0,0,Chloroflexota,86.14,MAG
TARA_SAMEA2619782_METAG_FLOFLILF,0,0,0,Actinobacteriota,82.66,MAG
TARA_SAMEA2622690_METAG_LHOCKJEM,0,0,0,Bacteria-Other,93.88,MAG
TARA_SAMEA2622690_METAG_HOEEDAFA,0,0,0,Gemmatimonadota,94.87,MAG
TARA_SAMEA2622690_METAG_LAHCAILK,0,0,0,Chloroflexota,91.7,MAG
TARA_SAMEA2622690_METAG_BEAGPPBP,0,0,0,Actinobacteriota,90.62,MAG
TARA_SAMEA2622690_METAG_GPJIKLDK,0,0,0,Gamma-Other,75.9,MAG
TARA_SAMEA2622690_METAG_NHGEKECG,0,0,0,Chloroflexota,91.64,MAG
TARA_SAMEA2622690_METAG_CFFCOBCA,0,0,0,Gamma-Other,92.5,MAG
TARA_SAMEA2622690_METAG_JLHBEFAM,1,1,1,Verrucomicrobiota,88.44,MAG
TARA_SAMEA2622690_METAG_LNNJFCFK,0,0,0,Chloroflexota,85.5,MAG
TARA_SAMEA2622690_METAG_KAEGFGCI,0,0,0,Chloroflexota,84.39,MAG
TARA_SAMEA2622690_METAG_BKDGCPOK,0,0,0,Bacteroidota,85.32,MAG
TARA_SAMEA2622690_METAG_PNDBKJGG,0,0,0,Alpha-Other,82.3,MAG
TARA_SAMEA2621990_METAG_KECGOEPK,0,0,0,Verrucomicrobiota,97.68,MAG
TARA_SAMEA2621990_METAG_NPMDPEGK,0,0,0,Verrucomicrobiota,97.88,MAG
TARA_SAMEA2622197_METAG_ODGMLBOK,1,1,1,Bacteroidota,97.42,MAG
TARA_SAMEA2622197_METAG_LPBIJJLM,0,0,0,Gamma-Other,90.12,MAG
TARA_SAMEA2622197_METAG_FIFCHGOO,0,0,0,Bacteroidota,79.43,MAG
TARA_SAMEA2620097_METAG_FEMNCHNC,0,0,0,Bacteria-Other,96.44,MAG
TARA_SAMEA2620097_METAG_DPPEFHFD,0,0,0,Gamma-Other,94.5,MAG
TARA_SAMEA2620097_METAG_ANBOPNIA,0,0,0,Alpha-Other,95.48,MAG
TARA_SAMEA2620097_METAG_DMGKPPMH,1,1,1,Gamma-Other,79.51,MAG
TARA_SAMEA2620097_METAG_AKMJJBMH,0,0,0,Gamma-Other,90.2,MAG
TARA_SAMEA2620097_METAG_PBFHMNEA,0,0,0,SAR324,87.38,MAG
TARA_SAMEA2621037_METAG_JNBKPEFB,0,0,0,Bacteroidota,91.46,MAG
MALA_SAMN05422149_METAG_IEFOFNLF,0,0,0,Archaea-Other,94.46,MAG
TARA_SAMEA2620651_METAG_GEOONLEK,0,0,0,Dadabacteria,87.43,MAG
MALA_SAMN05422149_METAG_NCBBHAOC,0,0,0,Archaea-Other,83.78,MAG
TARA_SAMEA2622545_METAG_GPNFIJMG,1,1,1,Bacteroidota,96.18,MAG
TARA_SAMEA2622545_METAG_KMMMLFFC,0,0,0,Chloroflexota,88.16,MAG
TARA_SAMEA2622545_METAG_EKEKJJOL,0,0,0,Chloroflexota,84.56,MAG
TARA_SAMEA2622545_METAG_KDELMIGC,0,0,0,Cyano-Pro,83.4,MAG
MALA_SAMN05422195_METAG_HJJKDBEC,0,0,0,Archaea-Other,91.71,MAG
TARA_SAMEA2591074_METAG_BGMPHGLH,1,1,1,Gamma-Alteromonas,92.85,MAG
TARA_SAMEA2591074_METAG_APBOFOBA,0,0,0,Alpha-Rhodobacter-LowGC,92.01,MAG
TARA_SAMEA2591074_METAG_MMNGHOGL,0,0,0,Alpha-Rhodobacter-LowGC,84.88,MAG
TARA_SAMEA2591074_METAG_EDLHJOLB,0,0,0,Alpha-Rhodobacter,78.1,MAG
TARA_SAMEA2591074_METAG_IJDFFFFD,0,0,0,Gamma-Other,79.84,MAG
MALA_SAMN05422166_METAG_OHBLOFCL,0,0,0,Archaea-Nitrosopumilaceae,88.45,MAG
TARA_SAMEA2623919_METAG_NMBILKKG,0,0,0,Verrucomicrobiota,93.9,MAG
TARA_SAMEA2623919_METAG_ODMMMBFB,0,0,0,Bacteroidota,93.72,MAG
TARA_SAMEA2623919_METAG_GPBIEBNO,0,0,0,Chloroflexota,88.36,MAG
TARA_SAMEA2623919_METAG_LFEHKBGF,0,0,0,Alpha-Rhodobacter-LowGC,75.99,MAG
TARA_SAMEA2623919_METAG_DBLKPFKN,0,0,0,Gamma-Other,86.44,MAG
TARA_SAMEA2619840_METAG_CCMNDJMD,0,0,0,Alpha-Other,97.5,MAG
TARA_SAMEA2619840_METAG_KHCHLJMN,0,0,0,Chloroflexota,94.98,MAG
TARA_SAMEA2619840_METAG_FBJAAGLP,0,0,0,Chloroflexota,94.56,MAG
TARA_SAMEA2619840_METAG_ELIJDBNN,0,0,0,Chloroflexota,95.24,MAG
TARA_SAMEA2619840_METAG_HOELHEHC,0,0,0,Alpha-Other,92.81,MAG
TARA_SAMEA2619840_METAG_EAEEDDLG,0,0,0,Chloroflexota,92.55,MAG
TARA_SAMEA2619840_METAG_JEJMOFHL,0,0,0,Gamma-Other,96.1,MAG
TARA_SAMEA2619840_METAG_DCLFJGBG,0,0,0,Chloroflexota,91.32,MAG
TARA_SAMEA2619840_METAG_AAMJJFEI,0,0,0,Bacteria-Other,92.1,MAG
TARA_SAMEA2619840_METAG_CDHLILHA,0,0,0,Acidobacteriota,85.16,MAG
TARA_SAMEA2619840_METAG_MONIKNAP,0,0,0,Gamma-Other,86.46,MAG
TARA_SAMEA2619840_METAG_DIAJIDAN,0,0,0,Chloroflexota,88.11,MAG
TARA_SAMEA2619840_METAG_MNEIBPBH,0,0,0,Chloroflexota,87.33,MAG
MALA_SAMN05422117_METAG_IBPKNOBN,0,0,0,Archaea-Other,87.07,MAG
TARA_SAMEA2619840_METAG_DNHJHAIJ,0,0,0,Cyano-Pro,77.56,MAG
TARA_SAMEA2623098_METAG_JLGNJAJL,0,0,0,Gamma-Other,98.47,MAG
TARA_SAMEA2623098_METAG_CMDNEIGC,1,1,1,Gamma-Other,85.65,MAG
TARA_SAMEA2623098_METAG_LDOMELCG,0,0,0,Alpha-Other,89.28,MAG
TARA_SAMEA2623098_METAG_BOAFAAIF,1,1,1,Gamma-Alteromonas,80.97,MAG
TARA_SAMEA2623098_METAG_OOAFNHPK,0,0,0,SAR324,82.5,MAG
TARA_SAMEA4397157_METAG_KKINNMDI,0,0,0,Bacteroidota,99.01,MAG
TARA_SAMEA4397157_METAG_KHACAPGP,0,0,0,Bacteroidota,98.96,MAG
TARA_SAMEA4397157_METAG_FFEFKCII,0,0,0,Bacteroidota,97.56,MAG
TARA_SAMEA4397157_METAG_JAFILFOO,0,0,0,Bacteroidota,94.64,MAG
TARA_SAMEA4397157_METAG_CBDGCHJA,0,0,0,Bacteroidota,82.33,MAG
TARA_SAMEA4397157_METAG_EMDKKBHN,0,0,0,Bacteroidota,92.78,MAG
TARA_SAMEA4397157_METAG_ANHNNKAE,0,0,0,Gamma-SAR92,94.63,MAG
TARA_SAMEA4397157_METAG_PMAKHLKI,0,0,0,Alpha-Rhodobacter-LowGC,88.89,MAG
TARA_SAMEA4397157_METAG_MIIOLCIJ,0,0,0,Gamma-SAR92,84.92,MAG
TARA_SAMEA4397157_METAG_ICMFHGLI,0,0,0,Alpha-Rhodobacter-LowGC,76.88,MAG
TARA_SAMEA4397157_METAG_JCKBHBDG,0,0,0,Bacteroidota,86.16,MAG
TARA_SAMEA4397157_METAG_JANIGOGA,0,0,0,Bacteroidota,76.34,MAG
TARA_SAMEA4397705_METAG_AJHMBMCI,0,0,0,Bacteroidota,97.66,MAG
TARA_SAMEA4397705_METAG_DCIAACEB,0,0,0,Gamma-Other,98.56,MAG
TARA_SAMEA4397705_METAG_DOLDDGKM,0,0,0,Bacteroidota,94.03,MAG
TARA_SAMEA4397705_METAG_JFCINLJN,0,0,0,Alpha-Rhodobacter-LowGC,95.46,MAG
TARA_SAMEA4397705_METAG_MDFKMOBM,0,0,0,Bacteroidota,93.47,MAG
TARA_SAMEA4397705_METAG_DCMKOCPI,0,0,0,Alpha-Rhodobacter-LowGC,91.66,MAG
TARA_SAMEA4397705_METAG_NIAAKPBA,0,0,0,Gamma-Other,91.93,MAG
TARA_SAMEA4397705_METAG_DHCFCGJN,0,0,0,Bacteroidota,86.99,MAG
TARA_SAMEA4397705_METAG_AANLCPBP,0,0,0,Bacteroidota,84.38,MAG
TARA_SAMEA4397705_METAG_OLFKJMDI,0,0,0,Gamma-Other,77.01,MAG
TARA_SAMEA4397705_METAG_BKKJOFLE,0,0,0,Bacteroidota,79.66,MAG
TARA_SAMEA4397516_METAG_NMEMKMMF,0,0,0,Bacteroidota,97.04,MAG
TARA_SAMEA4397516_METAG_EDFOGEAE,0,0,0,Bacteroidota,96.01,MAG
TARA_SAMEA4397516_METAG_IHKMLABH,0,0,0,Bacteroidota,96.94,MAG
TARA_SAMEA4397516_METAG_HGGIMKLB,0,0,0,Bacteroidota,97.21,MAG
TARA_SAMEA4397516_METAG_GEGGKGPC,1,1,1,Gamma-Other,78.42,MAG
TARA_SAMEA4397516_METAG_NBMHCLPA,0,0,0,Alpha-Rhodobacter-LowGC,97.35,MAG
TARA_SAMEA4397516_METAG_LNDPMEGG,0,0,0,Alpha-Rhodobacter-LowGC,96.9,MAG
TARA_SAMEA4397516_METAG_MAMMIHFL,0,0,0,Gamma-Other,94.27,MAG
TARA_SAMEA4397516_METAG_NFMDBACF,0,0,0,Bacteroidota,89.26,MAG
MALA_SAMN05422148_METAG_GGNGKCFJ,0,0,0,Archaea-Other,90.56,MAG
MALA_SAMN05422148_METAG_GNCNNAEB,0,0,0,Archaea-Nitrosopumilaceae,78.37,MAG
TARA_SAMEA4396971_METAG_ACALKGFN,0,0,0,Bacteroidota,97.3,MAG
TARA_SAMEA4396971_METAG_BFPGPHFK,0,0,0,Gamma-SAR92,99.16,MAG
TARA_SAMEA4396971_METAG_AFFPLPEE,0,0,0,Bacteroidota,84.88,MAG
TARA_SAMEA4396971_METAG_IIFFNLFM,0,0,0,Bacteroidota,84.71,MAG
TARA_SAMEA4396496_METAG_FCPGNBPN,0,0,0,Verrucomicrobiota,96.38,MAG
TARA_SAMEA4396496_METAG_FKEMGOGJ,0,0,0,Bacteroidota,95.62,MAG
TARA_SAMEA4396496_METAG_OEDDIACM,0,0,0,Alpha-Rhodobacter-LowGC,94.65,MAG
TARA_SAMEA4396496_METAG_DBHEKDIK,0,0,0,Gamma-Other,80.34,MAG
TARA_SAMEA4396496_METAG_MNBIMONN,0,0,0,Gamma-Other,79,MAG
TARA_SAMEA4396496_METAG_NIAMPHME,0,0,0,Bacteroidota,90.76,MAG
TARA_SAMEA4396496_METAG_HGBPLAFP,0,0,0,Alpha-Rhodobacter-LowGC,87.08,MAG
TARA_SAMEA4396496_METAG_HDILNDHF,0,0,0,Alpha-Rhodobacter-LowGC,78.06,MAG
TARA_SAMEA4396496_METAG_FAMPFBIP,0,0,0,Bacteroidota,85.4,MAG
TARA_SAMEA4396496_METAG_LAOEBAPH,0,0,0,Gamma-Other,87.64,MAG
TARA_SAMEA4397239_METAG_HAFCFHCB,0,0,0,Bacteroidota,96.63,MAG
TARA_SAMEA4397239_METAG_IKJKOEDG,0,0,0,Bacteroidota,92.66,MAG
TARA_SAMEA4397239_METAG_EEFHHANB,0,0,0,Bacteroidota,98.01,MAG
TARA_SAMEA4397239_METAG_DLOHGFCN,0,0,0,Gamma-Other,97.32,MAG
TARA_SAMEA4397239_METAG_DEENJKAJ,0,0,0,Gamma-SAR92,89.94,MAG
TARA_SAMEA4397239_METAG_KKOONDLB,0,0,0,Alpha-Rhodobacter-LowGC,96.59,MAG
TARA_SAMEA4397239_METAG_LNCEEDGJ,0,0,0,Alpha-Rhodobacter-LowGC,94.16,MAG
TARA_SAMEA4397239_METAG_EAANGHBD,0,0,0,Gamma-Other,88.05,MAG
TARA_SAMEA4397239_METAG_OEFHPODE,0,0,0,Gamma-Other,92.78,MAG
TARA_SAMEA4397239_METAG_GELKEDKA,0,0,0,Bacteroidota,88.38,MAG
TARA_SAMEA4397239_METAG_IEHLNMEJ,0,0,0,Bacteroidota,90.28,MAG
TARA_SAMEA4397239_METAG_LPMLJFEB,0,0,0,Bacteroidota,85.96,MAG
TARA_SAMEA4397239_METAG_NMNNJACG,0,0,0,Bacteroidota,82.25,MAG
TARA_SAMEA4397930_METAG_ONGLCALM,0,0,0,Verrucomicrobiota,97.52,MAG
TARA_SAMEA4397930_METAG_LDOABJMC,0,0,0,Bacteroidota,98.06,MAG
TARA_SAMEA4397930_METAG_MEDMNDAP,0,0,0,Alpha-Other,98.06,MAG
TARA_SAMEA4397930_METAG_NILIJJOB,0,0,0,Gamma-Other,95.85,MAG
TARA_SAMEA4397930_METAG_NJJBNGCP,0,0,0,Gamma-Other,95.46,MAG
TARA_SAMEA4397930_METAG_JDAPHHFF,0,0,0,Alpha-Rhodobacter-LowGC,96.52,MAG
TARA_SAMEA4397930_METAG_OFDBEDPG,0,0,0,Bacteroidota,88.6,MAG
TARA_SAMEA4397930_METAG_NFNHCHJF,0,0,0,Gamma-Other,84.77,MAG
TARA_SAMEA4397930_METAG_LANIAEAE,0,0,0,Bacteroidota,91.96,MAG
TARA_SAMEA4397930_METAG_BAOKLFLB,0,0,0,Gamma-Other,93.72,MAG
TARA_SAMEA4397930_METAG_FOHBBLMB,0,0,0,Gamma-SAR92,87.76,MAG
TARA_SAMEA4397930_METAG_HPHNBNCH,0,0,0,Bacteroidota,82.13,MAG
TARA_SAMEA4397930_METAG_ILBOFCNI,0,0,0,Bacteroidota,83.8,MAG
TARA_SAMEA4397930_METAG_HEDPJLIL,0,0,0,Bacteroidota,90.02,MAG
TARA_SAMEA4397930_METAG_PAIAEMOE,0,0,0,Gamma-SAR92,80.88,MAG
TARA_SAMEA4397930_METAG_CPLIFPEC,0,0,0,Bacteroidota,87.47,MAG
TARA_SAMEA4397930_METAG_CEFOOFDK,0,0,0,Gamma-Other,82.32,MAG
TARA_SAMEA4397611_METAG_DGNJPNBN,0,0,0,Gamma-SAR92,97.68,MAG
TARA_SAMEA4397611_METAG_GLLDCGJJ,0,0,0,Alpha-Rhodobacter-LowGC,88.68,MAG
TARA_SAMEA4397611_METAG_JBINILIE,0,0,0,Bacteroidota,91.66,MAG
TARA_SAMEA4397611_METAG_DPDDLOJM,0,0,0,Gamma-Other,92.67,MAG
TARA_SAMEA4397611_METAG_BEMFKKJM,0,0,0,Alpha-Rhodobacter-LowGC,91.2,MAG
TARA_SAMEA4397611_METAG_CPBLMLMG,0,0,0,Bacteroidota,89.02,MAG
TARA_SAMEA4397611_METAG_EPCGKKDO,0,0,0,Bacteroidota,91.12,MAG
TARA_SAMEA4397611_METAG_OPNMDMGO,0,0,0,Gamma-Other,90.04,MAG
TARA_SAMEA4397611_METAG_LEHPMFIK,0,0,0,Bacteroidota,76.8,MAG
TARA_SAMEA4397611_METAG_MJFJFBCP,0,0,0,Bacteroidota,87.62,MAG
TARA_SAMEA4397611_METAG_FIJGNOME,0,0,0,Bacteroidota,80.64,MAG
TARA_SAMEA4397611_METAG_GBIDPBPM,0,0,0,Bacteroidota,84.76,MAG
TARA_SAMEA4397611_METAG_GJOAAKIF,0,0,0,Gamma-Other,85.86,MAG
TARA_SAMEA4397756_METAG_NKKEIPND,0,0,0,Bacteroidota,98.82,MAG
TARA_SAMEA4397756_METAG_GOBLHHGB,0,0,0,Bacteroidota,97.4,MAG
TARA_SAMEA4397756_METAG_JLMPHACD,0,0,0,Gamma-SAR92,83.08,MAG
TARA_SAMEA4397756_METAG_IEPBAGAP,0,0,0,Bacteroidota,95.93,MAG
TARA_SAMEA4397756_METAG_BADFKMOP,0,0,0,Gamma-Other,96.64,MAG
TARA_SAMEA4397756_METAG_AGNKNMPA,0,0,0,Bacteroidota,89.85,MAG
TARA_SAMEA4397756_METAG_BOMLECLF,0,0,0,Bacteroidota,94.64,MAG
TARA_SAMEA4397756_METAG_LANPKBNP,0,0,0,Bacteroidota,79.11,MAG
TARA_SAMEA4397756_METAG_ADPAGJDC,0,0,0,Bacteroidota,93.12,MAG
TARA_SAMEA4397756_METAG_JBMCIKMP,0,0,0,Bacteroidota,78.46,MAG
TARA_SAMEA4397756_METAG_MPMNKNJG,0,0,0,Gamma-SAR92,84.07,MAG
TARA_SAMEA4397756_METAG_LHHBAGEM,0,0,0,Bacteroidota,79.94,MAG
TARA_SAMEA4397756_METAG_KKINDKMM,0,0,0,Bacteroidota,89.17,MAG
TARA_SAMEA4397756_METAG_IPDLHAKO,0,0,0,Bacteroidota,86.04,MAG
TARA_SAMEA4398296_METAG_DPFMLPLK,0,0,0,Bacteroidota,97.98,MAG
TARA_SAMEA4398296_METAG_HGINLIBF,0,0,0,Bacteroidota,96.22,MAG
TARA_SAMEA4398296_METAG_IEPAMDEE,0,0,0,Bacteroidota,97.06,MAG
TARA_SAMEA4398296_METAG_IEFMEDEK,0,0,0,Alpha-Rhodobacter-LowGC,92.79,MAG
TARA_SAMEA4398296_METAG_PMCLKCFJ,0,0,0,Gamma-Other,94.88,MAG
TARA_SAMEA4398296_METAG_EPAGIBDP,0,0,0,Bacteroidota,86.15,MAG
TARA_SAMEA4398296_METAG_NNBHIBNK,0,0,0,Gamma-Other,91.26,MAG
TARA_SAMEA4398296_METAG_INMCONGG,0,0,0,Bacteroidota,89.92,MAG
TARA_SAMEA4398296_METAG_MLHNACNM,0,0,0,Alpha-Rhodobacter-LowGC,75.88,MAG
TARA_SAMEA4398296_METAG_LEGCALCP,0,0,0,Gamma-Other,75.84,MAG
MALA_SAMN05422138_METAG_EJDJLDEO,0,0,0,Archaea-Other,94.91,MAG
TARA_SAMEA4397196_METAG_BMMPCMEC,0,0,0,Bacteroidota,99.5,MAG
TARA_SAMEA4397196_METAG_DMMDDMDG,0,0,0,Bacteroidota,99.01,MAG
TARA_SAMEA4397196_METAG_EFAOIEIE,0,0,0,Verrucomicrobiota,97.86,MAG
TARA_SAMEA4397196_METAG_JIMKDDFL,0,0,0,Alpha-Other,97.87,MAG
TARA_SAMEA4397196_METAG_NDKJMPMF,0,0,0,Gamma-SAR92,90.77,MAG
TARA_SAMEA4397196_METAG_DPMGKJHI,0,0,0,Bacteroidota,95.44,MAG
TARA_SAMEA4397196_METAG_CHNOLNNG,0,0,0,Alpha-Rhodobacter-LowGC,94.26,MAG
TARA_SAMEA4397196_METAG_APPGDCJL,0,0,0,Gamma-Other,96.04,MAG
TARA_SAMEA4397196_METAG_KFNFJDCJ,0,0,0,Bacteroidota,88.78,MAG
TARA_SAMEA4397196_METAG_DLMELAAG,0,0,0,Bacteroidota,95.23,MAG
TARA_SAMEA4397196_METAG_MEPNMJGA,0,0,0,Gamma-Other,93.18,MAG
TARA_SAMEA4397196_METAG_HAIGGOEN,0,0,0,Bacteroidota,90.2,MAG
TARA_SAMEA4397196_METAG_IJOKKCJK,0,0,0,Alpha-Rhodobacter-LowGC,78.6,MAG
TARA_SAMEA4397196_METAG_BOACPEPI,0,0,0,Bacteroidota,78.79,MAG
TARA_SAMEA4397196_METAG_IJPDADCN,0,0,0,Gamma-Other,78.84,MAG
TARA_SAMEA4397196_METAG_EOFEHAAK,0,0,0,Gamma-Other,75.4,MAG
TARA_SAMEA4397983_METAG_DEGCONOP,0,0,0,Bacteroidota,97.3,MAG
TARA_SAMEA4397983_METAG_OLBGKPMH,0,0,0,Alpha-Rhodobacter-LowGC,88.74,MAG
TARA_SAMEA4397983_METAG_NMPJLCGN,0,0,0,Gamma-Other,91.62,MAG
TARA_SAMEA4397983_METAG_GLDALMMN,0,0,0,Bacteroidota,88.71,MAG
TARA_SAMEA4397983_METAG_CAOKONEB,0,0,0,Gamma-SAR92,80.46,MAG
TARA_SAMEA4397983_METAG_BMCMPPJF,0,0,0,Gamma-Other,87.66,MAG
TARA_SAMEA4397983_METAG_KGDLJJKA,0,0,0,Bacteroidota,82.78,MAG
TARA_SAMEA4397983_METAG_NHPFMEKD,0,0,0,Gamma-Other,84.38,MAG
MALA_SAMN05422138_METAG_AOLCCCOE,0,0,0,Archaea-Other,80.7,MAG
TARA_SAMEA4398094_METAG_FKONMKBF,0,0,0,Alpha-Other,98.08,MAG
TARA_SAMEA4398094_METAG_MKJMMPAL,0,0,0,Bacteroidota,97.54,MAG
TARA_SAMEA4398094_METAG_HGDMBOBN,0,0,0,Alpha-Rhodobacter-LowGC,97.35,MAG
TARA_SAMEA4398094_METAG_IIDAKCEO,1,1,1,Bacteroidota,96.47,MAG
TARA_SAMEA4398094_METAG_LEFPPNLG,0,0,0,Alpha-Rhodobacter,95.52,MAG
TARA_SAMEA4398094_METAG_DHDIPLLM,0,0,0,Gamma-Other,93.28,MAG
TARA_SAMEA4398094_METAG_BOMBCEAA,0,0,0,Bacteroidota,86.24,MAG
TARA_SAMEA4398094_METAG_KMGGAFFA,0,0,0,Bacteroidota,92.53,MAG
TARA_SAMEA4398094_METAG_LDHJNHAG,0,0,0,Actinobacteriota,94.03,MAG
TARA_SAMEA4398094_METAG_CPMCGDDP,0,0,0,Gamma-Other,91.05,MAG
TARA_SAMEA4398094_METAG_HINOJMDG,0,0,0,Gamma-SAR92,86.16,MAG
TARA_SAMEA4398094_METAG_OKDJOKPA,0,0,0,Bacteroidota,85.16,MAG
TARA_SAMEA4398094_METAG_NNKMOENM,0,0,0,Gamma-SAR92,80.39,MAG
TARA_SAMEA4398094_METAG_JJBMILFE,0,0,0,Alpha-Rhodobacter,89.88,MAG
TARA_SAMEA4398094_METAG_DJMDLBAK,0,0,0,Bacteroidota,84.62,MAG
TARA_SAMEA4398094_METAG_INDKCCAN,0,0,0,Bacteroidota,87.32,MAG
TARA_SAMEA4398094_METAG_MPNIAOKK,0,0,0,Alpha-Other,75.08,MAG
TARA_SAMEA4398094_METAG_IPGGOMJH,0,0,0,Gamma-SAR92,75.8,MAG
TARA_SAMEA4398094_METAG_HLODEJFC,0,0,0,Bacteroidota,87.03,MAG
TARA_SAMEA4398094_METAG_EFNCGBHH,0,0,0,Gamma-SAR92,79.69,MAG
TARA_SAMEA4398150_METAG_EAFJNJHB,0,0,0,Bacteroidota,96.76,MAG
TARA_SAMEA4398150_METAG_MKEDNHKK,0,0,0,Bacteroidota,95.64,MAG
TARA_SAMEA4398150_METAG_MPKBFDJI,0,0,0,Alpha-Rhodobacter-LowGC,90.98,MAG
TARA_SAMEA4398150_METAG_CDBICEIB,0,0,0,Alpha-Other,97.27,MAG
TARA_SAMEA4398150_METAG_APNGJNEO,0,0,0,Bacteroidota,95.69,MAG
TARA_SAMEA4398150_METAG_JLCPFBNK,0,0,0,Alpha-Rhodobacter-LowGC,89.72,MAG
MALA_SAMN05422183_METAG_LKHOKPLK,0,0,0,Archaea-Other,94.71,MAG
TARA_SAMEA4398150_METAG_JIJIPPAB,0,0,0,Gamma-Other,91.79,MAG
TARA_SAMEA4398150_METAG_KENPGIKB,0,0,0,Bacteroidota,88.5,MAG
TARA_SAMEA4398150_METAG_PCNDMNLB,0,0,0,Verrucomicrobiota,82.58,MAG
MALA_SAMN05422107_METAG_BKFNJHPG,0,0,0,Archaea-Other,83.89,MAG
TARA_SAMEA4397842_METAG_LKCECJEK,0,0,0,Gamma-Other,98.38,MAG
TARA_SAMEA4397842_METAG_JJGLIADL,0,0,0,Bacteroidota,95.67,MAG
TARA_SAMEA4397842_METAG_JKGJCJLE,0,0,0,Gamma-Other,90.9,MAG
TARA_SAMEA4397842_METAG_FNHOGILI,0,0,0,Gamma-SAR92,81.32,MAG
TARA_SAMEA4397842_METAG_DGKKFFBP,0,0,0,Alpha-Rhodobacter-LowGC,86.2,MAG
TARA_SAMEA4397842_METAG_AAFFHNMH,0,0,0,Gamma-Other,78.44,MAG
TARA_SAMEA4397842_METAG_ILGPDOJP,0,0,0,Bacteroidota,88.6,MAG
TARA_SAMEA4397842_METAG_DDCMOHCK,0,0,0,Bacteroidota,90.89,MAG
TARA_SAMEA4397842_METAG_CDEHMPDI,0,0,0,Gamma-Other,79.16,MAG
TARA_SAMEA4397034_METAG_CCADBMCG,0,0,0,Bacteroidota,98.02,MAG
TARA_SAMEA4397034_METAG_GPHNGABH,0,0,0,Bacteroidota,97.07,MAG
TARA_SAMEA4397034_METAG_ADIONDJB,0,0,0,Bacteroidota,97.22,MAG
TARA_SAMEA4397034_METAG_BCBOLHGA,0,0,0,Bacteroidota,95.65,MAG
TARA_SAMEA4397034_METAG_IFFKGGLD,0,0,0,Gamma-Other,91.34,MAG
TARA_SAMEA4397034_METAG_HEDMAHOG,0,0,0,Bacteroidota,91.66,MAG
TARA_SAMEA4397034_METAG_FFGJDONG,1,1,1,Verrucomicrobiota,76.9,MAG
TARA_SAMEA4397034_METAG_KLABDPCP,0,0,0,Gamma-SAR92,78.43,MAG
TARA_SAMEA4397034_METAG_GFNGIFIJ,0,0,0,Gamma-Other,89.84,MAG
TARA_SAMEA4397426_METAG_HDCIOHLD,0,0,0,Bacteroidota,96.24,MAG
TARA_SAMEA4397426_METAG_AIPELCJN,0,0,0,Alpha-Rhodobacter-LowGC,95.24,MAG
TARA_SAMEA4397426_METAG_GKOPONIC,0,0,0,Gamma-Other,96.45,MAG
TARA_SAMEA4397426_METAG_MALPEDIP,0,0,0,Gamma-Other,95.94,MAG
TARA_SAMEA4397426_METAG_LBANONNH,0,0,0,Gamma-SAR92,89.56,MAG
TARA_SAMEA4397426_METAG_LEHMKHKI,0,0,0,Gamma-Other,91.87,MAG
TARA_SAMEA4397426_METAG_HDMEMOAM,0,0,0,Bacteroidota,90.87,MAG
TARA_SAMEA4397426_METAG_PCBOMFDG,0,0,0,Alpha-Rhodobacter-LowGC,81.53,MAG
TARA_SAMEA4397426_METAG_OGADDPMJ,1,1,1,Actinobacteriota,91,MAG
TARA_SAMEA4397426_METAG_LHOEIFPK,0,0,0,Bacteroidota,87.06,MAG
TARA_SAMEA4396424_METAG_OFLAPIDO,0,0,0,Verrucomicrobiota,98.5,MAG
TARA_SAMEA4396424_METAG_HIKNENFF,0,0,0,Bacteroidota,95.78,MAG
TARA_SAMEA4396424_METAG_OKLBJAED,0,0,0,Gamma-Other,95.96,MAG
TARA_SAMEA4396424_METAG_KOECLKOP,0,0,0,Gamma-Other,95.43,MAG
TARA_SAMEA4396424_METAG_ABPJLGNH,0,0,0,Bacteroidota,91.8,MAG
TARA_SAMEA4396424_METAG_EDCJMNAP,0,0,0,Gamma-Other,77.37,MAG
TARA_SAMEA4396424_METAG_KNILDMLM,0,0,0,Alpha-Rhodobacter-LowGC,91.18,MAG
TARA_SAMEA4396424_METAG_KIFEJAOL,0,0,0,Bacteroidota,79.69,MAG
TARA_SAMEA4396424_METAG_BCADOMNA,0,0,0,Alpha-Rhodobacter-LowGC,81.82,MAG
TARA_SAMEA4396424_METAG_EBCGIKPI,0,0,0,Bacteroidota,85.6,MAG
TARA_SAMEA4396424_METAG_CPDGLPCG,0,0,0,Bacteroidota,87.33,MAG
MALA_SAMN05422163_METAG_EPKFNOLO,0,0,0,Archaea-Nitrosopumilaceae,79.21,MAG
TARA_SAMEA4398219_METAG_GIBLFLOK,0,0,0,Bacteroidota,98.52,MAG
TARA_SAMEA4398219_METAG_GHBABGJG,1,1,1,Gamma-Other,85.78,MAG
TARA_SAMEA4398219_METAG_DFNCOKLH,0,0,0,Verrucomicrobiota,96.49,MAG
TARA_SAMEA4398219_METAG_LJMACJEA,0,0,0,Alpha-Other,97.98,MAG
TARA_SAMEA4398219_METAG_GEKBPNCA,0,0,0,Alpha-Rhodobacter-LowGC,88.03,MAG
TARA_SAMEA4398219_METAG_MOMDNGBB,0,0,0,Gamma-SAR92,79.74,MAG
TARA_SAMEA4398219_METAG_KOKDGDEH,0,0,0,Bacteroidota,88.8,MAG
TARA_SAMEA4398219_METAG_KCHDKMNG,0,0,0,Verrucomicrobiota,86.38,MAG
TARA_SAMEA4398219_METAG_EJEIKAKG,0,0,0,Actinobacteriota,81.8,MAG
TARA_SAMEA4398219_METAG_MOHHODOE,0,0,0,Bacteria-Other,80.18,MAG
TARA_SAMEA4398219_METAG_EPFJNFMG,0,0,0,Bacteroidota,75.68,MAG
TARA_SAMEA4397390_METAG_DOHGBDBG,0,0,0,Bacteroidota,98.46,MAG
TARA_SAMEA4397390_METAG_NEHEMHAD,1,1,1,Verrucomicrobiota,98.18,MAG
TARA_SAMEA4397390_METAG_OGHBNMNG,0,0,0,Bacteroidota,97.04,MAG
TARA_SAMEA4397390_METAG_KNJHDPKL,0,0,0,Bacteroidota,95.24,MAG
TARA_SAMEA4397390_METAG_IOAFGJHL,0,0,0,Gamma-Other,96.43,MAG
TARA_SAMEA4397390_METAG_NNEDOAFJ,0,0,0,Bacteroidota,82.82,MAG
TARA_SAMEA4397390_METAG_OANBIOOI,0,0,0,Alpha-Rhodobacter-LowGC,89.72,MAG
TARA_SAMEA4397390_METAG_AGNCMICA,0,0,0,Bacteroidota,90,MAG
TARA_SAMEA4397390_METAG_IOJGGGMM,0,0,0,Bacteroidota,80.21,MAG
TARA_SAMEA4397390_METAG_KKFDFAJG,0,0,0,Bacteroidota,86.1,MAG
TARA_SAMEA4397390_METAG_ADLDKLCD,0,0,0,Bacteroidota,86.69,MAG
TARA_SAMEA4397390_METAG_MMFEPNIK,0,0,0,Bacteroidota,76.41,MAG
TARA_SAMEA4397903_METAG_KOGCEGFL,0,0,0,Bacteroidota,97.04,MAG
TARA_SAMEA4397903_METAG_COLDHBKF,1,1,1,Bacteroidota,97.82,MAG
TARA_SAMEA4397903_METAG_EFCIEINE,0,0,0,Gamma-SAR92,91.32,MAG
TARA_SAMEA4397903_METAG_BMKFPANH,0,0,0,Alpha-Rhodobacter-LowGC,94.64,MAG
TARA_SAMEA4397903_METAG_EIOLILBJ,0,0,0,Bacteroidota,87.74,MAG
TARA_SAMEA4397903_METAG_FIMBDEFK,0,0,0,Bacteroidota,83.34,MAG
TARA_SAMEA4397903_METAG_NDECHONE,0,0,0,Gamma-Other,91.36,MAG
TARA_SAMEA4397903_METAG_OPGBCPFI,0,0,0,Bacteroidota,91.4,MAG
TARA_SAMEA4397903_METAG_EENIGEDP,0,0,0,Bacteroidota,87.89,MAG
TARA_SAMEA4397903_METAG_ICEMOHEL,0,0,0,Bacteroidota,86.98,MAG
TARA_SAMEA4397903_METAG_ONNOGBMN,0,0,0,Bacteroidota,84.9,MAG
TARA_SAMEA4398370_METAG_KKLLIOCH,0,0,0,Gamma-Other,98.32,MAG
TARA_SAMEA4398370_METAG_FOIFAOEO,0,0,0,Alpha-Rhodobacter-LowGC,96.11,MAG
TARA_SAMEA4398370_METAG_PFIHJIDJ,0,0,0,Bacteroidota,93.65,MAG
TARA_SAMEA4398370_METAG_FLPNMPJL,0,0,0,Alpha-Other,93.68,MAG
TARA_SAMEA4398370_METAG_FGEFIPAK,0,0,0,Bacteroidota,91.51,MAG
TARA_SAMEA4398370_METAG_IEMJIIAI,0,0,0,SAR324,91.73,MAG
TARA_SAMEA4398370_METAG_BEKFDOBB,0,0,0,Bacteroidota,85.6,MAG
TARA_SAMEA4398370_METAG_NEENGEND,0,0,0,Gamma-Other,79.72,MAG
TARA_SAMEA4398370_METAG_CFILGFGC,0,0,0,Gamma-Other,80.14,MAG
TARA_SAMEA4398009_METAG_AIEKCAPA,0,0,0,Bacteroidota,95.58,MAG
TARA_SAMEA4398009_METAG_MODGJEKJ,0,0,0,Alpha-Rhodobacter-LowGC,95.6,MAG
TARA_SAMEA4398009_METAG_DIKACLON,0,0,0,Gamma-Other,89.66,MAG
TARA_SAMEA4398009_METAG_HHIGBOGA,0,0,0,Bacteroidota,91.23,MAG
TARA_SAMEA4398009_METAG_KNABLENN,0,0,0,Gamma-SAR92,88.86,MAG
TARA_SAMEA4398009_METAG_NOGNCHFI,0,0,0,Bacteroidota,84.51,MAG
TARA_SAMEA4398009_METAG_EPMEJNOH,0,0,0,Bacteroidota,84.76,MAG
TARA_SAMEA4398009_METAG_CAOMJLNE,0,0,0,Gamma-Other,94.2,MAG
TARA_SAMEA4398009_METAG_LEDOCBPK,0,0,0,Gamma-Other,95.48,MAG
TARA_SAMEA4398009_METAG_DOCAIFNI,0,0,0,Bacteroidota,92.18,MAG
TARA_SAMEA4398009_METAG_JEEKAPBK,0,0,0,Gamma-Other,93.18,MAG
TARA_SAMEA4398009_METAG_AIEPJOLK,0,0,0,Bacteroidota,76.1,MAG
TARA_SAMEA4398009_METAG_IOMMGCMN,0,0,0,Alpha-Rhodobacter,88.6,MAG
TARA_SAMEA4398009_METAG_OLOKOLBK,0,0,0,Alpha-Rhodobacter-LowGC,87.17,MAG
TARA_SAMEA4398009_METAG_MKDCNEBD,0,0,0,Bacteroidota,82.47,MAG
TARA_SAMEA4398009_METAG_KMOHILDM,0,0,0,Bacteroidota,81.82,MAG
TARA_SAMEA4398009_METAG_AELDHDDC,0,0,0,Gamma-Other,79.73,MAG
TARA_SAMEA4398009_METAG_GJGHIPKM,0,0,0,Bacteroidota,77.46,MAG
TARA_SAMEA4397798_METAG_CONPPJFB,0,0,0,Gamma-Other,89.4,MAG
TARA_SAMEA4397798_METAG_MHPHGKAL,0,0,0,Bacteroidota,95.8,MAG
TARA_SAMEA4397798_METAG_CFPPPCED,0,0,0,Alpha-Rhodobacter-LowGC,95.76,MAG
TARA_SAMEA4397798_METAG_CMHKDHLN,0,0,0,Bacteroidota,92.96,MAG
TARA_SAMEA4397798_METAG_LCPMICCD,0,0,0,Bacteroidota,90.64,MAG
TARA_SAMEA4397798_METAG_MOMHAAJD,0,0,0,Bacteroidota,93.85,MAG
TARA_SAMEA4397798_METAG_JIGNHPKO,0,0,0,Gamma-Other,94.08,MAG
TARA_SAMEA4397798_METAG_DOHOKHCJ,0,0,0,Alpha-Rhodobacter-LowGC,88.9,MAG
TARA_SAMEA4397798_METAG_LFDLIGCG,0,0,0,Bacteroidota,93.46,MAG
TARA_SAMEA4397798_METAG_PHLNPKHD,0,0,0,Gamma-SAR92,80.8,MAG
TARA_SAMEA4397798_METAG_NOHKCKOH,0,0,0,Bacteroidota,86.62,MAG
TARA_SAMEA4397798_METAG_KOOHKLLE,0,0,0,Bacteroidota,90.14,MAG
TARA_SAMEA4397798_METAG_JNDABIAN,0,0,0,Alpha-Rhodobacter,84.46,MAG
TARA_SAMEA4397798_METAG_BBNNMJDJ,0,0,0,Gamma-Other,87.34,MAG
TARA_SAMEA4397101_METAG_BNDPMDIP,0,0,0,Gamma-SAR92,90.76,MAG
TARA_SAMEA4397101_METAG_OPFDNGJG,0,0,0,Bacteroidota,93.85,MAG
TARA_SAMEA4397101_METAG_EFILLLOL,0,0,0,Gamma-SAR92,96.23,MAG
TARA_SAMEA4397101_METAG_FDAENHHH,0,0,0,Alpha-Rhodobacter-LowGC,86.91,MAG
TARA_SAMEA4397101_METAG_NLFCGGNO,0,0,0,Bacteroidota,75.18,MAG
TARA_SAMEA4397101_METAG_IPDLJNJN,0,0,0,Bacteroidota,89.39,MAG
TARA_SAMEA4397101_METAG_NELGCGNM,0,0,0,Bacteroidota,82.93,MAG
TARA_SAMEA4397101_METAG_LFDNEMDP,0,0,0,Bacteroidota,75.63,MAG
TARA_SAMEA4397072_METAG_AACGBECA,1,1,1,Verrucomicrobiota,98.52,MAG
TARA_SAMEA4397072_METAG_LFFLGJNM,0,0,0,Gamma-Other,77.04,MAG
TARA_SAMEA4397072_METAG_DHLMENOD,0,0,0,Bacteroidota,90.15,MAG
TARA_SAMEA4397072_METAG_FKEOJAMD,0,0,0,Bacteroidota,87.98,MAG
TARA_SAMEA4397072_METAG_IOEOGPDB,0,0,0,Gamma-Other,82.03,MAG
TARA_SAMEA4397072_METAG_DOGBLDEC,0,0,0,SAR324,85.47,MAG
TARA_SAMEA4397072_METAG_CAPBBGPM,0,0,0,Bacteroidota,81.01,MAG
TARA_SAMEA4397072_METAG_ANGEBEBN,0,0,0,Chloroflexota,78.38,MAG
TARA_SAMEA4397311_METAG_JMIIIKEJ,0,0,0,Alpha-Rhodobacter-LowGC,90.65,MAG
TARA_SAMEA4397311_METAG_OIGPDLKO,0,0,0,Bacteroidota,95.86,MAG
TARA_SAMEA4397311_METAG_LMIBCDNN,0,0,0,Bacteroidota,92.64,MAG
TARA_SAMEA4397311_METAG_LGHMOBNL,0,0,0,Bacteroidota,85.77,MAG
TARA_SAMEA4397311_METAG_GHBJEAOB,0,0,0,Bacteroidota,84.04,MAG
TARA_SAMEA4397311_METAG_JKCIHNMH,0,0,0,Bacteroidota,77.37,MAG
TARA_SAMEA4397311_METAG_FGAGKMPK,0,0,0,Bacteroidota,77.1,MAG
TARA_SAMEA4398176_METAG_IFDJJLDC,0,0,0,Alpha-Other,98.3,MAG
TARA_SAMEA4398176_METAG_LIGBHBCI,0,0,0,Bacteroidota,97.18,MAG
TARA_SAMEA4398176_METAG_ILHOEDLC,0,0,0,Gamma-Other,96.06,MAG
TARA_SAMEA4398176_METAG_MOBMCDLB,0,0,0,Bacteria-Other,95.64,MAG
TARA_SAMEA4398176_METAG_CEGMLDFC,1,1,1,Verrucomicrobiota,94.88,MAG
TARA_SAMEA4398176_METAG_FHCHNHJL,0,0,0,Alpha-Rhodobacter-LowGC,96.24,MAG
TARA_SAMEA4398176_METAG_IDMPINDM,0,0,0,Bacteroidota,92.86,MAG
TARA_SAMEA4398176_METAG_MKMBJHFD,0,0,0,Gamma-SAR92,75.2,MAG
TARA_SAMEA4398176_METAG_MCAMDOIP,0,0,0,Gamma-SAR92,76.63,MAG
TARA_SAMEA4398176_METAG_BJKMHBBN,0,0,0,Bacteroidota,90.55,MAG
TARA_SAMEA4398176_METAG_BFMAHDOH,0,0,0,Bacteroidota,81.1,MAG
TARA_SAMEA4398176_METAG_OHIDAPEF,0,0,0,Bacteroidota,87.57,MAG
TARA_SAMEA4398176_METAG_FOFMNJAA,0,0,0,Bacteroidota,88.2,MAG
TARA_SAMEA4398176_METAG_MJDGLOPO,0,0,0,Gamma-Other,88.36,MAG
TARA_SAMEA4397355_METAG_GAMKNJMC,0,0,0,Bacteroidota,95.2,MAG
TARA_SAMEA4397355_METAG_AHHGCAED,0,0,0,Bacteroidota,95.08,MAG
TARA_SAMEA4397355_METAG_NMOPFAIF,0,0,0,Bacteroidota,82.14,MAG
TARA_SAMEA4397355_METAG_FLDKLNEJ,0,0,0,Chloroflexota,89.52,MAG
TARA_SAMEA4397355_METAG_GBNGKNAM,0,0,0,Gamma-Other,92.22,MAG
TARA_SAMEA4397355_METAG_FHHCAOIH,0,0,0,Bacteroidota,87.44,MAG
TARA_SAMEA4397355_METAG_BEBACFKO,0,0,0,Planctomycetota,79.92,MAG
TARA_SAMEA4397355_METAG_BAFIJDJF,0,0,0,Chloroflexota,75.69,MAG
TARA_SAMEA4397355_METAG_GJEIFDFO,0,0,0,Gamma-Other,84.73,MAG
TARA_SAMEA4397355_METAG_NAOJFDNG,0,0,0,Gamma-Other,79.32,MAG
TARA_SAMEA4397730_METAG_DNEDKOCP,0,0,0,Bacteroidota,94.8,MAG
TARA_SAMEA4397730_METAG_IILBDIKD,1,1,1,Planctomycetota,93.26,MAG
TARA_SAMEA4397730_METAG_IAOPDLON,0,0,0,Bacteroidota,90.88,MAG
TARA_SAMEA4397730_METAG_AAMFEHOH,0,0,0,Chloroflexota,88.74,MAG
TARA_SAMEA4397730_METAG_DLBCGLOF,0,0,0,Bacteroidota,88.35,MAG
TARA_SAMEA4397730_METAG_KKOAPPDK,0,0,0,Gamma-Other,86,MAG
TARA_SAMEA4398067_METAG_GOLPMMLI,0,0,0,Bacteroidota,98.52,MAG
TARA_SAMEA4398067_METAG_CAMNPADC,0,0,0,Bacteroidota,97.85,MAG
TARA_SAMEA4398067_METAG_KGGLPANE,0,0,0,Gamma-Other,98.2,MAG
TARA_SAMEA4398067_METAG_LJJNHKOF,0,0,0,Bacteroidota,95.28,MAG
TARA_SAMEA4398067_METAG_KPDKLMCO,0,0,0,Bacteroidota,96.03,MAG
TARA_SAMEA4398067_METAG_DNCIKKDC,0,0,0,Bacteroidota,91.28,MAG
TARA_SAMEA4398067_METAG_NAICBILF,0,0,0,Bacteroidota,96.2,MAG
TARA_SAMEA4398067_METAG_FFCGELPJ,0,0,0,Alpha-Rhodobacter-LowGC,97.04,MAG
TARA_SAMEA4398067_METAG_NCLEIOHB,0,0,0,Bacteroidota,95.21,MAG
TARA_SAMEA4398067_METAG_DFDIHLMN,0,0,0,Gamma-SAR92,81.38,MAG
TARA_SAMEA4398067_METAG_NFMICODN,0,0,0,Gamma-Other,93.78,MAG
TARA_SAMEA4398067_METAG_DFJLEHDO,0,0,0,Actinobacteriota,93.26,MAG
TARA_SAMEA4398067_METAG_JAKAJNGF,0,0,0,Alpha-Rhodobacter-LowGC,85.98,MAG
TARA_SAMEA4398067_METAG_AAAAJBGD,0,0,0,Bacteroidota,83.67,MAG
TARA_SAMEA4398067_METAG_EBJPFONO,0,0,0,Bacteroidota,80.69,MAG
TARA_SAMEA4398067_METAG_NGCEJAJH,0,0,0,Gamma-SAR92,80.31,MAG
TARA_SAMEA4397569_METAG_FLCEJGBL,0,0,0,Alpha-Rhodobacter-LowGC,97.18,MAG
TARA_SAMEA4397569_METAG_LLNGGIOL,0,0,0,Bacteroidota,96.05,MAG
TARA_SAMEA4397569_METAG_BHFKLDDG,0,0,0,Alpha-Rhodobacter-LowGC,96.42,MAG
TARA_SAMEA4397569_METAG_ICDDGKPI,0,0,0,Gamma-SAR92,95.5,MAG
TARA_SAMEA4397569_METAG_ALILFCPM,0,0,0,Gamma-Other,88.62,MAG
TARA_SAMEA4397569_METAG_LGMMKPIF,0,0,0,Gamma-Other,92.68,MAG
TARA_SAMEA4397569_METAG_DKAFNMNH,0,0,0,Bacteroidota,82.56,MAG
TARA_SAMEA4397569_METAG_KOBFDGJC,0,0,0,Bacteroidota,89.18,MAG
TARA_SAMEA4397569_METAG_ONDIMIII,0,0,0,Bacteroidota,86,MAG
TARA_SAMEA4397569_METAG_FDONCBOI,0,0,0,Bacteroidota,77.54,MAG
TARA_SAMEA4397569_METAG_ABPDIGHM,0,0,0,Bacteroidota,76.6,MAG
TARA_SAMEA4397472_METAG_LHPFMPKO,0,0,0,Bacteroidota,99.28,MAG
TARA_SAMEA4397472_METAG_OKEGKAFL,0,0,0,Gamma-SAR92,98.98,MAG
TARA_SAMEA4397472_METAG_LCMGNMHK,0,0,0,Bacteroidota,95.82,MAG
TARA_SAMEA4397472_METAG_INNDJFNJ,0,0,0,Bacteroidota,93.1,MAG
TARA_SAMEA4397472_METAG_FANKLAJP,0,0,0,Gamma-Other,96.81,MAG
TARA_SAMEA4397472_METAG_BOAEAJCE,0,0,0,Bacteroidota,94.76,MAG
TARA_SAMEA4397472_METAG_KDCDGNFF,0,0,0,Gamma-SAR92,81.94,MAG
TARA_SAMEA4397472_METAG_CDHDNHMC,0,0,0,Bacteroidota,94.1,MAG
TARA_SAMEA4397472_METAG_IICFNMDO,0,0,0,Bacteroidota,83,MAG
TARA_SAMEA4397472_METAG_KPDDLJNG,0,0,0,Alpha-Rhodobacter,83.65,MAG
TARA_SAMEA4397472_METAG_JHDJPHEC,0,0,0,Actinobacteriota,91.81,MAG
TARA_SAMEA4397472_METAG_NDDKPJGF,0,0,0,Actinobacteriota,79.67,MAG
TARA_SAMEA4398413_METAG_CALKJODJ,0,0,0,Verrucomicrobiota,97.86,MAG
TARA_SAMEA4398413_METAG_BNEBCEMC,0,0,0,Chloroflexota,91,MAG
TARA_SAMEA4398413_METAG_NLEBIJNN,0,0,0,Bacteroidota,88.97,MAG
TARA_SAMEA4398413_METAG_KBHFDNKM,0,0,0,Chloroflexota,90.82,MAG
TARA_SAMEA4398413_METAG_GBHDNGAB,0,0,0,Gamma-Other,89.34,MAG
TARA_SAMEA4398413_METAG_NPHGHJPH,0,0,0,Bacteroidota,78.31,MAG
TARA_SAMEA4398413_METAG_LDGNMECI,0,0,0,Verrucomicrobiota,88.01,MAG
TARA_SAMEA4398413_METAG_JEBOCLCI,0,0,0,Bacteroidota,80.9,MAG
TARA_SAMEA4398413_METAG_HLBCLNHO,0,0,0,Chloroflexota,78.82,MAG
TARA_SAMEA4398413_METAG_ECNOPNFG,0,0,0,Gamma-Other,79.86,MAG
TARA_SAMEA4397004_METAG_LIPKJGAN,0,0,0,Chloroflexota,90.68,MAG
TARA_SAMEA4397004_METAG_PNNEEMHB,0,0,0,Bacteroidota,85.34,MAG
TARA_SAMEA4397004_METAG_HGNLEAJF,0,0,0,Bacteroidota,83.43,MAG
TARA_SAMEA4397004_METAG_LFLDDBLH,0,0,0,Verrucomicrobiota,79.62,MAG
TARA_SAMEA4396468_METAG_KMBHLFND,0,0,0,Actinobacteriota,98.28,MAG
TARA_SAMEA4396468_METAG_DOOIBEFB,0,0,0,Gamma-Other,95.72,MAG
TARA_SAMEA4396468_METAG_GEOAMOPC,1,1,1,Verrucomicrobiota,90.7,MAG
TARA_SAMEA4396468_METAG_OAOHDFNE,0,0,0,Chloroflexota,83.55,MAG
TARA_SAMEA4396468_METAG_AJLFPMMD,0,0,0,SAR324,87.04,MAG
TARA_SAMEA4396538_METAG_AKMBCAPL,0,0,0,Bacteroidota,97.57,MAG
TARA_SAMEA4396538_METAG_GJBDHKGG,0,0,0,Gamma-SAR92,99.16,MAG
TARA_SAMEA4396538_METAG_AEEOOKMC,0,0,0,Gamma-Other,97.56,MAG
TARA_SAMEA4396538_METAG_JPBGGFFI,0,0,0,Alpha-Rhodobacter-LowGC,93.22,MAG
TARA_SAMEA4396538_METAG_JEGCMNOG,0,0,0,Alpha-Rhodobacter,91.85,MAG
TARA_SAMEA4396538_METAG_NENAJCNL,0,0,0,Alpha-Rhodobacter-LowGC,84.62,MAG
TARA_SAMEA4396538_METAG_JMMOIPAP,0,0,0,Bacteroidota,82.85,MAG
TARA_SAMEA4396538_METAG_IAJCMMNB,0,0,0,Bacteroidota,81.34,MAG
TARA_SAMEA4397649_METAG_MIMGGCOL,0,0,0,Gamma-Other,98.56,MAG
TARA_SAMEA4397649_METAG_EBHOBEIG,0,0,0,Alpha-Rhodobacter-LowGC,97.04,MAG
TARA_SAMEA4397649_METAG_JCOFDMPM,0,0,0,Gamma-Other,94.7,MAG
TARA_SAMEA4397649_METAG_FMFPCFAE,0,0,0,Bacteroidota,94.54,MAG
TARA_SAMEA4397649_METAG_NNLKDBAN,0,0,0,Alpha-Rhodobacter-LowGC,97.06,MAG
TARA_SAMEA4397649_METAG_OEODHAMC,0,0,0,Bacteroidota,94.04,MAG
TARA_SAMEA4397649_METAG_FAJEBJLB,0,0,0,Bacteroidota,91.5,MAG
TARA_SAMEA4397649_METAG_HGDICLOK,0,0,0,Gamma-Other,85.57,MAG
TARA_SAMEA4397649_METAG_DMOCEEBG,0,0,0,Gamma-SAR92,92.86,MAG
TARA_SAMEA4397649_METAG_HNNOOIHI,0,0,0,Gamma-Other,88.6,MAG
TARA_SAMEA4397649_METAG_ENKCHOEL,0,0,0,Gamma-Other,85.68,MAG
TARA_SAMEA4397649_METAG_PFIKMFEM,0,0,0,Alpha-Pelagibacter,85.68,MAG
TARA_SAMEA4397649_METAG_JBAEAGPP,0,0,0,Bacteroidota,77.32,MAG
TARA_SAMEA4397649_METAG_IGLNGMBL,0,0,0,Bacteroidota,85.18,MAG
TARA_SAMEA4398341_METAG_IKMIJGLA,1,1,1,Gamma-Other,81.52,MAG
TARA_SAMEA4398341_METAG_NNJGNDFD,0,0,0,Alpha-Other,98.42,MAG
TARA_SAMEA4398341_METAG_PFLHBALN,0,0,0,Bacteroidota,94.14,MAG
TARA_SAMEA4398341_METAG_LEAAEHEH,0,0,0,Gamma-Other,85.26,MAG
TARA_SAMEA4398341_METAG_HJCBBONN,0,0,0,Bacteroidota,77.34,MAG
TARA_SAMEA4398341_METAG_LNIHAOHI,0,0,0,Bacteroidota,75.16,MAG
GORG_SAMEA6076459_SAGS_AG447C19,0,0,0,Archaea-Nitrosopumilaceae,83.19,SAG
TARA_SAMEA4398247_METAG_FEHBNPCO,0,0,0,Bacteroidota,96.22,MAG
TARA_SAMEA4398247_METAG_AFFCDLMO,0,0,0,Alpha-Other,89.62,MAG
TARA_SAMEA4398247_METAG_GLFCHEFO,0,0,0,Bacteroidota,84.51,MAG
TARA_SAMEA4398247_METAG_GJGLIIAN,0,0,0,Bacteroidota,81.32,MAG
TARA_SAMEA4398247_METAG_HILJGGCC,0,0,0,Bacteroidota,86.44,MAG
TARA_SAMEA4398247_METAG_CEHMAFOJ,0,0,0,Alpha-Rhodobacter-LowGC,87.6,MAG
TARA_SAMEA4398247_METAG_NECDKBAD,0,0,0,Gamma-Other,91.91,MAG
TARA_SAMEA4398247_METAG_BHMIBIDN,0,0,0,Bacteroidota,79.68,MAG
TARA_SAMEA4398247_METAG_LAPEPADP,0,0,0,Gamma-Other,80.27,MAG
GORG_SAMEA6080381_SAGS_AG439O06,0,0,0,Archaea-Nitrosopumilaceae,77.57,SAG
BGEO_SAMN07136815_METAG_JBCKPBOE,0,0,0,Cyano-Pro,78.09,MAG
BATS_SAMN07137091_METAG_EDBAJBAA,0,0,0,Bacteroidota,94.48,MAG
BGEO_SAMN07136841_METAG_PDEPKOIP,1,1,1,Verrucomicrobiota,87.6,MAG
BGEO_SAMN07136523_METAG_CHAJOAGH,0,0,0,Alpha-Other,97.82,MAG
BGEO_SAMN07136523_METAG_OCPOPADH,0,0,0,Bacteroidota,92.46,MAG
BGEO_SAMN07136523_METAG_JHDPPFAH,0,0,0,Bacteroidota,94.36,MAG
BGEO_SAMN07136523_METAG_NMOKDPNF,0,0,0,Bacteroidota,87.88,MAG
BGEO_SAMN07136523_METAG_IKJKMCAK,0,0,0,Cyano-Other,80.55,MAG
MARD_SAMN04386402_REFG_MMP04386402,0,0,0,Archaea-Nitrosopumilaceae,96.6,RefGenome
BGEO_SAMN07136799_METAG_BACJODIK,0,0,0,SAR324,94.53,MAG
BGEO_SAMN07136799_METAG_FBMHOKEM,0,0,0,SAR324,90.8,MAG
MARD_SAMD00000424_REFG_MMP00000424,0,0,0,Archaea-Other,94.94,RefGenome
BGEO_SAMN07136621_METAG_MALGDNDK,0,0,0,Gamma-Other,90.86,MAG
BGEO_SAMN07136710_METAG_NFNKEFAD,1,1,1,Gamma-Other,100,MAG
BGEO_SAMN07136905_METAG_IODEIDHB,0,0,0,Cyano-Pro,92.78,MAG
MARD_SAMN00016663_REFG_MMP00016663,0,0,0,Archaea-Nitrosopumilaceae,97.04,RefGenome
MARD_SAMN00016669_REFG_MMP00016669,0,0,0,Archaea-Nitrosopumilaceae,89.4,RefGenome
MARD_SAMN02440520_SAGS_MMP02440520,0,0,0,Archaea-Nitrosopumilaceae,94.66,SAG
MARD_SAMN02440765_SAGS_MMP02440765,0,0,0,Archaea-Nitrosopumilaceae,77.26,SAG
BGEO_SAMN07136707_METAG_PFNOCLGB,0,0,0,Actinobacteriota,93.26,MAG
MARD_SAMN02441296_SAGS_MMP02441296,0,0,0,Archaea-Nitrosopumilaceae,92.69,SAG
MARD_SAMN02744072_REFG_MMP02744072,0,0,0,Archaea-Other,99.69,RefGenome
BATS_SAMN07137094_METAG_GBBMEJPB,0,0,0,Bacteroidota,89.8,MAG
BATS_SAMN07137064_METAG_HKFEGBEL,0,0,0,Bacteroidota,85.84,MAG
BGEO_SAMN07136899_METAG_KOCLMOBH,0,0,0,SAR324,92.24,MAG
BGEO_SAMN07136879_METAG_OGNDEGGC,0,0,0,Cyano-Pro,80.32,MAG
MARD_SAMN02261307_REFG_MMP02261307,0,0,0,Archaea-Other,99.1,RefGenome
BATS_SAMN07137068_METAG_ALGCOOLA,0,0,0,Chloroflexota,82.34,MAG
BATS_SAMN07137087_METAG_CDOPEKMJ,0,0,0,Chloroflexota,76.08,MAG
BGEO_SAMN07136639_METAG_FFNNHBNF,0,0,0,Cyano-Pro,91.67,MAG
MARD_SAMN02440415_REFG_MMP02440415,0,0,0,Archaea-Other,98.76,RefGenome
BATS_SAMN07137118_METAG_HPJDOJIB,0,0,0,Bacteroidota,94.53,MAG
BATS_SAMN07137118_METAG_JFDKOCDB,0,0,0,Bacteroidota,80.08,MAG
BGEO_SAMN07136635_METAG_NPHFMFKM,0,0,0,Bacteroidota,85.33,MAG
BGEO_SAMN07136635_METAG_NPBPCJHB,0,0,0,Gamma-Other,84.6,MAG
MARD_SAMN02470129_REFG_MMP02470129,0,0,0,Archaea-Other,94.79,RefGenome
BGEO_SAMN07136635_METAG_MJJEJKDB,0,0,0,Gamma-Other,78.61,MAG
BGEO_SAMN07136793_METAG_ENLFBFAN,0,0,0,Cyano-Pro,86.77,MAG
BGEO_SAMN07136788_METAG_NEJGPLNK,0,0,0,SAR324,90.67,MAG
MARD_SAMN03274361_REFG_MMP03274361,0,0,0,Archaea-Other,98.94,RefGenome
MARD_SAMN04011897_REFG_MMP04011897,0,0,0,Archaea-Other,98.28,RefGenome
MARD_SAMN04166689_REFG_MMP04166689,0,0,0,Archaea-Other,85.9,RefGenome
MARD_SAMD00000472_REFG_MMP00000472,0,0,0,Archaea-Other,99.38,RefGenome
MARD_SAMD00000482_REFG_MMP00000482,0,0,0,Archaea-Other,90.71,RefGenome
BGEO_SAMN07136937_METAG_HCOPDPDK,0,0,0,Bacteroidota,95.43,MAG
BGEO_SAMN07136937_METAG_OBIMIKAB,1,1,1,Planctomycetota,78.42,MAG
BGEO_SAMN07136937_METAG_MPBPICIA,0,0,0,Gamma-Other,86.63,MAG
BGEO_SAMN07136632_METAG_BNOBDFOC,0,0,0,Bacteroidota,77.92,MAG
MARD_SAMD00000516_REFG_MMP00000516,0,0,0,Archaea-Other,89.34,RefGenome
MARD_SAMN02261372_REFG_MMP02261372,0,0,0,Archaea-Other,99.45,RefGenome
MARD_SAMN05216170_REFG_MMP05216170,0,0,0,Archaea-Other,99.69,RefGenome
BGEO_SAMN07136909_METAG_DGNBAKNH,1,1,1,Planctomycetota,78.32,MAG
BGEO_SAMN07136961_METAG_FIECNHFL,0,0,0,Verrucomicrobiota,94.14,MAG
BGEO_SAMN07136961_METAG_GGONPMJO,0,0,0,Gamma-Other,93.32,MAG
BGEO_SAMN07136961_METAG_AAKFJEOE,0,0,0,Bacteroidota,89.02,MAG
BGEO_SAMN07136961_METAG_LHPLNNJB,0,0,0,Bacteroidota,77.54,MAG
MARD_SAMN02471641_REFG_MMP02471641,0,0,0,Archaea-Halobacteria,98.24,RefGenome
BGEO_SAMN07136959_METAG_IEMGAOEF,0,0,0,Bacteroidota,88.54,MAG
MARD_SAMN08382976_REFG_MMP08382976,0,0,0,Archaea-Halobacteria,98.8,RefGenome
BGEO_SAMN07136761_METAG_HELDFBHG,0,0,0,Bacteroidota,90.58,MAG
BGEO_SAMN07136761_METAG_MBIPIMNJ,0,0,0,Bacteroidota,89.44,MAG
BGEO_SAMN07136761_METAG_EEPEAIAJ,0,0,0,Cyano-Pro,85.34,MAG
MARD_SAMN08382977_REFG_MMP08382977,0,0,0,Archaea-Halobacteria,98.8,RefGenome
MARD_SAMN08382978_REFG_MMP08382978,0,0,0,Archaea-Halobacteria,98.8,RefGenome
MARD_SAMN08382979_REFG_MMP08382979,0,0,0,Archaea-Halobacteria,98.8,RefGenome
MARD_SAMN04489841_REFG_MMP04489841,0,0,0,Archaea-Halobacteria,99.01,RefGenome
MARD_SAMN02470884_REFG_MMP02470884,0,0,0,Archaea-Halobacteria,97.07,RefGenome
BGEO_SAMN07136768_METAG_KHIPFICP,0,0,0,Verrucomicrobiota,87.29,MAG
BATS_SAMN07137112_METAG_DACJBCCJ,0,0,0,Bacteroidota,81.74,MAG
MARD_SAMN02471653_REFG_MMP02471653,0,0,0,Archaea-Halobacteria,99.24,RefGenome
BGEO_SAMN07136957_METAG_PMNDEAPM,0,0,0,Bacteroidota,80.11,MAG
BGEO_SAMN07136957_METAG_JHJAOENF,0,0,0,Alpha-Rhodobacter-LowGC,83.5,MAG
MARD_SAMN02471661_REFG_MMP02471661,0,0,0,Archaea-Halobacteria,98,RefGenome
MARD_SAMN09684816_REFG_MMP09684816,0,0,0,Archaea-Halobacteria,97.83,RefGenome
BGEO_SAMN07136718_METAG_ALOOJGEA,0,0,0,Gamma-Other,86.98,MAG
BGEO_SAMN07136594_METAG_HFNELMGE,0,0,0,Gamma-Other,94.28,MAG
MARD_SAMN09702118_REFG_MMP09702118,0,0,0,Archaea-Halobacteria,99.44,RefGenome
MARD_SAMN10386377_REFG_MMP10386377,0,0,0,Archaea-Halobacteria,98.76,RefGenome
MARD_SAMN04488691_REFG_MMP04488691,0,0,0,Archaea-Halobacteria,98.36,RefGenome
BGEO_SAMN07136766_METAG_KFMHCAIL,0,0,0,Verrucomicrobiota,94.23,MAG
BGEO_SAMN07136766_METAG_GNCLJKLF,0,0,0,Cyano-Syn,78.9,MAG
BGEO_SAMN07136708_METAG_ILOEEALM,1,1,1,Gamma-Other,99.83,MAG
BGEO_SAMN07136936_METAG_GLAHOCJC,0,0,0,Bacteroidota,87.11,MAG
MARD_SAMN08382974_REFG_MMP08382974,0,0,0,Archaea-Halobacteria,98.48,RefGenome
BGEO_SAMN07136755_METAG_NLPGKEHE,0,0,0,SAR324,91.56,MAG
MARD_SAMN02739884_REFG_MMP02739884,0,0,0,Archaea-Halobacteria,91.09,RefGenome
BGEO_SAMN07136693_METAG_IMGDEHLC,0,0,0,Cyano-Pro,89.76,MAG
BGEO_SAMN07136944_METAG_CLAPEHFL,1,1,1,Planctomycetota,82.16,MAG
BGEO_SAMN07136506_METAG_MGPBFLBL,1,1,1,Gamma-Other,94.62,MAG
MARD_SAMN05725119_REFG_MMP05725119,0,0,0,Archaea-Halobacteria,97.48,RefGenome
BGEO_SAMN07136720_METAG_JHHIBEML,0,0,0,Cyano-Pro,83.46,MAG
MARD_SAMN02471619_REFG_MMP02471619,0,0,0,Archaea-Halobacteria,98.36,RefGenome
BATS_SAMN08390924_METAG_DKCBAJOE,0,0,0,Bacteroidota,85.98,MAG
MARD_SAMN02471635_REFG_MMP02471635,0,0,0,Archaea-Halobacteria,98.3,RefGenome
MARD_SAMN02471642_REFG_MMP02471642,0,0,0,Archaea-Halobacteria,97.83,RefGenome
BGEO_SAMN07136484_METAG_PKBIAHKH,0,0,0,Gamma-SAR86,78.78,MAG
MARD_SAMN02471646_REFG_MMP02471646,0,0,0,Archaea-Halobacteria,98.2,RefGenome
MARD_SAMN02471677_REFG_MMP02471677,0,0,0,Archaea-Halobacteria,98.1,RefGenome
MARD_SAMN02472187_REFG_MMP02472187,0,0,0,Archaea-Halobacteria,93.68,RefGenome
MARD_SAMN02708982_REFG_MMP02708982,0,0,0,Archaea-Other,97.53,RefGenome
BATS_SAMN07137113_METAG_PCFJMMFL,0,0,0,Cyano-Pro,81.6,MAG
BGEO_SAMN07136609_METAG_MNFIJAIL,0,0,0,Cyano-Syn,77.77,MAG
MARD_SAMN02708992_REFG_MMP02708992,0,0,0,Archaea-Other,97.45,RefGenome
MARD_SAMN02708993_REFG_MMP02708993,0,0,0,Archaea-Other,97.14,RefGenome
BGEO_SAMN07136485_METAG_OFIIIPJP,0,0,0,Alpha-Rhodobacter-LowGC,79.02,MAG
MARD_SAMN02708994_REFG_MMP02708994,0,0,0,Archaea-Other,96.84,RefGenome
BGEO_SAMN07136485_METAG_MFHLHAMG,0,0,0,Gamma-SAR86,78.22,MAG
MARD_SAMN09370719_REFG_MMP09370719,0,0,0,Archaea-Halobacteria,98.1,RefGenome
MARD_SAMN09473900_REFG_MMP09473900,0,0,0,Archaea-Halobacteria,98.27,RefGenome
BGEO_SAMN07136792_METAG_HHIGPKJJ,0,0,0,Cyano-Pro,86.5,MAG
BGEO_SAMN07136960_METAG_BIJMJACJ,0,0,0,Alpha-Rhodobacter-LowGC,84.7,MAG
MARD_SAMN09668323_REFG_MMP09668323,0,0,0,Archaea-Halobacteria,98.55,RefGenome
MARD_SAMN10220147_REFG_MMP10220147,0,0,0,Archaea-Halobacteria,99.22,RefGenome
MARD_SAMN10386455_REFG_MMP10386455,0,0,0,Archaea-Halobacteria,97.78,RefGenome
MARD_SAMD00064366_REFG_MMP00064366,0,0,0,Archaea-Halobacteria,99.09,RefGenome
MARD_SAMN04487948_REFG_MMP04487948,0,0,0,Archaea-Halobacteria,98.14,RefGenome
BGEO_SAMN07136958_METAG_IPBGLHHA,0,0,0,Bacteroidota,89.12,MAG
MARD_SAMN04487950_REFG_MMP04487950,0,0,0,Archaea-Halobacteria,98.46,RefGenome
MARD_SAMN04488124_REFG_MMP04488124,0,0,0,Archaea-Halobacteria,98.24,RefGenome
MARD_SAMN04488556_REFG_MMP04488556,0,0,0,Archaea-Halobacteria,99.29,RefGenome
BGEO_SAMN07136486_METAG_CHCEMAFJ,0,0,0,Bacteroidota,78.46,MAG
MARD_SAMN05216559_REFG_MMP05216559,0,0,0,Archaea-Halobacteria,98.73,RefGenome
MARD_SAMN08382975_REFG_MMP08382975,0,0,0,Archaea-Halobacteria,98.48,RefGenome
MARD_SAMN08382980_REFG_MMP08382980,0,0,0,Archaea-Halobacteria,98.55,RefGenome
BGEO_SAMN07136825_METAG_ABFBFICA,0,0,0,Chloroflexota,78.5,MAG
BGEO_SAMN07136589_METAG_DDMJICEB,1,1,1,Gamma-Alteromonas,96.84,MAG
BGEO_SAMN07136589_METAG_KBLCFCPC,0,0,0,Actinobacteriota,86.68,MAG
BGEO_SAMN07136559_METAG_GENGIDKH,1,1,1,Verrucomicrobiota,94.45,MAG
BGEO_SAMN07136559_METAG_MPEHBMOA,0,0,0,Chloroflexota,93.69,MAG
MARD_SAMN08382981_REFG_MMP08382981,0,0,0,Archaea-Halobacteria,98.55,RefGenome
BGEO_SAMN07136495_METAG_GCHAGJGF,0,0,0,Gamma-Other,90.01,MAG
MARD_SAMN08382982_REFG_MMP08382982,0,0,0,Archaea-Halobacteria,90.66,RefGenome
BATS_SAMN07137092_METAG_MEKLHPJB,0,0,0,Bacteroidota,86.56,MAG
MARD_SAMN09668324_REFG_MMP09668324,0,0,0,Archaea-Halobacteria,98.55,RefGenome
MARD_SAMN10346711_REFG_MMP10346711,0,0,0,Archaea-Halobacteria,98.51,RefGenome
MARD_SAMN04488065_REFG_MMP04488065,0,0,0,Archaea-Halobacteria,97.85,RefGenome
MARD_SAMN03067868_REFG_MMP03067868,0,0,0,Archaea-Other,97.84,RefGenome
MARD_SAMN03196739_REFG_MMP03196739,0,0,0,Archaea-Other,98.26,RefGenome
BGEO_SAMN07136709_METAG_KJADLHBL,1,1,1,Gamma-Other,99.72,MAG
MARD_SAMN03288802_REFG_MMP03288802,0,0,0,Archaea-Other,98.58,RefGenome
MARD_SAMN04318426_REFG_MMP04318426,0,0,0,Archaea-Halobacteria,98.38,RefGenome
MARD_SAMN04318427_REFG_MMP04318427,0,0,0,Archaea-Halobacteria,98.38,RefGenome
BGEO_SAMN07136511_METAG_EOHJBMBP,0,0,0,Gamma-Other,76.01,MAG
BGEO_SAMN07136866_METAG_GKHGGAEI,0,0,0,Cyano-Pro,80.45,MAG
BGEO_SAMN07136681_METAG_PMOHADDI,0,0,0,Alpha-Rhodobacter,89.96,MAG
MARD_SAMN04318428_REFG_MMP04318428,0,0,0,Archaea-Halobacteria,98.48,RefGenome
MARD_SAMN02471645_REFG_MMP02471645,0,0,0,Archaea-Halobacteria,99.15,RefGenome
MARD_SAMN02471675_REFG_MMP02471675,0,0,0,Archaea-Halobacteria,97.35,RefGenome
BGEO_SAMN07136555_METAG_JONAFMOH,0,0,0,Gamma-Other,84.78,MAG
MARD_SAMN02471676_REFG_MMP02471676,0,0,0,Archaea-Halobacteria,98.48,RefGenome
BGEO_SAMN07136892_METAG_AGEFDEPB,0,0,0,Verrucomicrobiota,76.06,MAG
MARD_SAMN02708932_REFG_MMP02708932,0,0,0,Archaea-Other,97.84,RefGenome
MARD_SAMN02708933_REFG_MMP02708933,0,0,0,Archaea-Other,97.22,RefGenome
MARD_SAMN02708934_REFG_MMP02708934,0,0,0,Archaea-Other,97.84,RefGenome
BATS_SAMN07137088_METAG_AMNAKDDM,0,0,0,Bacteroidota,93.62,MAG
MARD_SAMN02708935_REFG_MMP02708935,0,0,0,Archaea-Other,97.53,RefGenome
HOTS_SAMN07137059_METAG_EICKKFBA,0,0,0,Chloroflexota,96.68,MAG
BGEO_SAMN07136557_METAG_FIGIDDOL,0,0,0,Gamma-Other,83.36,MAG
MARD_SAMN02708936_REFG_MMP02708936,0,0,0,Archaea-Other,98.15,RefGenome
MARD_SAMN02708937_REFG_MMP02708937,0,0,0,Archaea-Other,98.15,RefGenome
MARD_SAMN02708938_REFG_MMP02708938,0,0,0,Archaea-Other,97.84,RefGenome
MARD_SAMN02708939_REFG_MMP02708939,0,0,0,Archaea-Other,97.84,RefGenome
MARD_SAMN02708940_REFG_MMP02708940,0,0,0,Archaea-Other,98.15,RefGenome
BGEO_SAMN07136680_METAG_BDKAJFIA,0,0,0,Bacteroidota,98.9,MAG
MARD_SAMN02708941_REFG_MMP02708941,0,0,0,Archaea-Other,97.84,RefGenome
MARD_SAMN02708942_REFG_MMP02708942,0,0,0,Archaea-Other,98.15,RefGenome
BGEO_SAMN07136896_METAG_BDJNCHCI,0,0,0,Cyano-Pro,79.52,MAG
MARD_SAMN02708943_REFG_MMP02708943,0,0,0,Archaea-Other,97.53,RefGenome
BATS_SAMN07137086_METAG_ILAJBOGK,0,0,0,Bacteroidota,77.38,MAG
MARD_SAMN02708944_REFG_MMP02708944,0,0,0,Archaea-Other,97.53,RefGenome
MARD_SAMN02708945_REFG_MMP02708945,0,0,0,Archaea-Other,96.92,RefGenome
MARD_SAMN02708946_REFG_MMP02708946,0,0,0,Archaea-Other,96.59,RefGenome
MARD_SAMN02708947_REFG_MMP02708947,0,0,0,Archaea-Other,96.26,RefGenome
BGEO_SAMN07136883_METAG_ANIBDCBF,0,0,0,Cyano-Pro,77.91,MAG
BATS_SAMN07137065_METAG_FHDKGKFO,0,0,0,Cyano-Pro,88.32,MAG
MARD_SAMN02708948_REFG_MMP02708948,0,0,0,Archaea-Other,97.53,RefGenome
MARD_SAMN02708949_REFG_MMP02708949,0,0,0,Archaea-Other,97.53,RefGenome
MARD_SAMN02708950_REFG_MMP02708950,0,0,0,Archaea-Other,97.84,RefGenome
BGEO_SAMN07136938_METAG_FCENGGEL,0,0,0,Bacteroidota,91.45,MAG
MARD_SAMN02708951_REFG_MMP02708951,0,0,0,Archaea-Other,97.22,RefGenome
MARD_SAMN02708952_REFG_MMP02708952,0,0,0,Archaea-Other,97.53,RefGenome
BGEO_SAMN07136638_METAG_PDOFCFGC,0,0,0,Bacteroidota,92.04,MAG
BGEO_SAMN07136638_METAG_NAEOBIJO,0,0,0,Bacteroidota,82.42,MAG
BATS_SAMN07137114_METAG_NELPOKOJ,0,0,0,Gamma-Other,84.89,MAG
BATS_SAMN07137080_METAG_MMHFAGGL,0,0,0,Cyano-Pro,86.88,MAG
MARD_SAMN02708953_REFG_MMP02708953,0,0,0,Archaea-Other,97.53,RefGenome
BGEO_SAMN07136640_METAG_IFGOEACE,0,0,0,Cyano-Pro,95.29,MAG
MARD_SAMN02708955_REFG_MMP02708955,0,0,0,Archaea-Other,97.53,RefGenome
MARD_SAMN02708960_REFG_MMP02708960,0,0,0,Archaea-Other,97.84,RefGenome
MARD_SAMN02708962_REFG_MMP02708962,0,0,0,Archaea-Other,97.22,RefGenome
MARD_SAMN02708963_REFG_MMP02708963,0,0,0,Archaea-Other,97.22,RefGenome
BGEO_SAMN07136758_METAG_KKBDMIGB,0,0,0,Cyano-Pro,78.52,MAG
BGEO_SAMN07136627_METAG_KGIAMPFK,0,0,0,Bacteroidota,90.88,MAG
BATS_SAMN07137103_METAG_LMLCFPOM,0,0,0,Bacteroidota,82.25,MAG
MALA_SAMN05422160_METAG_DENCFGFI,0,0,0,SAR324,93.21,MAG
MALA_SAMN05421707_METAG_LOOBFDDK,0,0,0,Bacteroidota,90.9,MAG
MALA_SAMN05421707_METAG_EKALKGMB,0,0,0,SAR324,84.5,MAG
MALA_SAMN05421707_METAG_AHKPFDAN,0,0,0,SAR324,89.54,MAG
MALA_SAMN05422194_METAG_OPCFFAAG,0,0,0,SAR324,90.22,MAG
MALA_SAMN05422136_METAG_PAFDJLCE,0,0,0,SAR324,90.48,MAG
MALA_SAMN05422136_METAG_AEOJIAHL,0,0,0,Chloroflexota,77.24,MAG
MALA_SAMN05422136_METAG_HNGBCLII,0,0,0,SAR324,85.3,MAG
MALA_SAMN05422226_METAG_HMEFJPPM,0,0,0,SAR324,90.22,MAG
MALA_SAMN05422226_METAG_CAMLPNKF,0,0,0,Bacteroidota,87.31,MAG
MALA_SAMN05422226_METAG_JDJJKMEO,0,0,0,SAR324,91.08,MAG
MALA_SAMN05421563_METAG_OGDDIGDA,1,1,1,Gamma-Alteromonas,91.5,MAG
MALA_SAMN05421699_METAG_BNHCAENF,0,0,0,SAR324,88.16,MAG
MALA_SAMN05421699_METAG_LMCJJMIA,0,0,0,Alpha-Other,82.62,MAG
MALA_SAMN05421699_METAG_BEPLOJJM,0,0,0,Alpha-Rhodobacter,91.04,MAG
MALA_SAMN05421699_METAG_JGAIJIKK,0,0,0,Alpha-Other,82.68,MAG
MALA_SAMN05422122_METAG_OPLKKAGL,0,0,0,Bacteroidota,79.35,MAG
MALA_SAMN05422122_METAG_CIAAGKJC,0,0,0,Bacteroidota,96.5,MAG
MALA_SAMN05422175_METAG_LHAMIEAO,0,0,0,Bacteroidota,85.28,MAG
MALA_SAMN05422175_METAG_FFGBGOJL,0,0,0,Alpha-Other,76.76,MAG
MALA_SAMN05422104_METAG_BCHNAELP,0,0,0,Gamma-Other,88.52,MAG
MALA_SAMN05422189_METAG_OAHKELEK,0,0,0,Actinobacteriota,76.93,MAG
MALA_SAMN05422121_METAG_GMGNEBDN,0,0,0,Actinobacteriota,91.85,MAG
MALA_SAMN05422121_METAG_DJPEOIKD,0,0,0,Alpha-Other,96.57,MAG
MALA_SAMN05422121_METAG_DMCBCJFJ,1,1,1,Gamma-Other,75.26,MAG
MALA_SAMN05422121_METAG_LLGGKPDF,0,0,0,Gamma-Other,94.42,MAG
MALA_SAMN05422121_METAG_LDCCJDDK,0,0,0,Gamma-Other,94.93,MAG
MALA_SAMN05422121_METAG_CAAGKPLA,0,0,0,Alpha-Other,91.18,MAG
MALA_SAMN05422121_METAG_JMDLBCNJ,0,0,0,Gamma-Other,82.74,MAG
MALA_SAMN05422149_METAG_GNMNKMLP,0,0,0,Alpha-Other,91.94,MAG
MALA_SAMN05422149_METAG_FHIEBIKM,1,1,1,Gamma-Other,98.94,MAG
MALA_SAMN05422149_METAG_PLPADFBC,0,0,0,Alpha-Other,97.76,MAG
MALA_SAMN05422149_METAG_OPEOGJCH,1,1,1,Gamma-Other,97.2,MAG
MALA_SAMN05422149_METAG_JBAJECEH,0,0,0,SAR324,87.79,MAG
MALA_SAMN05422149_METAG_EBNLHHPG,0,0,0,Alpha-Other,78.87,MAG
MALA_SAMN05422195_METAG_GDKEPMCO,0,0,0,Gamma-Other,95.76,MAG
MALA_SAMN05422195_METAG_PANGFIJM,0,0,0,SAR324,92.32,MAG
MALA_SAMN05422195_METAG_AFHLHIIC,0,0,0,Chloroflexota,92.36,MAG
MALA_SAMN05422195_METAG_FKMIPFAM,1,1,1,Gamma-Other,88.89,MAG
MALA_SAMN05421706_METAG_JJDGLEBG,0,0,0,Alpha-Rhodobacter,96.68,MAG
MALA_SAMN05421706_METAG_BMNAHIMK,0,0,0,Alpha-Other,87.09,MAG
MALA_SAMN05421706_METAG_CKJAFDPA,1,1,1,Gamma-Alteromonas,95.72,MAG
MALA_SAMN05421706_METAG_IGDJKFJO,0,0,0,Gamma-Other,78.61,MAG
MALA_SAMN05421706_METAG_OGGLFJDF,0,0,0,SAR324,91.57,MAG
MALA_SAMN05422133_METAG_FGJNLDHN,0,0,0,Alpha-Other,82.84,MAG
MALA_SAMN05422133_METAG_GLICDNLF,0,0,0,Alpha-Other,93.98,MAG
MALA_SAMN05422166_METAG_DODJAPDF,0,0,0,SAR324,93.01,MAG
MALA_SAMN05422117_METAG_BHPHPGMG,0,0,0,Alpha-Rhodobacter,91.37,MAG
MALA_SAMN05422117_METAG_AOFKFLLF,0,0,0,Gamma-Other,95.52,MAG
MALA_SAMN05421660_METAG_EGMGPDBA,1,1,1,Gamma-Other,85.26,MAG
MALA_SAMN05422148_METAG_MDNDEBIJ,0,0,0,Alpha-Other,83.24,MAG
MALA_SAMN05422111_METAG_HHBAJAJP,0,0,0,Alpha-Rhodobacter,83.29,MAG
MALA_SAMN05421913_METAG_EAEALFFM,0,0,0,Gamma-Other,78.02,MAG
MALA_SAMN05421901_METAG_PHAMLKIL,0,0,0,Alpha-Other,80.16,MAG
MALA_SAMN05421901_METAG_EFMBOOHE,0,0,0,Alpha-Rhodobacter,96.5,MAG
MALA_SAMN05421901_METAG_HHHFNJEP,0,0,0,Bacteroidota,88,MAG
MALA_SAMN05422138_METAG_KEGDJNBA,0,0,0,Gamma-Other,86.06,MAG
MALA_SAMN05422138_METAG_MCNNCPJJ,0,0,0,Gamma-Other,95.25,MAG
MALA_SAMN05422138_METAG_GPENLJJH,0,0,0,Chloroflexota,84.29,MAG
MALA_SAMN05422138_METAG_AIKOLDME,0,0,0,Chloroflexota,93.78,MAG
MALA_SAMN05422183_METAG_FCADMKDN,1,1,1,Gamma-Alteromonas,91.26,MAG
MALA_SAMN05422183_METAG_FJPIDOJG,0,0,0,SAR324,92.99,MAG
MALA_SAMN05422107_METAG_LAKOKLKO,1,1,1,Gamma-Other,95.25,MAG
MALA_SAMN05422152_METAG_HBNHKFJL,1,1,1,Gamma-Alteromonas,85.88,MAG
MALA_SAMN05422152_METAG_NOFLLCFD,0,0,0,Alpha-Other,90.84,MAG
MALA_SAMN05422163_METAG_GBLKLMFM,0,0,0,Alpha-Other,83.04,MAG
MALA_SAMN05422163_METAG_MHEHBNPE,0,0,0,Actinobacteriota,93.26,MAG
MALA_SAMN05422163_METAG_HJLKMJJA,0,0,0,SAR324,92.43,MAG
MALA_SAMN05422171_METAG_MBNBPBCA,0,0,0,Gamma-Other,90.86,MAG
MALA_SAMN05422192_METAG_AOEDDAAO,0,0,0,Alpha-Other,88.43,MAG
MALA_SAMN05422165_METAG_FKGEKDPL,0,0,0,Gamma-Other,90.63,MAG
MALA_SAMN05421555_METAG_HELPABJN,0,0,0,Actinobacteriota,91.52,MAG
MALA_SAMN05422188_METAG_HFKKKKGB,0,0,0,Gamma-Other,92.8,MAG
MALA_SAMN05422188_METAG_AIKGMMGA,1,1,1,Gamma-Other,82.78,MAG
MALA_SAMN05422188_METAG_NJHGHIHH,0,0,0,Alpha-Rhodobacter,86.28,MAG
MALA_SAMN05422110_METAG_LMICLMAJ,0,0,0,Alpha-Rhodobacter,88.94,MAG
MALA_SAMN05422164_METAG_MNGOKOLB,0,0,0,Alpha-Rhodobacter,89.05,MAG
MALA_SAMN05422164_METAG_IFLDPDCG,0,0,0,Gamma-Other,96.12,MAG
MALA_SAMN05421703_METAG_LGEINDCH,0,0,0,Gamma-Other,79.47,MAG
MALA_SAMN05421703_METAG_JBADHKBO,0,0,0,SAR324,91.62,MAG
MALA_SAMN05422143_METAG_LFIPPCCE,1,1,1,Gamma-Other,90.32,MAG
MALA_SAMN05422115_METAG_MHOGGJNB,0,0,0,Actinobacteriota,76.44,MAG
MALA_SAMN05422108_METAG_KEKAKGAF,0,0,0,Actinobacteriota,79.58,MAG
MALA_SAMN05422191_METAG_MKDPFEDB,1,1,1,Gamma-Other,98.02,MAG
MALA_SAMN05422170_METAG_JOGMFABN,0,0,0,Gamma-Other,84.04,MAG
MALA_SAMN05422106_METAG_GCKIENGJ,0,0,0,Alpha-Rhodobacter,91.1,MAG
MALA_SAMN05422106_METAG_HFHHOFMB,0,0,0,Alpha-Rhodobacter,82.3,MAG
MALA_SAMN05422106_METAG_IKNIELCH,1,1,1,Gamma-Alteromonas,95.49,MAG
MALA_SAMN05422123_METAG_MFNFJBLI,0,0,0,Gamma-Other,85.33,MAG
TARA_SAMN05326644_METAG_PON00012,0,0,0,Bacteroidota,86.44,MAG
TARA_SAMN05326644_METAG_PON00019,0,0,0,Bacteroidota,85.79,MAG
TARA_SAMN05326644_METAG_PON00029,0,0,0,Verrucomicrobiota,85.27,MAG
TARA_SAMN05326644_METAG_PON00056,1,1,1,Verrucomicrobiota,77.87,MAG
TARA_SAMN05326645_METAG_PSE00002,0,0,0,Alpha-Other,99.92,MAG
TARA_SAMN05326645_METAG_PSE00005,0,0,0,Bacteroidota,99.48,MAG
TARA_SAMN05326645_METAG_PSE00006,0,0,0,Bacteroidota,99.37,MAG
TARA_SAMN05326645_METAG_PSE00007,0,0,0,Bacteroidota,99.28,MAG
TARA_SAMN05326645_METAG_PSE00009,0,0,0,Bacteroidota,99.28,MAG
TARA_SAMN05326645_METAG_PSE00014,1,1,1,Bacteroidota,97.46,MAG
TARA_SAMN05326650_METAG_MED00033,0,0,0,Gamma-Other,94.24,MAG
TARA_SAMN05326650_METAG_MED00034,0,0,0,Alpha-Other,90.72,MAG
TARA_SAMN05326650_METAG_MED00043,0,0,0,Alpha-Other,84.72,MAG
TARA_SAMN05326650_METAG_MED00049,0,0,0,Gamma-Other,77.48,MAG
MARD_SAMN02708964_REFG_MMP02708964,0,0,0,Archaea-Other,97.22,RefGenome
TARA_SAMN05326650_METAG_MED00054,0,0,0,Alpha-Other,85.84,MAG
TARA_SAMN05326650_METAG_MED00058,0,0,0,Gamma-Other,86.18,MAG
MARD_SAMN02708966_REFG_MMP02708966,0,0,0,Archaea-Other,97.84,RefGenome
TARA_SAMN05326650_METAG_MED00065,0,0,0,Gamma-Other,88.38,MAG
TARA_SAMN05326650_METAG_MED00087,0,0,0,Gamma-Other,76.02,MAG
TARA_SAMN05326650_METAG_MED00089,0,0,0,Gamma-Other,75.12,MAG
TARA_SAMN05326650_METAG_MED00090,0,0,0,Bacteroidota,84.62,MAG
TARA_SAMN05326650_METAG_MED00093,0,0,0,Bacteroidota,77.24,MAG
TARA_SAMN05326645_METAG_PSE00025,0,0,0,Alpha-Rhodobacter,94.58,MAG
TARA_SAMN05326645_METAG_PSE00032,0,0,0,Bacteria-Other,90.59,MAG
TARA_SAMN05326645_METAG_PSE00048,0,0,0,Verrucomicrobiota,79.43,MAG
TARA_SAMN05326645_METAG_PSE00053,0,0,0,Bacteroidota,79.63,MAG
TARA_SAMN05326645_METAG_PSE00056,0,0,0,Alpha-Other,87.84,MAG
TARA_SAMN05326645_METAG_PSE00058,0,0,0,Planctomycetota,88.83,MAG
TARA_SAMN05326645_METAG_PSE00078,0,0,0,Bacteroidota,76.84,MAG
TARA_SAMN05326645_METAG_PSE00089,0,0,0,Planctomycetota,76.95,MAG
TARA_SAMN05326645_METAG_PSE00093,0,0,0,Alpha-Rhodobacter-LowGC,79.26,MAG
TARA_SAMN05326646_METAG_PSW00012,0,0,0,Bacteroidota,99.1,MAG
TARA_SAMN05326646_METAG_PSW00013,1,1,1,Bacteria-Other,97.62,MAG
TARA_SAMN05326646_METAG_PSW00028,1,1,1,Bacteria-Other,97.44,MAG
TARA_SAMN05326646_METAG_PSW00038,0,0,0,Verrucomicrobiota,84.66,MAG
TARA_SAMN05326646_METAG_PSW00044,0,0,0,Chloroflexota,87.72,MAG
TARA_SAMN05326646_METAG_PSW00045,0,0,0,Gamma-Other,94.78,MAG
TARA_SAMN05326646_METAG_PSW00047,0,0,0,Bacteroidota,90.71,MAG
TARA_SAMN05326646_METAG_PSW00062,1,1,1,Gamma-Other,84.77,MAG
TARA_SAMN05326646_METAG_PSW00067,0,0,0,Bacteroidota,78.79,MAG
TARA_SAMN05326646_METAG_PSW00076,0,0,0,SAR324,84.69,MAG
MARD_SAMN02708967_REFG_MMP02708967,0,0,0,Archaea-Other,97.22,RefGenome
MARD_SAMN02708969_REFG_MMP02708969,0,0,0,Archaea-Other,98.15,RefGenome
MARD_SAMN02708970_REFG_MMP02708970,0,0,0,Archaea-Other,97.22,RefGenome
TARA_SAMN05326643_METAG_ASW00001,0,0,0,Gamma-Other,96.66,MAG
TARA_SAMN05326643_METAG_ASW00008,1,1,1,Alpha-Other,93.87,MAG
TARA_SAMN05326643_METAG_ASW00010,1,1,1,Actinobacteriota,92.34,MAG
MARD_SAMN02708973_REFG_MMP02708973,0,0,0,Archaea-Other,97.22,RefGenome
TARA_SAMN05326643_METAG_ASW00018,0,0,0,Bacteroidota,86,MAG
TARA_SAMN05326643_METAG_ASW00023,0,0,0,Bacteroidota,87.7,MAG
TARA_SAMN05326647_METAG_ION00001,0,0,0,Alpha-Other,95.33,MAG
TARA_SAMN05326647_METAG_ION00015,1,1,1,Actinobacteriota,95.43,MAG
TARA_SAMN05326647_METAG_ION00022,0,0,0,Alpha-Other,89.85,MAG
TARA_SAMN05326647_METAG_ION00023,1,1,1,Gamma-Other,97.22,MAG
TARA_SAMN05326647_METAG_ION00029,0,0,0,Alpha-Other,79.08,MAG
TARA_SAMN05326647_METAG_ION00041,0,0,0,Verrucomicrobiota,81.12,MAG
TARA_SAMN05326647_METAG_ION00047,0,0,0,Bacteroidota,79.41,MAG
TARA_SAMN05326648_METAG_IOS00006,0,0,0,Gamma-Other,97.3,MAG
TARA_SAMN05326648_METAG_IOS00010,0,0,0,Alpha-Other,93.15,MAG
TARA_SAMN05326648_METAG_IOS00012,0,0,0,Alpha-Other,96.36,MAG
TARA_SAMN05326648_METAG_IOS00017,0,0,0,Alpha-Rhodobacter-LowGC,91.47,MAG
TARA_SAMN05326648_METAG_IOS00019,0,0,0,Bacteroidota,89.46,MAG
MARD_SAMN02708974_REFG_MMP02708974,0,0,0,Archaea-Other,96.92,RefGenome
MARD_SAMN02708975_REFG_MMP02708975,0,0,0,Archaea-Other,97.53,RefGenome
TARA_SAMN05326648_METAG_IOS00041,1,1,1,Verrucomicrobiota,75.45,MAG
TARA_SAMN05326650_METAG_MED00003,0,0,0,Gamma-Other,93.1,MAG
TARA_SAMN05326650_METAG_MED00010,0,0,0,Bacteroidota,94.62,MAG
TARA_SAMN05326650_METAG_MED00011,0,0,0,Alpha-Rhodobacter-LowGC,92.92,MAG
TARA_SAMN05326650_METAG_MED00012,0,0,0,Gamma-Other,90.62,MAG
TARA_SAMN05326650_METAG_MED00015,0,0,0,Gamma-Other,93.47,MAG
TARA_SAMN05326650_METAG_MED00018,0,0,0,Bacteroidota,95.6,MAG
TARA_SAMN05326650_METAG_MED00019,0,0,0,Bacteroidota,93.66,MAG
TARA_SAMN05326646_METAG_PSW00104,0,0,0,Bacteroidota,78.43,MAG
TARA_SAMN05326646_METAG_PSW00114,0,0,0,Bacteroidota,82.36,MAG
TARA_SAMN05326649_METAG_SOC00001,1,1,1,Alpha-Other,97.58,MAG
TARA_SAMN05326649_METAG_SOC00002,1,1,1,Gamma-Alteromonas,97.52,MAG
TARA_SAMN05326649_METAG_SOC00004,0,0,0,Bacteroidota,93.68,MAG
TARA_SAMN05326649_METAG_SOC00010,0,0,0,Gamma-Other,75.26,MAG
TARA_SAMN05326649_METAG_SOC00012,0,0,0,Bacteroidota,79.27,MAG
TARA_SAMN05326651_METAG_RED00001,0,0,0,Alpha-Other,99.57,MAG
TARA_SAMN05326651_METAG_RED00007,0,0,0,Alpha-Other,97.36,MAG
TARA_SAMN05326651_METAG_RED00009,0,0,0,Dadabacteria,87.79,MAG
TARA_SAMN05326651_METAG_RED00011,0,0,0,Verrucomicrobiota,88.1,MAG
TARA_SAMN05326651_METAG_RED00015,0,0,0,Alpha-Other,92.18,MAG
TARA_SAMN05326651_METAG_RED00022,1,1,1,Gamma-Other,97.38,MAG
TARA_SAMN05326651_METAG_RED00024,0,0,0,Bacteria-Other,95.37,MAG
TARA_SAMN05326651_METAG_RED00033,0,0,0,Chloroflexota,93.52,MAG
TARA_SAMN05326651_METAG_RED00034,0,0,0,Alpha-Other,86.99,MAG
TARA_SAMN05326651_METAG_RED00035,0,0,0,Alpha-Other,89.47,MAG
TARA_SAMN05326651_METAG_RED00038,0,0,0,Chloroflexota,88.5,MAG
TARA_SAMN05326651_METAG_RED00039,0,0,0,Chloroflexota,92.38,MAG
TARA_SAMN05326651_METAG_RED00044,0,0,0,Chloroflexota,79.36,MAG
TARA_SAMN05326651_METAG_RED00045,0,0,0,Alpha-Other,90.21,MAG
TARA_SAMN05326651_METAG_RED00047,0,0,0,Bacteria-Other,82.16,MAG
MARD_SAMN02708976_REFG_MMP02708976,0,0,0,Archaea-Other,97.22,RefGenome
TARA_SAMN05326651_METAG_RED00052,0,0,0,Chloroflexota,85.6,MAG
MARD_SAMN02708977_REFG_MMP02708977,0,0,0,Archaea-Other,97.22,RefGenome
TARA_SAMN05326651_METAG_RED00061,0,0,0,Chloroflexota,76.87,MAG
MARD_SAMN02708978_REFG_MMP02708978,0,0,0,Archaea-Other,97.22,RefGenome
MARD_SAMN02708979_REFG_MMP02708979,0,0,0,Archaea-Other,97.53,RefGenome
TARA_SAMN05326651_METAG_RED00086,0,0,0,Alpha-Other,83.38,MAG
TARA_SAMN05326640_METAG_ANE00001,0,0,0,Alpha-Other,92.67,MAG
TARA_SAMN05326640_METAG_ANE00010,0,0,0,Bacteroidota,89.64,MAG
MARD_SAMN02708981_REFG_MMP02708981,0,0,0,Archaea-Other,97.84,RefGenome
TARA_SAMN05326640_METAG_ANE00026,0,0,0,Bacteroidota,81.98,MAG
TARA_SAMN05326640_METAG_ANE00028,0,0,0,Chloroflexota,87.68,MAG
MARD_SAMN02708983_REFG_MMP02708983,0,0,0,Archaea-Other,97.22,RefGenome
TARA_SAMN05326640_METAG_ANE00044,0,0,0,Alpha-Other,83.24,MAG
TARA_SAMN05326640_METAG_ANE00054,0,0,0,Verrucomicrobiota,77.87,MAG
TARA_SAMN05326640_METAG_ANE00056,0,0,0,Chloroflexota,86.89,MAG
TARA_SAMN05326640_METAG_ANE00057,0,0,0,Gamma-Other,79.37,MAG
TARA_SAMN05326640_METAG_ANE00060,0,0,0,Bacteroidota,80.54,MAG
MARD_SAMN02708986_REFG_MMP02708986,0,0,0,Archaea-Other,97.22,RefGenome
TARA_SAMN05326640_METAG_ANE00074,0,0,0,Actinobacteriota,79.93,MAG
TARA_SAMN05326641_METAG_ANW00001,0,0,0,Alpha-Other,99.42,MAG
TARA_SAMN05326641_METAG_ANW00010,0,0,0,Bacteroidota,93.14,MAG
TARA_SAMN05326641_METAG_ANW00014,0,0,0,Planctomycetota,92.18,MAG
TARA_SAMN05326641_METAG_ANW00021,0,0,0,Bacteroidota,89.87,MAG
TARA_SAMN05326641_METAG_ANW00032,0,0,0,Alpha-Rhodobacter-LowGC,83.64,MAG
TARA_SAMN05326641_METAG_ANW00039,0,0,0,Planctomycetota,77.95,MAG
MARD_SAMN02708987_REFG_MMP02708987,0,0,0,Archaea-Other,97.53,RefGenome
TARA_SAMN05326641_METAG_ANW00057,0,0,0,Alpha-Other,87.14,MAG
TARA_SAMN05326642_METAG_ASE00004,0,0,0,Actinobacteriota,92.2,MAG
TARA_SAMN05326642_METAG_ASE00021,0,0,0,Bacteroidota,77.54,MAG
GORG_SAMEA6070058_SAGS_AG894A06,0,0,0,Bacteroidota,78.13,SAG
GORG_SAMEA6070094_SAGS_AG894C11,0,0,0,Cyano-Pro,82.44,SAG
GORG_SAMEA6077561_SAGS_AG333D04,0,0,0,Gamma-Other,93.74,SAG
GORG_SAMEA6070655_SAGS_AG896O22,0,0,0,Alpha-Rhodobacter-LowGC,75.78,SAG
GORG_SAMEA6070702_SAGS_AG897D19,0,0,0,Bacteroidota,76.49,SAG
GORG_SAMEA6078182_SAGS_AG343F17,0,0,0,Alpha-Rhodobacter-LowGC,76.19,SAG
MARD_SAMN02708988_REFG_MMP02708988,0,0,0,Archaea-Other,97.76,RefGenome
GORG_SAMEA6070155_SAGS_AG894G20,0,0,0,Alpha-Puniceispirilla,89.26,SAG
GORG_SAMEA6070157_SAGS_AG894G22,0,0,0,Cyano-Pro,83.91,SAG
GORG_SAMEA6070159_SAGS_AG894I02,0,0,0,Gamma-SAR86,77.15,SAG
GORG_SAMEA6070207_SAGS_AG894L18,0,0,0,Bacteroidota,78.65,SAG
GORG_SAMEA6070209_SAGS_AG894L20,0,0,0,Bacteroidota,94.16,SAG
GORG_SAMEA6070216_SAGS_AG894M09,0,0,0,Alpha-Puniceispirilla,95.36,SAG
GORG_SAMEA6070225_SAGS_AG894M20,0,0,0,Cyano-Pro,78.64,SAG
MARD_SAMN02708989_REFG_MMP02708989,0,0,0,Archaea-Other,97.14,RefGenome
GORG_SAMEA6069492_SAGS_AG891F08,0,0,0,Bacteroidota,88.73,SAG
GORG_SAMEA6069501_SAGS_AG891F20,0,0,0,Gamma-SAR86,77.52,SAG
GORG_SAMEA6069522_SAGS_AG891I06,0,0,0,Bacteroidota,95.64,SAG
GORG_SAMEA6074606_SAGS_AG918I18,0,0,0,Alpha-Rhodobacter-LowGC,76.85,SAG
GORG_SAMEA6072331_SAGS_AG907I19,0,0,0,Alpha-Other,78.28,SAG
GORG_SAMEA6075436_SAGS_AG404F06,0,0,0,Bacteroidota,83.68,SAG
MARD_SAMN02708990_REFG_MMP02708990,0,0,0,Archaea-Other,97.45,RefGenome
GORG_SAMEA6075515_SAGS_AG404L15,0,0,0,Cyano-Other,76.1,SAG
GORG_SAMEA6075523_SAGS_AG404M02,0,0,0,Alpha-Other,88.18,SAG
GORG_SAMEA6069770_SAGS_AG892K07,0,0,0,Alpha-Other,82.01,SAG
GORG_SAMEA6069779_SAGS_AG892K21,0,0,0,Bacteroidota,87.81,SAG
GORG_SAMEA6069798_SAGS_AG892M03,0,0,0,Alpha-Rhodobacter-LowGC,87.68,SAG
GORG_SAMEA6069807_SAGS_AG892M20,0,0,0,Gamma-SAR86,80.45,SAG
GORG_SAMEA6074891_SAGS_AG920B11,0,0,0,Bacteroidota,92.2,SAG
GORG_SAMEA6074902_SAGS_AG920C11,0,0,0,Bacteroidota,78.89,SAG
GORG_SAMEA6074952_SAGS_AG920G11,0,0,0,Gamma-Other,76.35,SAG
GORG_SAMEA6076045_SAGS_AG414P09,0,0,0,Alpha-Pelagibacter,79.98,SAG
GORG_SAMEA6073497_SAGS_AG913C06,0,0,0,Bacteroidota,92,SAG
GORG_SAMEA6073540_SAGS_AG913F17,0,0,0,Bacteroidota,77.02,SAG
GORG_SAMEA6073584_SAGS_AG913K11,0,0,0,Bacteroidota,91.09,SAG
GORG_SAMEA6080090_SAGS_AG435G19,0,0,0,Bacteroidota,79.97,SAG
GORG_SAMEA6077808_SAGS_AG337B03,0,0,0,Alpha-Other,86.94,SAG
GORG_SAMEA6077813_SAGS_AG337B08,0,0,0,Alpha-Other,79.62,SAG
GORG_SAMEA6071754_SAGS_AG903K21,0,0,0,Alpha-Other,76.54,SAG
GORG_SAMEA6071779_SAGS_AG903N02,0,0,0,Bacteroidota,85.29,SAG
GORG_SAMEA6071830_SAGS_AG904A13,0,0,0,Bacteroidota,83.96,SAG
GORG_SAMEA6073528_SAGS_AG913E23,0,0,0,Bacteroidota,81.06,SAG
GORG_SAMEA6074517_SAGS_AG918A19,0,0,0,Alpha-Pelagibacter,77.16,SAG
GORG_SAMEA6074525_SAGS_AG918B11,0,0,0,Bacteroidota,79.59,SAG
GORG_SAMEA6071942_SAGS_AG904K03,0,0,0,Alpha-Pelagibacter,94.12,SAG
GORG_SAMEA6071980_SAGS_AG904M20,0,0,0,Alpha-Rhodobacter-LowGC,77.38,SAG
GORG_SAMEA6075675_SAGS_AG390F02,0,0,0,Gamma-Other,80,SAG
GORG_SAMEA6075719_SAGS_AG390I11,0,0,0,Bacteroidota,86.76,SAG
GORG_SAMEA6072433_SAGS_AG908A02,0,0,0,Bacteroidota,83.24,SAG
MARD_SAMN02708991_REFG_MMP02708991,0,0,0,Archaea-Other,96.84,RefGenome
GORG_SAMEA6069546_SAGS_AG891J16,0,0,0,Alpha-Other,94.54,SAG
GORG_SAMEA6069550_SAGS_AG891J21,0,0,0,Bacteroidota,93.62,SAG
GORG_SAMEA6069599_SAGS_AG891N17,0,0,0,Bacteroidota,86.71,SAG
GORG_SAMEA6074734_SAGS_AG919E11,0,0,0,Alpha-Other,76.15,SAG
GORG_SAMEA6076594_SAGS_AG447K22,0,0,0,Bacteroidota,77.82,SAG
MARD_SAMN09668315_REFG_MMP09668315,0,0,0,Archaea-Halobacteria,99.35,RefGenome
GORG_SAMEA6080220_SAGS_AG439B12,0,0,0,Alpha-Pelagibacter,78.96,SAG
GORG_SAMEA6075139_SAGS_AG349C04,0,0,0,Bacteroidota,75.48,SAG
GORG_SAMEA6074358_SAGS_AG917D20,0,0,0,Cyano-Pro,77.59,SAG
GORG_SAMEA6078574_SAGS_AG453N14,0,0,0,Gamma-Other,77.12,SAG
GORG_SAMEA6071560_SAGS_AG901J22,0,0,0,Alpha-Other,76.69,SAG
GORG_SAMEA6070784_SAGS_AG897N19,0,0,0,Alpha-Pelagibacter,77.9,SAG
GORG_SAMEA6070797_SAGS_AG897P03,0,0,0,Cyano-Pro,87.92,SAG
GORG_SAMEA6070822_SAGS_AG898B02,0,0,0,Bacteroidota,79.67,SAG
GORG_SAMEA6074428_SAGS_AG917K06,0,0,0,Alpha-Pelagibacter,94.65,SAG
GORG_SAMEA6074438_SAGS_AG917K20,0,0,0,Alpha-Pelagibacter,88.7,SAG
GORG_SAMEA6074455_SAGS_AG917M09,0,0,0,Bacteroidota,89.41,SAG
GORG_SAMEA6079413_SAGS_AG470J09,0,0,0,Dadabacteria,90.18,SAG
MARD_SAMN09668321_REFG_MMP09668321,0,0,0,Archaea-Halobacteria,98.51,RefGenome
GORG_SAMEA6076551_SAGS_AG447I15,0,0,0,Gamma-SAR86,78.94,SAG
GORG_SAMEA6076595_SAGS_AG447K23,0,0,0,Bacteroidota,79.33,SAG
GORG_SAMEA6076615_SAGS_AG447L22,0,0,0,Bacteroidota,94.54,SAG
GORG_SAMEA6076629_SAGS_AG447M16,0,0,0,Gamma-SAR86,83.54,SAG
GORG_SAMEA6076651_SAGS_AG447N18,0,0,0,Alpha-Pelagibacter,90.69,SAG
GORG_SAMEA6067873_SAGS_AH287M08,0,0,0,Cyano-Pro,80.04,SAG
GORG_SAMEA6067898_SAGS_AH287N17,0,0,0,Gamma-Other,81,SAG
GORG_SAMEA6073142_SAGS_AG911G22,0,0,0,Bacteroidota,82.22,SAG
GORG_SAMEA6073256_SAGS_AG911P17,0,0,0,Alpha-Pelagibacter,77.01,SAG
GORG_SAMEA6079656_SAGS_AG426K10,0,0,0,Cyano-Pro,75.1,SAG
MARD_SAMN09668322_REFG_MMP09668322,0,0,0,Archaea-Halobacteria,99.35,RefGenome
GORG_SAMEA6079729_SAGS_AG426O21,0,0,0,Bacteroidota,83.26,SAG
GORG_SAMEA6071904_SAGS_AG904G02,0,0,0,Gamma-SAR86,86.75,SAG
GORG_SAMEA6073288_SAGS_AG912C06,0,0,0,Bacteroidota,78.15,SAG
GORG_SAMEA6079884_SAGS_AG430J03,0,0,0,Bacteroidota,87.98,SAG
GORG_SAMEA6069865_SAGS_AG893B06,0,0,0,Bacteroidota,90.16,SAG
GORG_SAMEA6069878_SAGS_AG893C05,0,0,0,Cyano-Pro,82.96,SAG
GORG_SAMEA6069920_SAGS_AG893F23,0,0,0,Bacteroidota,85.46,SAG
GORG_SAMEA6075055_SAGS_AG920P16,0,0,0,Cyano-Pro,80.52,SAG
MARD_SAMN09668325_REFG_MMP09668325,0,0,0,Archaea-Halobacteria,99.35,RefGenome
GORG_SAMEA6075386_SAGS_AG404B19,0,0,0,Cyano-Other,76.61,SAG
GORG_SAMEA6071472_SAGS_AG901C10,0,0,0,Bacteroidota,83.96,SAG
GORG_SAMEA6073054_SAGS_AG911A04,0,0,0,Bacteroidota,76.71,SAG
GORG_SAMEA6073151_SAGS_AG911I17,0,0,0,Alpha-Puniceispirilla,85.97,SAG
GORG_SAMEA6079718_SAGS_AG426O05,0,0,0,Alpha-Pelagibacter,90.63,SAG
GORG_SAMEA6067710_SAGS_AH287B22,0,0,0,Cyano-Pro,78.12,SAG
GORG_SAMEA6069970_SAGS_AG893K07,0,0,0,Alpha-Puniceispirilla,94.55,SAG
GORG_SAMEA6069972_SAGS_AG893K11,0,0,0,Bacteroidota,91.46,SAG
GORG_SAMEA6069984_SAGS_AG893L07,0,0,0,Alpha-Pelagibacter,80.28,SAG
GORG_SAMEA6068956_SAGS_AG359G22,0,0,0,Alpha-Pelagibacter,80.76,SAG
GORG_SAMEA6068963_SAGS_AG359I09,0,0,0,Alpha-Pelagibacter,79.53,SAG
GORG_SAMEA6071219_SAGS_AG899P08,0,0,0,Bacteroidota,84.74,SAG
GORG_SAMEA6075893_SAGS_AG414B15,0,0,0,Alpha-Pelagibacter,87.3,SAG
GORG_SAMEA6073611_SAGS_AG913M15,0,0,0,Bacteroidota,80.02,SAG
GORG_SAMEA6080155_SAGS_AG435M14,0,0,0,Cyano-Pro,83.53,SAG
GORG_SAMEA6080249_SAGS_AG439D18,0,0,0,Chloroflexota,77.85,SAG
GORG_SAMEA6072753_SAGS_AG909K21,0,0,0,Gamma-SAR86,84.6,SAG
GORG_SAMEA6072821_SAGS_AG909P15,0,0,0,Alpha-Rhodobacter-LowGC,75.94,SAG
GORG_SAMEA6076270_SAGS_AG422G06,0,0,0,Bacteroidota,79.32,SAG
GORG_SAMEA6076298_SAGS_AG422I21,0,0,0,Cyano-Pro,86.66,SAG
GORG_SAMEA6079088_SAGS_AG461P02,0,0,0,Cyano-Pro,79.84,SAG
GORG_SAMEA6069649_SAGS_AG892A23,0,0,0,Cyano-Pro,85.33,SAG
GORG_SAMEA6069691_SAGS_AG892D16,0,0,0,Bacteroidota,76.32,SAG
GORG_SAMEA6069708_SAGS_AG892E21,0,0,0,Bacteroidota,82.72,SAG
GORG_SAMEA6071027_SAGS_AG899B02,0,0,0,Alpha-Rhodobacter-LowGC,87.24,SAG
GORG_SAMEA6071042_SAGS_AG899C10,0,0,0,Gamma-Other,89.9,SAG
GORG_SAMEA6075163_SAGS_AG349D14,0,0,0,Cyano-Pro,80.94,SAG
GORG_SAMEA6075231_SAGS_AG349I20,0,0,0,Bacteroidota,79.63,SAG
GORG_SAMEA6071365_SAGS_AG900K16,0,0,0,Bacteroidota,90.9,SAG
GORG_SAMEA6073010_SAGS_AG910M23,0,0,0,Alpha-Pelagibacter,83.18,SAG
GORG_SAMEA6071328_SAGS_AG900G19,0,0,0,Bacteroidota,78.08,SAG
GORG_SAMEA6074397_SAGS_AG917G16,0,0,0,Bacteroidota,79.12,SAG
MARD_SAMN10386251_REFG_MMP10386251,0,0,0,Archaea-Halobacteria,98.6,RefGenome
MARD_SAMN04487947_REFG_MMP04487947,0,0,0,Archaea-Halobacteria,98.76,RefGenome
MARD_SAMN04488063_REFG_MMP04488063,0,0,0,Archaea-Halobacteria,98.86,RefGenome
GORG_SAMEA6074102_SAGS_AG916A19,0,0,0,Bacteroidota,91.09,SAG
MARD_SAMN05216277_REFG_MMP05216277,0,0,0,Archaea-Halobacteria,97.06,RefGenome
GORG_SAMEA6070295_SAGS_AG895B20,0,0,0,Alpha-Other,88.56,SAG
GORG_SAMEA6070304_SAGS_AG895C20,0,0,0,Bacteroidota,89.98,SAG
GORG_SAMEA6073865_SAGS_AG914P08,0,0,0,Gamma-Other,80.82,SAG
GORG_SAMEA6073963_SAGS_AG915G02,0,0,0,Cyano-Pro,79.98,SAG
GORG_SAMEA6076414_SAGS_AG447A06,0,0,0,Alpha-Puniceispirilla,78.5,SAG
GORG_SAMEA6076460_SAGS_AG447C21,0,0,0,Alpha-Other,84.75,SAG
MARD_SAMN04488064_REFG_MMP04488064,0,0,0,Archaea-Halobacteria,98.36,RefGenome
GORG_SAMEA6080388_SAGS_AG439O14,0,0,0,Bacteroidota,76.86,SAG
GORG_SAMEA6068009_SAGS_AH324F14,0,0,0,Gamma-SAR86,90.06,SAG
GORG_SAMEA6070537_SAGS_AG896F13,0,0,0,Gamma-Other,90.14,SAG
GORG_SAMEA6077968_SAGS_AG337K15,0,0,0,Alpha-Other,83.64,SAG
GORG_SAMEA6072049_SAGS_AG905B22,0,0,0,Alpha-Pelagibacter,79.09,SAG
GORG_SAMEA6072101_SAGS_AG905G03,0,0,0,Alpha-Other,78.28,SAG
GORG_SAMEA6075809_SAGS_AG390M22,0,0,0,Bacteroidota,94.72,SAG
GORG_SAMEA6075810_SAGS_AG390M23,0,0,0,Bacteroidota,95.98,SAG
GORG_SAMEA6075822_SAGS_AG390N15,0,0,0,Gamma-SAR86,78.59,SAG
GORG_SAMEA6075258_SAGS_AG349K14,0,0,0,Gamma-Other,79.57,SAG
GORG_SAMEA6070638_SAGS_AG896N14,0,0,0,Bacteroidota,82.56,SAG
GORG_SAMEA6074065_SAGS_AG915O07,0,0,0,Alpha-Other,91.65,SAG
GORG_SAMEA6074114_SAGS_AG916B16,0,0,0,Cyano-Pro,81.33,SAG
GORG_SAMEA6074123_SAGS_AG916C10,0,0,0,Alpha-Rhodobacter-LowGC,82.08,SAG
GORG_SAMEA6074152_SAGS_AG916E11,0,0,0,Alpha-Rhodobacter-LowGC,76.35,SAG
GORG_SAMEA6074168_SAGS_AG916F16,0,0,0,Bacteroidota,76.02,SAG
GORG_SAMEA6074186_SAGS_AG916G20,0,0,0,Bacteroidota,92.54,SAG
GORG_SAMEA6074231_SAGS_AG916L03,0,0,0,Bacteroidota,78.42,SAG
GORG_SAMEA6078473_SAGS_AG453G16,0,0,0,Bacteroidota,91.35,SAG
GORG_SAMEA6078520_SAGS_AG453K07,0,0,0,Gamma-SAR86,82.97,SAG
MARD_SAMN09668316_REFG_MMP09668316,0,0,0,Archaea-Halobacteria,98.55,RefGenome
MARD_SAMN08886328_SAGS_MMP08886328,0,0,0,Cyano-Pro,88.96,SAG
MARD_SAMN08886331_SAGS_MMP08886331,0,0,0,Cyano-Pro,94.68,SAG
MARD_SAMN08886359_SAGS_MMP08886359,0,0,0,Cyano-Other,83.64,SAG
MARD_SAMN08886365_SAGS_MMP08886365,0,0,0,Cyano-Other,86.23,SAG
MARD_SAMN08886396_SAGS_MMP08886396,0,0,0,Cyano-Pro,84.71,SAG
MARD_SAMN08886498_SAGS_MMP08886498,0,0,0,Cyano-Pro,76.19,SAG
MARD_SAMN08886528_SAGS_MMP08886528,0,0,0,Cyano-Pro,89.04,SAG
MARD_SAMN08886133_SAGS_MMP08886133,0,0,0,Cyano-Pro,81.22,SAG
MARD_SAMN08886135_SAGS_MMP08886135,0,0,0,Cyano-Pro,85.81,SAG
MARD_SAMN08886149_SAGS_MMP08886149,0,0,0,Cyano-Pro,89.83,SAG
MARD_SAMN08886166_SAGS_MMP08886166,0,0,0,Cyano-Pro,94.94,SAG
MARD_SAMN08886168_SAGS_MMP08886168,0,0,0,Cyano-Pro,94.38,SAG
MARD_SAMN08886169_SAGS_MMP08886169,0,0,0,Cyano-Pro,84.78,SAG
MARD_SAMN08886202_SAGS_MMP08886202,0,0,0,Cyano-Pro,83.7,SAG
MARD_SAMN08886215_SAGS_MMP08886215,0,0,0,Cyano-Pro,79.96,SAG
MARD_SAMN08886255_SAGS_MMP08886255,0,0,0,Cyano-Other,79.69,SAG
MARD_SAMN08886311_SAGS_MMP08886311,0,0,0,Cyano-Pro,82.86,SAG
MARD_SAMN06074323_REFG_MMP06074323,1,1,1,Bacteroidota,98.7,RefGenome
MARD_SAMN06133456_REFG_MMP06133456,1,1,1,Bacteroidota,98.94,RefGenome
MARD_SAMN06133457_REFG_MMP06133457,1,1,1,Bacteroidota,99.47,RefGenome
MARD_SAMN08536174_REFG_MMP08536174,1,1,1,Gamma-Other,99.43,RefGenome
MARD_SAMN08536175_REFG_MMP08536175,1,1,1,Gamma-Other,99.36,RefGenome
MARD_SAMN08886523_SAGS_MMP08886523,0,0,0,Alpha-Pelagibacter,90.69,SAG
MARD_SAMN08906339_REFG_MMP08906339,0,0,0,Bacteroidota,99.31,RefGenome
MARD_SAMN09228976_REFG_MMP09228976,0,0,0,Gamma-Other,100,RefGenome
MARD_SAMN05417998_REFG_MMP05417998,1,1,1,Gamma-Other,97.49,RefGenome
MARD_SAMN06075357_REFG_MMP06075357,0,0,0,Bacteroidota,97.69,RefGenome
MARD_SAMN06090798_REFG_MMP06090798,0,0,0,Gamma-Other,98.21,RefGenome
MARD_SAMN07249100_REFG_MMP07249100,1,1,1,Firmicutes,98.98,RefGenome
MARD_SAMN07998566_REFG_MMP07998566,0,0,0,Firmicutes,99.82,RefGenome
MARD_SAMN07998567_REFG_MMP07998567,0,0,0,Firmicutes,99.82,RefGenome
MARD_SAMN07998568_REFG_MMP07998568,0,0,0,Firmicutes,99.82,RefGenome
MARD_SAMN07998569_REFG_MMP07998569,0,0,0,Firmicutes,99.82,RefGenome
MARD_SAMN07998571_REFG_MMP07998571,0,0,0,Firmicutes,99.82,RefGenome
MARD_SAMN07998572_REFG_MMP07998572,0,0,0,Firmicutes,99.66,RefGenome
MARD_SAMN07998573_REFG_MMP07998573,0,0,0,Firmicutes,99.8,RefGenome
MARD_SAMN07998574_REFG_MMP07998574,0,0,0,Firmicutes,99.82,RefGenome
MARD_SAMN07998575_REFG_MMP07998575,0,0,0,Firmicutes,99.72,RefGenome
MARD_SAMN07998576_REFG_MMP07998576,0,0,0,Firmicutes,99.82,RefGenome
MARD_SAMN07998577_REFG_MMP07998577,0,0,0,Firmicutes,99.82,RefGenome
MARD_SAMN07998578_REFG_MMP07998578,0,0,0,Firmicutes,99.82,RefGenome
MARD_SAMN07998579_REFG_MMP07998579,0,0,0,Firmicutes,99.82,RefGenome
MARD_SAMN07998580_REFG_MMP07998580,0,0,0,Firmicutes,99.82,RefGenome
MARD_SAMN07998581_REFG_MMP07998581,0,0,0,Firmicutes,99.82,RefGenome
MARD_SAMN07998582_REFG_MMP07998582,0,0,0,Firmicutes,99.82,RefGenome
MARD_SAMN07998583_REFG_MMP07998583,0,0,0,Firmicutes,99.82,RefGenome
MARD_SAMN07998584_REFG_MMP07998584,1,1,1,Firmicutes,100,RefGenome
MARD_SAMN07998587_REFG_MMP07998587,0,0,0,Firmicutes,99.82,RefGenome
MARD_SAMN07998588_REFG_MMP07998588,0,0,0,Firmicutes,99.82,RefGenome
MARD_SAMN07998589_REFG_MMP07998589,0,0,0,Firmicutes,99.82,RefGenome
MARD_SAMN07998590_REFG_MMP07998590,0,0,0,Firmicutes,99.82,RefGenome
MARD_SAMN08271789_SAGS_MMP08271789,0,0,0,Verrucomicrobiota,82.08,SAG
MARD_SAMN08886182_SAGS_MMP08886182,0,0,0,Gamma-SAR86,78.3,SAG
MARD_SAMN08886518_SAGS_MMP08886518,0,0,0,Alpha-Puniceispirilla,78.5,SAG
MARD_SAMN08886520_SAGS_MMP08886520,0,0,0,Alpha-Other,84.75,SAG
MARD_SAMN08886623_SAGS_MMP08886623,0,0,0,Cyano-Pro,77.1,SAG
MARD_SAMN08886626_SAGS_MMP08886626,0,0,0,Cyano-Pro,77.89,SAG
MARD_SAMN08891280_REFG_MMP08891280,1,1,1,Gamma-Other,100,RefGenome
MARD_SAMN08934405_REFG_MMP08934405,0,0,0,Alpha-Rhodobacter,99.34,RefGenome
MARD_SAMEA3861759_REFG_MMP3861759,0,0,0,Cyano-Syn,77.7,RefGenome
MARD_SAMN02744037_REFG_MMP02744037,1,1,1,Firmicutes,98.95,RefGenome
MARD_SAMN02745135_REFG_MMP02745135,1,1,1,Firmicutes,99.3,RefGenome
MARD_SAMN02745164_REFG_MMP02745164,1,1,1,Bacteria-Other,98.06,RefGenome
MARD_SAMN02745753_REFG_MMP02745753,1,1,1,Gamma-Other,100,RefGenome
MARD_SAMN02745945_REFG_MMP02745945,1,1,1,Firmicutes,99.28,RefGenome
MARD_SAMN09668318_REFG_MMP09668318,0,0,0,Archaea-Halobacteria,98.55,RefGenome
MARD_SAMN03079707_REFG_MMP03079707,1,1,1,Gamma-Other,99.64,RefGenome
MARD_SAMN03079717_REFG_MMP03079717,1,1,1,Gamma-Other,99.64,RefGenome
MARD_SAMN03080599_REFG_MMP03080599,1,1,1,Firmicutes,98.92,RefGenome
MARD_SAMN09668319_REFG_MMP09668319,0,0,0,Archaea-Halobacteria,98.36,RefGenome
MARD_SAMN04487946_REFG_MMP04487946,0,0,0,Archaea-Halobacteria,98.22,RefGenome
MARD_SAMN04487949_REFG_MMP04487949,0,0,0,Archaea-Halobacteria,98.24,RefGenome
TARA_SAMEA2622695_METAG_GOFCEJHK,0,0,0,Archaea-Halobacteria,91.48,MAG
TARA_SAMEA2622800_METAG_NHOAJJGP,0,0,0,Archaea-Halobacteria,91.17,MAG
MARD_SAMN04390145_REFG_MMP04390145,1,1,1,Bacteroidota,99.11,RefGenome
MARD_SAMN04507567_REFG_MMP04507567,1,1,1,Gamma-Other,99.43,RefGenome
MARD_SAMN04531896_REFG_MMP04531896,1,1,1,Gamma-Other,99.29,RefGenome
MARD_SAMN04555171_REFG_MMP04555171,1,1,1,Bacteria-Other,98.92,RefGenome
MARD_SAMN04903162_REFG_MMP04903162,1,1,1,Gamma-Other,100,RefGenome
MARD_SAMN05231708_REFG_MMP05231708,0,0,0,Bacteroidota,99.48,RefGenome
MARD_SAMN05410694_REFG_MMP05410694,1,1,1,Firmicutes,99.72,RefGenome
MARD_SAMN05421668_REFG_MMP05421668,1,1,1,Firmicutes,99.67,RefGenome
MARD_SAMN05428642_REFG_MMP05428642,0,0,0,Bacteroidota,99.12,RefGenome
MARD_SAMN05660282_REFG_MMP05660282,1,1,1,Actinobacteriota,99.48,RefGenome
MARD_SAMN05660337_REFG_MMP05660337,1,1,1,Bacteria-Other,98.92,RefGenome
MARD_SAMD00000547_REFG_MMP00000547,0,0,0,Bacteroidota,82.24,RefGenome
MARD_SAMD00017303_REFG_MMP00017303,1,1,1,Gamma-Other,93.24,RefGenome
MARD_SAMD00017313_REFG_MMP00017313,1,1,1,Gamma-Other,93.8,RefGenome
MARD_SAMD00036605_REFG_MMP00036605,1,1,1,Gamma-Other,99.74,RefGenome
MARD_SAMEA2272692_REFG_MMP2272692,0,0,0,Cyano-Other,96.72,RefGenome
MARD_SAMN02470171_REFG_MMP02470171,1,1,1,Gamma-Other,100,RefGenome
TARA_SAMEA2619907_METAG_BLCBMMAI,0,0,0,Archaea-Halobacteria,87.24,MAG
TARA_SAMEA2619907_METAG_FCFFGBKL,0,0,0,Archaea-Halobacteria,76.34,MAG
TARA_SAMEA2622796_METAG_NLGBEDMF,0,0,0,Archaea-Halobacteria,91.48,MAG
TARA_SAMEA2623756_METAG_FACJOEAJ,0,0,0,Archaea-Halobacteria,80.7,MAG
TARA_SAMEA2622690_METAG_HILCFCHB,0,0,0,Archaea-Halobacteria,91.17,MAG
TARA_SAMEA2619840_METAG_BEGAPBFN,0,0,0,Archaea-Halobacteria,93.76,MAG
TARA_SAMEA4397355_METAG_EOEANCFO,0,0,0,Archaea-Halobacteria,89.16,MAG
TARA_SAMEA4396468_METAG_JGJJNFOG,0,0,0,Archaea-Halobacteria,77.84,MAG
TARA_SAMN05326651_METAG_RED00018,0,0,0,Archaea-Halobacteria,92.06,MAG
TARA_SAMN05326651_METAG_RED00021,0,0,0,Archaea-Halobacteria,94.71,MAG
MARD_SAMD00000408_REFG_MMP00000408,0,0,0,Archaea-Other,88,RefGenome
MARD_SAMN02708954_REFG_MMP02708954,0,0,0,Archaea-Other,97.84,RefGenome
MARD_SAMN02708956_REFG_MMP02708956,0,0,0,Archaea-Other,97.84,RefGenome
MARD_SAMN02708957_REFG_MMP02708957,0,0,0,Archaea-Other,97.84,RefGenome
MARD_SAMN02708958_REFG_MMP02708958,0,0,0,Archaea-Other,97.84,RefGenome
MARD_SAMN02708959_REFG_MMP02708959,0,0,0,Archaea-Other,97.53,RefGenome
MARD_SAMN02708961_REFG_MMP02708961,0,0,0,Archaea-Other,97.53,RefGenome
MARD_SAMN02708965_REFG_MMP02708965,0,0,0,Archaea-Other,97.22,RefGenome
MARD_SAMN02708968_REFG_MMP02708968,0,0,0,Archaea-Other,97.84,RefGenome
MARD_SAMN02708971_REFG_MMP02708971,0,0,0,Archaea-Other,97.84,RefGenome
MARD_SAMN02708972_REFG_MMP02708972,0,0,0,Archaea-Other,97.84,RefGenome
MARD_SAMN02708980_REFG_MMP02708980,0,0,0,Archaea-Other,97.53,RefGenome
MARD_SAMN02708984_REFG_MMP02708984,0,0,0,Archaea-Other,96.75,RefGenome
MARD_SAMN02708985_REFG_MMP02708985,0,0,0,Archaea-Other,97.53,RefGenome
MARD_SAMN10345419_REFG_MMP10345419,0,0,0,Archaea-Other,97.28,RefGenome
MARD_SAMN10345420_REFG_MMP10345420,0,0,0,Archaea-Other,97.28,RefGenome
MARD_SAMN10345422_REFG_MMP10345422,0,0,0,Archaea-Other,97.28,RefGenome
MARD_SAMN04488589_REFG_MMP04488589,0,0,0,Archaea-Other,97.6,RefGenome
MARD_SAMN04515625_REFG_MMP04515625,0,0,0,Archaea-Other,97.28,RefGenome
TARA_SAMEA2622737_METAG_NABNIMPL,0,0,0,Archaea-Halobacteria,75.4,MAG
TARA_SAMEA4397730_METAG_PMHLEJPL,0,0,0,Archaea-Halobacteria,81.18,MAG
MARD_SAMN02738432_REFG_MMP02738432,0,0,0,Archaea-Other,98.62,RefGenome
MARD_SAMN08803845_SAGS_MMP08803845,0,0,0,Archaea-Other,93.58,SAG
TARA_SAMEA2623390_METAG_EHIPJHJE,0,0,0,Archaea-Other,93.22,MAG
TARA_SAMEA2619970_METAG_FOJJJDJE,0,0,0,Archaea-Other,93.04,MAG
TARA_SAMEA2623314_METAG_CNHGABFC,0,0,0,Archaea-Other,87.02,MAG
TARA_SAMEA2619974_METAG_IDLEJKED,0,0,0,Archaea-Other,88.58,MAG
TARA_SAMEA2619974_METAG_GALFEMFL,0,0,0,Archaea-Other,88.62,MAG
TARA_SAMEA2619974_METAG_PIMPJODO,0,0,0,Archaea-Other,75.36,MAG
TARA_SAMEA2619974_METAG_ANKKHEHI,0,0,0,Archaea-Other,75.9,MAG
MARD_SAMD00017305_REFG_MMP00017305,1,1,1,Gamma-Other,95.97,RefGenome
MARD_SAMD00017330_REFG_MMP00017330,1,1,1,Bacteroidota,97.26,RefGenome
MARD_SAMD00018622_REFG_MMP00018622,1,1,1,Firmicutes,99.5,RefGenome
MARD_SAMD00020220_REFG_MMP00020220,1,1,1,Bacteroidota,99.67,RefGenome
MARD_SAMD00036589_REFG_MMP00036589,1,1,1,Gamma-Other,99.64,RefGenome
MARD_SAMD00036590_REFG_MMP00036590,1,1,1,Gamma-Other,99.98,RefGenome
MARD_SAMD00036592_REFG_MMP00036592,1,1,1,Gamma-Other,100,RefGenome
MARD_SAMEA3114296_REFG_MMP3114296,1,1,1,Gamma-Other,99.64,RefGenome
MARD_SAMN00622971_REFG_MMP00622971,0,0,0,Actinobacteriota,98.78,RefGenome
MARD_SAMN00622974_REFG_MMP00622974,1,1,1,Gamma-Other,100,RefGenome
MARD_SAMN02436090_REFG_MMP02436090,1,1,1,Cyano-Other,99.29,RefGenome
MARD_SAMN02436113_REFG_MMP02436113,0,0,0,Gamma-Other,99.78,RefGenome
MARD_SAMN02436142_REFG_MMP02436142,0,0,0,Alpha-Rhodobacter,98.72,RefGenome
MARD_SAMN02440876_REFG_MMP02440876,0,0,0,Gamma-Other,99.43,RefGenome
MARD_SAMN02441636_SAGS_MMP02441636,0,0,0,Bacteroidota,89.16,SAG
MARD_SAMN02603920_REFG_MMP02603920,1,1,1,Bacteroidota,99.08,RefGenome
MARD_SAMN05195137_REFG_MMP05195137,1,1,1,Gamma-Other,99.29,RefGenome
MARD_SAMN08778569_REFG_MMP08778569,0,0,0,Bacteroidota,98.34,RefGenome
MARD_SAMN08851612_REFG_MMP08851612,1,1,1,Gamma-Other,97.92,RefGenome
MARD_SAMN08997732_REFG_MMP08997732,0,0,0,Bacteroidota,99.67,RefGenome
MARD_SAMN09005652_REFG_MMP09005652,1,1,1,Firmicutes,100,RefGenome
MARD_SAMN09064531_REFG_MMP09064531,0,0,0,Alpha-Other,99.34,RefGenome
MARD_SAMN09064533_REFG_MMP09064533,1,1,1,Gamma-Other,99.51,RefGenome
MARD_SAMN09074685_REFG_MMP09074685,1,1,1,Gamma-Other,99.72,RefGenome
MARD_SAMN09104463_REFG_MMP09104463,1,1,1,Firmicutes,100,RefGenome
MARD_SAMN09104464_REFG_MMP09104464,1,1,1,Firmicutes,100,RefGenome
MARD_SAMN09104478_REFG_MMP09104478,1,1,1,Firmicutes,100,RefGenome
MARD_SAMN09104479_REFG_MMP09104479,1,1,1,Firmicutes,100,RefGenome
MARD_SAMN09104491_REFG_MMP09104491,1,1,1,Firmicutes,100,RefGenome
MARD_SAMN09104492_REFG_MMP09104492,1,1,1,Firmicutes,100,RefGenome
MARD_SAMN09104493_REFG_MMP09104493,1,1,1,Firmicutes,100,RefGenome
MARD_SAMN09104495_REFG_MMP09104495,1,1,1,Firmicutes,99.81,RefGenome
MARD_SAMN09104498_REFG_MMP09104498,1,1,1,Firmicutes,100,RefGenome
MARD_SAMN09104499_REFG_MMP09104499,1,1,1,Firmicutes,100,RefGenome
MARD_SAMN09104505_REFG_MMP09104505,1,1,1,Firmicutes,100,RefGenome
MARD_SAMN09104506_REFG_MMP09104506,1,1,1,Firmicutes,100,RefGenome
MARD_SAMN09104507_REFG_MMP09104507,1,1,1,Firmicutes,100,RefGenome
MARD_SAMN09104508_REFG_MMP09104508,1,1,1,Firmicutes,100,RefGenome
MARD_SAMN09104514_REFG_MMP09104514,1,1,1,Firmicutes,99.64,RefGenome
MARD_SAMN09104518_REFG_MMP09104518,1,1,1,Firmicutes,100,RefGenome
MARD_SAMN09104519_REFG_MMP09104519,1,1,1,Firmicutes,100,RefGenome
MARD_SAMN09437435_REFG_MMP09437435,1,1,1,Gamma-Other,99.54,RefGenome
MARD_SAMN09736005_REFG_MMP09736005,1,1,1,Gamma-Other,100,RefGenome
MARD_SAMN09762563_REFG_MMP09762563,1,1,1,Gamma-Other,99.81,RefGenome
MARD_SAMN10130826_REFG_MMP10130826,1,1,1,Alpha-Other,99.28,RefGenome
MARD_SAMN10134660_REFG_MMP10134660,1,1,1,Gamma-Alteromonas,100,RefGenome
MARD_SAMN10405970_REFG_MMP10405970,1,1,1,Gamma-Other,99.92,RefGenome
MARD_SAMN05504969_REFG_MMP05504969,1,1,1,Firmicutes,99.3,RefGenome
MARD_SAMN08770194_REFG_MMP08770194,0,0,0,Bacteroidota,98.77,RefGenome
MARD_SAMN08779097_REFG_MMP08779097,1,1,1,Bacteroidota,99.48,RefGenome
MARD_SAMN08888560_REFG_MMP08888560,0,0,0,Alpha-Other,99.62,RefGenome
MARD_SAMN09074695_REFG_MMP09074695,0,0,0,Chloroflexota,94.11,RefGenome
MARD_SAMN09381310_REFG_MMP09381310,1,1,1,Gamma-Other,99.62,RefGenome
MARD_SAMN09389153_REFG_MMP09389153,1,1,1,Bacteroidota,99.15,RefGenome
MARD_SAMN09522130_REFG_MMP09522130,1,1,1,Gamma-Other,100,RefGenome
MARD_SAMN09667312_REFG_MMP09667312,0,0,0,Bacteroidota,99.67,RefGenome
TARA_SAMEA2619974_METAG_JBLOGAKH,0,0,0,Archaea-Other,80.8,MAG
TARA_SAMEA2619974_METAG_FNCIMBNC,0,0,0,Archaea-Other,80.4,MAG
TARA_SAMEA2619974_METAG_GOLJCEHL,0,0,0,Archaea-Other,86.32,MAG
MARD_SAMN09708542_REFG_MMP09708542,0,0,0,Firmicutes,99.67,RefGenome
MARD_SAMN09711903_REFG_MMP09711903,1,1,1,Bacteria-Other,99.08,RefGenome
MARD_SAMN09714579_REFG_MMP09714579,0,0,0,Bacteria-Other,97.71,RefGenome
MARD_SAMN09759696_REFG_MMP09759696,0,0,0,Bacteroidota,98.92,RefGenome
MARD_SAMN09762594_REFG_MMP09762594,1,1,1,Gamma-Other,100,RefGenome
MARD_SAMN09772206_REFG_MMP09772206,1,1,1,Bacteria-Other,99.08,RefGenome
MARD_SAMN09915279_REFG_MMP09915279,0,0,0,Alpha-Other,99.68,RefGenome
MARD_SAMN09915280_REFG_MMP09915280,0,0,0,Alpha-Other,99.68,RefGenome
MARD_SAMN09916314_REFG_MMP09916314,1,1,1,Gamma-Other,100,RefGenome
MARD_SAMN09939629_REFG_MMP09939629,0,0,0,Alpha-Other,99.74,RefGenome
MARD_SAMN09939640_REFG_MMP09939640,0,0,0,Bacteroidota,99.39,RefGenome
MARD_SAMN09939641_REFG_MMP09939641,0,0,0,Bacteroidota,99.15,RefGenome
MARD_SAMN10134658_REFG_MMP10134658,0,0,0,Bacteroidota,98.83,RefGenome
MARD_SAMN10233606_REFG_MMP10233606,1,1,1,Bacteria-Other,98.36,RefGenome
MARD_SAMN10233659_REFG_MMP10233659,1,1,1,Gamma-Alteromonas,99.94,RefGenome
MARD_SAMN10250233_REFG_MMP10250233,1,1,1,Actinobacteriota,98.18,RefGenome
MARD_SAMN10284718_REFG_MMP10284718,1,1,1,Gamma-Other,99.9,RefGenome
MARD_SAMN10320226_REFG_MMP10320226,0,0,0,Alpha-Other,99.18,RefGenome
MARD_SAMN02745938_REFG_MMP02745938,0,0,0,Bacteroidota,99.28,RefGenome
MARD_SAMN04487891_REFG_MMP04487891,0,0,0,Bacteroidota,99.48,RefGenome
MARD_SAMN04487907_REFG_MMP04487907,1,1,1,Bacteroidota,99.09,RefGenome
TARA_SAMEA2620106_METAG_BLEMCLDN,0,0,0,Archaea-Other,75.58,MAG
MARD_SAMN04487989_REFG_MMP04487989,0,0,0,Bacteroidota,99.48,RefGenome
MARD_SAMN04488011_REFG_MMP04488011,0,0,0,Alpha-Rhodobacter,99.6,RefGenome
MARD_SAMN04488012_REFG_MMP04488012,0,0,0,Alpha-Rhodobacter,99.62,RefGenome
MARD_SAMN04488035_REFG_MMP04488035,1,1,1,Actinobacteriota,99.14,RefGenome
TARA_SAMEA2620106_METAG_EBFDHBPD,0,0,0,Archaea-Other,76.66,MAG
MARD_SAMN04488070_REFG_MMP04488070,0,0,0,Gamma-Other,99.47,RefGenome
MARD_SAMN04488129_REFG_MMP04488129,1,1,1,Gamma-Other,100,RefGenome
MARD_SAMN04488139_REFG_MMP04488139,0,0,0,Gamma-Other,99.47,RefGenome
MARD_SAMN04489722_REFG_MMP04489722,1,1,1,Bacteroidota,99.48,RefGenome
MARD_SAMN05192570_REFG_MMP05192570,0,0,0,Alpha-Other,100,RefGenome
MARD_SAMN05216234_REFG_MMP05216234,1,1,1,Bacteria-Other,99.08,RefGenome
MARD_SAMN05216261_REFG_MMP05216261,1,1,1,Bacteroidota,99.31,RefGenome
MARD_SAMN05216293_REFG_MMP05216293,0,0,0,Bacteroidota,99.48,RefGenome
MARD_SAMN05216474_REFG_MMP05216474,0,0,0,Bacteroidota,98.92,RefGenome
MARD_SAMN05216480_REFG_MMP05216480,1,1,1,Bacteroidota,99.15,RefGenome
MARD_SAMN05421831_REFG_MMP05421831,1,1,1,Gamma-Other,98.44,RefGenome
MARD_SAMN05443431_REFG_MMP05443431,0,0,0,Bacteroidota,99.84,RefGenome
MARD_SAMN05444148_REFG_MMP05444148,0,0,0,Bacteroidota,99.67,RefGenome
MARD_SAMN05444281_REFG_MMP05444281,1,1,1,Bacteroidota,98.06,RefGenome
MARD_SAMN05444287_REFG_MMP05444287,0,0,0,Alpha-Rhodobacter,99.34,RefGenome
MARD_SAMN05444353_REFG_MMP05444353,1,1,1,Bacteroidota,99.44,RefGenome
MARD_SAMN05444421_REFG_MMP05444421,0,0,0,Alpha-Rhodobacter,99.62,RefGenome
MARD_SAMN05444483_REFG_MMP05444483,1,1,1,Bacteroidota,99.36,RefGenome
MARD_SAMN05660413_REFG_MMP05660413,1,1,1,Bacteroidota,98.9,RefGenome
MARD_SAMD00000349_REFG_MMP00000349,1,1,1,Firmicutes,100,RefGenome
MARD_SAMEA3214536_REFG_MMP3214536,0,0,0,Gamma-Other,92.75,RefGenome
MARD_SAMEA3368573_SAGS_MMP3368573,0,0,0,Cyano-Pro,86.14,SAG
MARD_SAMEA3500511_REFG_MMP3500511,0,0,0,Gamma-Other,99.63,RefGenome
MARD_SAMN01942250_REFG_MMP01942250,1,1,1,Gamma-Other,98.6,RefGenome
MARD_SAMN01942309_REFG_MMP01942309,1,1,1,Gamma-Other,99.64,RefGenome
MARD_SAMN02441634_SAGS_MMP02441634,0,0,0,Alpha-Rhodobacter-LowGC,79.38,SAG
MARD_SAMN02469595_REFG_MMP02469595,0,0,0,Bacteria-Other,98.66,RefGenome
MARD_SAMN02470140_REFG_MMP02470140,0,0,0,Bacteroidota,99.48,RefGenome
MARD_SAMN02671329_SAGS_MMP02671329,0,0,0,Cyano-Pro,80.48,SAG
MARD_SAMN02671339_SAGS_MMP02671339,0,0,0,Cyano-Pro,86.02,SAG
MARD_SAMN02671349_SAGS_MMP02671349,0,0,0,Cyano-Pro,92.98,SAG
MARD_SAMN02671375_SAGS_MMP02671375,0,0,0,Cyano-Pro,88.1,SAG
MARD_SAMN02671377_SAGS_MMP02671377,0,0,0,Cyano-Pro,83.62,SAG
MARD_SAMN02671389_SAGS_MMP02671389,0,0,0,Cyano-Pro,87.22,SAG
MARD_SAMN02671392_SAGS_MMP02671392,0,0,0,Cyano-Pro,89.28,SAG
MARD_SAMN02671393_SAGS_MMP02671393,0,0,0,Cyano-Pro,94.06,SAG
TARA_SAMEA2620106_METAG_FBCJLDPL,0,0,0,Archaea-Other,75.12,MAG
MARD_SAMN08917691_REFG_MMP08917691,1,1,1,Gamma-Other,99.64,RefGenome
MARD_SAMN08997837_REFG_MMP08997837,1,1,1,Verrucomicrobiota,99.64,RefGenome
MARD_SAMN09074750_REFG_MMP09074750,1,1,1,Bacteroidota,98.33,RefGenome
MARD_SAMN09074796_REFG_MMP09074796,0,0,0,Bacteroidota,99.84,RefGenome
MARD_SAMN09074955_REFG_MMP09074955,1,1,1,Gamma-Other,100,RefGenome
MARD_SAMN09074958_REFG_MMP09074958,1,1,1,Gamma-Other,99.96,RefGenome
TARA_SAMEA2620035_METAG_NJLGCJKH,0,0,0,Archaea-Other,86.32,MAG
TARA_SAMEA2620035_METAG_KHHJFNPJ,0,0,0,Archaea-Other,86.12,MAG
MARD_SAMN09767239_REFG_MMP09767239,0,0,0,Bacteroidota,98.4,RefGenome
MARD_SAMN10130974_REFG_MMP10130974,0,0,0,Alpha-Other,99.62,RefGenome
MARD_SAMN02927937_REFG_MMP02927937,0,0,0,Bacteroidota,99.4,RefGenome
MARD_SAMN04487892_REFG_MMP04487892,0,0,0,Bacteroidota,98.23,RefGenome
TARA_SAMEA2619970_METAG_DNAIOEEH,0,0,0,Archaea-Other,86.02,MAG
TARA_SAMEA2619970_METAG_DKMJMNEJ,0,0,0,Archaea-Other,87.32,MAG
MARD_SAMN04487990_REFG_MMP04487990,1,1,1,Bacteroidota,98.76,RefGenome
MARD_SAMN04488140_REFG_MMP04488140,1,1,1,Bacteroidota,99.09,RefGenome
MARD_SAMN04488568_REFG_MMP04488568,0,0,0,Alpha-Other,99.4,RefGenome
MARD_SAMN05216294_REFG_MMP05216294,0,0,0,Bacteroidota,98.23,RefGenome
MARD_SAMN05216571_REFG_MMP05216571,0,0,0,Gamma-Other,100,RefGenome
MARD_SAMN05251087_REFG_MMP05251087,0,0,0,Bacteria-Other,98.38,RefGenome
MARD_SAMN05327868_REFG_MMP05327868,0,0,0,Alpha-Other,99.57,RefGenome
MARD_SAMN05421637_REFG_MMP05421637,1,1,1,Actinobacteriota,98.12,RefGenome
MARD_SAMN05444285_REFG_MMP05444285,1,1,1,Bacteroidota,98.86,RefGenome
MARD_SAMN05915707_REFG_MMP05915707,1,1,1,Bacteroidota,97.54,RefGenome
MARD_SAMN08366825_REFG_MMP08366825,1,1,1,Actinobacteriota,99.64,RefGenome
MARD_SAMN08848610_REFG_MMP08848610,1,1,1,Bacteria-Other,98.92,RefGenome
MARD_SAMN08903215_REFG_MMP08903215,0,0,0,Alpha-Other,99.35,RefGenome
MARD_SAMN08913591_REFG_MMP08913591,1,1,1,Firmicutes,99.18,RefGenome
MARD_SAMN08970498_REFG_MMP08970498,0,0,0,Alpha-Rhodobacter,99.7,RefGenome
MARD_SAMN09228019_REFG_MMP09228019,1,1,1,Bacteroidota,98.62,RefGenome
MARD_SAMN09228975_REFG_MMP09228975,1,1,1,Gamma-Other,99.63,RefGenome
MARD_SAMN09499650_REFG_MMP09499650,0,0,0,Gamma-Other,99.35,RefGenome
MARD_SAMN05417999_REFG_MMP05417999,1,1,1,Gamma-Other,97.49,RefGenome
MARD_SAMN05418000_REFG_MMP05418000,1,1,1,Gamma-Other,97.49,RefGenome
MARD_SAMN05418003_REFG_MMP05418003,1,1,1,Gamma-Other,97.49,RefGenome
MARD_SAMN05418004_REFG_MMP05418004,1,1,1,Gamma-Other,97.49,RefGenome
MARD_SAMN05418006_REFG_MMP05418006,1,1,1,Gamma-Other,97.49,RefGenome
MARD_SAMN05418009_REFG_MMP05418009,1,1,1,Gamma-Other,97.49,RefGenome
MARD_SAMN05418010_REFG_MMP05418010,1,1,1,Gamma-Other,97.49,RefGenome
MARD_SAMN05418011_REFG_MMP05418011,1,1,1,Gamma-Other,97.49,RefGenome
MARD_SAMN05418016_REFG_MMP05418016,1,1,1,Gamma-Other,97.49,RefGenome
MARD_SAMN05418017_REFG_MMP05418017,1,1,1,Gamma-Other,97.49,RefGenome
MARD_SAMN05418018_REFG_MMP05418018,1,1,1,Gamma-Other,97.49,RefGenome
MARD_SAMN05418048_REFG_MMP05418048,1,1,1,Gamma-Other,97.36,RefGenome
MARD_SAMN05418049_REFG_MMP05418049,1,1,1,Gamma-Other,97.42,RefGenome
MARD_SAMN05418063_REFG_MMP05418063,1,1,1,Gamma-Other,97.49,RefGenome
MARD_SAMN05418064_REFG_MMP05418064,1,1,1,Gamma-Other,97.49,RefGenome
MARD_SAMN05418065_REFG_MMP05418065,1,1,1,Gamma-Other,97.49,RefGenome
MARD_SAMN05418071_REFG_MMP05418071,1,1,1,Gamma-Other,97.36,RefGenome
MARD_SAMN05418072_REFG_MMP05418072,1,1,1,Gamma-Other,97.49,RefGenome
MARD_SAMN05418081_REFG_MMP05418081,1,1,1,Gamma-Other,97.36,RefGenome
MARD_SAMN05418086_REFG_MMP05418086,1,1,1,Gamma-Other,97.49,RefGenome
MARD_SAMN05418088_REFG_MMP05418088,1,1,1,Gamma-Other,97.36,RefGenome
MARD_SAMN05418090_REFG_MMP05418090,1,1,1,Gamma-Other,97.49,RefGenome
MARD_SAMN05418098_REFG_MMP05418098,1,1,1,Gamma-Other,97.49,RefGenome
MARD_SAMN05418101_REFG_MMP05418101,1,1,1,Gamma-Other,97.49,RefGenome
MARD_SAMN05418102_REFG_MMP05418102,1,1,1,Gamma-Other,97.49,RefGenome
MARD_SAMN05418107_REFG_MMP05418107,1,1,1,Gamma-Other,97.36,RefGenome
MARD_SAMN05418125_REFG_MMP05418125,1,1,1,Gamma-Other,97.36,RefGenome
MARD_SAMN05418153_REFG_MMP05418153,1,1,1,Gamma-Other,97.49,RefGenome
MARD_SAMN05418183_REFG_MMP05418183,1,1,1,Gamma-Other,97.49,RefGenome
MARD_SAMN05418185_REFG_MMP05418185,1,1,1,Gamma-Other,97.42,RefGenome
MARD_SAMN05418204_REFG_MMP05418204,1,1,1,Gamma-Other,97.49,RefGenome
MARD_SAMN05418206_REFG_MMP05418206,1,1,1,Gamma-Other,97.49,RefGenome
TARA_SAMEA2621033_METAG_MAHHHCDM,0,0,0,Alpha-Other,99.4,MAG
TARA_SAMEA2622667_METAG_BMCGBAMJ,0,0,0,Planctomycetota,96.5,MAG
TARA_SAMEA2621221_METAG_COJLDLLC,0,0,0,Actinobacteriota,80.77,MAG
TARA_SAMEA2621221_METAG_DLONKAGD,0,0,0,Actinobacteriota,84.65,MAG
TARA_SAMEA2621221_METAG_HDBMEPOM,0,0,0,Marinisomatota,82.92,MAG
TARA_SAMEA2621221_METAG_FMFOKGND,0,0,0,Bacteria-Other,94.04,MAG
TARA_SAMEA2621221_METAG_ODIICDFG,0,0,0,Gemmatimonadota,94.87,MAG
TARA_SAMEA2621221_METAG_JGMDINNE,0,0,0,Gamma-Other,91.74,MAG
TARA_SAMEA2621221_METAG_AFPNPCON,0,0,0,Chloroflexota,93.21,MAG
TARA_SAMEA2621221_METAG_DADHDCHE,0,0,0,Chloroflexota,95.65,MAG
TARA_SAMEA2621221_METAG_FMEBBFHA,0,0,0,Alpha-Other,78.81,MAG
TARA_SAMEA2620097_METAG_PJHDBIIG,0,0,0,Archaea-Other,89.26,MAG
TARA_SAMEA2621221_METAG_APKPEAPF,0,0,0,Marinisomatota,88.73,MAG
TARA_SAMEA2621221_METAG_CMKPDAPL,0,0,0,Chloroflexota,90.12,MAG
TARA_SAMEA2621221_METAG_JENNBDKK,0,0,0,Actinobacteriota,92.54,MAG
TARA_SAMEA2620097_METAG_CFONCBDI,0,0,0,Archaea-Other,85.89,MAG
TARA_SAMEA4396941_METAG_JBFJBPGF,0,0,0,Bacteroidota,80.68,MAG
TARA_SAMEA4396941_METAG_PKBIEBPD,1,1,1,Bacteroidota,80.22,MAG
TARA_SAMEA4396941_METAG_LCHMGBFF,0,0,0,Alpha-Other,76.17,MAG
TARA_SAMEA4396941_METAG_HPCNOIDP,0,0,0,Alpha-Other,98.06,MAG
TARA_SAMEA4396941_METAG_GBOJPBHF,0,0,0,Gamma-Other,95.88,MAG
TARA_SAMEA4396941_METAG_JJMGJJLC,0,0,0,Bacteroidota,78.69,MAG
TARA_SAMEA4397174_METAG_JKCEPKML,0,0,0,Alpha-Other,84.82,MAG
TARA_SAMEA4397174_METAG_IBKJMOHA,0,0,0,Gamma-Other,87.2,MAG
TARA_SAMEA4397174_METAG_KKANMIML,0,0,0,Bacteroidota,93.51,MAG
TARA_SAMEA4397174_METAG_DKFDFPMI,0,0,0,Bacteroidota,99.64,MAG
TARA_SAMEA4397174_METAG_CHKNPBJH,0,0,0,Bacteroidota,95.02,MAG
TARA_SAMEA4397174_METAG_AAHMBJDC,0,0,0,Alpha-Other,79.57,MAG
TARA_SAMEA4397174_METAG_DPMFAFMH,0,0,0,Bacteroidota,87.85,MAG
TARA_SAMEA4397174_METAG_AKKJEEHK,0,0,0,Gamma-Other,97.46,MAG
TARA_SAMEA2622843_METAG_ONDFIJHC,0,0,0,Bacteroidota,77.22,MAG
TARA_SAMEA2622843_METAG_JOLIPBOB,0,0,0,Marinisomatota,87.38,MAG
TARA_SAMEA2622843_METAG_KKMNMCOG,1,1,1,Gamma-Alteromonas,75.06,MAG
TARA_SAMEA2622843_METAG_JBBGHGAL,0,0,0,Bacteroidota,86.67,MAG
TARA_SAMEA2622843_METAG_GEPKFDMN,0,0,0,Bacteroidota,93.07,MAG
TARA_SAMEA2622843_METAG_PPKMCPLL,0,0,0,Alpha-Other,75.75,MAG
TARA_SAMEA2622843_METAG_OIJPOFIO,0,0,0,Alpha-Other,81,MAG
TARA_SAMEA2622843_METAG_GOEKIADI,1,1,1,Gamma-Other,76.68,MAG
TARA_SAMEA2622843_METAG_EPHNKGJM,0,0,0,Actinobacteriota,92.98,MAG
TARA_SAMEA2622843_METAG_NECAMBEN,0,0,0,Bacteroidota,82.78,MAG
TARA_SAMEA2622843_METAG_DKPNHOFL,1,1,1,Gamma-Other,77.16,MAG
TARA_SAMEA2622843_METAG_FCPAKCEP,0,0,0,Gamma-Other,77.16,MAG
TARA_SAMEA2622843_METAG_HDGILNGE,0,0,0,Bacteroidota,94.37,MAG
TARA_SAMEA2622843_METAG_JOBNEAPK,0,0,0,Gamma-Other,79.56,MAG
TARA_SAMEA2622843_METAG_HMLKNLLC,0,0,0,Bacteroidota,95.02,MAG
TARA_SAMEA2622843_METAG_DILOGMNI,0,0,0,Bacteroidota,80.53,MAG
TARA_SAMEA2622843_METAG_ICAFCCEK,0,0,0,Alpha-Other,99.1,MAG
TARA_SAMEA2622843_METAG_IJBAFLBF,0,0,0,Bacteroidota,88.12,MAG
TARA_SAMEA2620360_METAG_BNJGFBGG,0,0,0,Alpha-Other,93.65,MAG
TARA_SAMEA2620360_METAG_HMAGHCIG,0,0,0,Gamma-Other,90.88,MAG
TARA_SAMEA2620014_METAG_DOLHMFNI,0,0,0,Alpha-Other,99.34,MAG
TARA_SAMEA2622695_METAG_HOHHNHFJ,0,0,0,Marinisomatota,83.57,MAG
TARA_SAMEA2622695_METAG_ILPHFPJJ,1,1,1,Gamma-Alteromonas,75.69,MAG
TARA_SAMEA2622695_METAG_JBFOAAJG,0,0,0,Alpha-Other,90.15,MAG
TARA_SAMEA2622695_METAG_ODALLOOG,0,0,0,Bacteroidota,78.19,MAG
TARA_SAMEA2622695_METAG_BJKIICFJ,0,0,0,Bacteria-Other,93.1,MAG
TARA_SAMEA2622695_METAG_MGPKBKKP,0,0,0,Actinobacteriota,79.21,MAG
TARA_SAMEA2622695_METAG_KJLDDKDE,0,0,0,Actinobacteriota,95.93,MAG
TARA_SAMEA2622695_METAG_IGBJPGDJ,0,0,0,Actinobacteriota,85.71,MAG
TARA_SAMEA2622695_METAG_NDMJOCCC,1,1,1,Gamma-Alteromonas,80.2,MAG
TARA_SAMEA2622695_METAG_GPHOFKNN,0,0,0,Alpha-Pelagibacter,77.9,MAG
TARA_SAMEA2622695_METAG_HFBJFLNE,0,0,0,Gamma-Other,80.62,MAG
TARA_SAMEA2622695_METAG_HFKCMIEG,0,0,0,Gamma-SAR86,79,MAG
TARA_SAMEA2622695_METAG_IGPCIHCP,0,0,0,Chloroflexota,96.54,MAG
TARA_SAMEA2622695_METAG_GIMEDFFN,0,0,0,Bacteria-Other,88.6,MAG
TARA_SAMEA2622695_METAG_GECAICEL,0,0,0,Gamma-Other,79.11,MAG
TARA_SAMEA2622695_METAG_DICFLBAI,0,0,0,Gamma-Other,87.12,MAG
TARA_SAMEA2622695_METAG_NEJFEMLE,0,0,0,Alpha-Other,84.17,MAG
TARA_SAMEA2622695_METAG_ELKLALOC,0,0,0,Alpha-Pelagibacter,76.3,MAG
TARA_SAMEA2622695_METAG_EABKBFEB,0,0,0,Alpha-Other,96.36,MAG
TARA_SAMEA2622695_METAG_FCOLDCAM,0,0,0,Bacteroidota,77.56,MAG
TARA_SAMEA2622695_METAG_CCAHAAJJ,0,0,0,Marinisomatota,85.08,MAG
TARA_SAMEA2619974_METAG_FBDFCPGI,0,0,0,Archaea-Other,80.17,MAG
TARA_SAMEA2622695_METAG_CNIBEHFE,0,0,0,Alpha-Other,83.71,MAG
TARA_SAMEA2622695_METAG_DBJOPDOI,0,0,0,Alpha-Other,89.34,MAG
TARA_SAMEA2619974_METAG_FOMEICPM,0,0,0,Archaea-Other,76.28,MAG
TARA_SAMEA2622695_METAG_JCGPPOEN,0,0,0,Actinobacteriota,85.88,MAG
TARA_SAMEA2622695_METAG_KONDGJGA,0,0,0,Alpha-Pelagibacter,79.22,MAG
TARA_SAMEA2621003_METAG_OIIOOKKA,0,0,0,Chloroflexota,77.54,MAG
TARA_SAMEA2621003_METAG_HCJDLAIL,0,0,0,Alpha-Other,97.16,MAG
TARA_SAMEA2621003_METAG_OKICJNJK,0,0,0,Bacteria-Other,88.75,MAG
TARA_SAMEA2621003_METAG_JCPNEFLH,0,0,0,Gamma-Other,98.09,MAG
TARA_SAMEA2621003_METAG_CBAAICEI,0,0,0,Gemmatimonadota,90.93,MAG
TARA_SAMEA2621003_METAG_GDDLBHAM,0,0,0,Bacteroidota,81.61,MAG
TARA_SAMEA2621003_METAG_NGHODKEB,0,0,0,Gamma-Other,93.86,MAG
TARA_SAMEA2620039_METAG_BAKCDBNN,0,0,0,Gamma-Other,98.42,MAG
TARA_SAMEA2622658_METAG_MEGADAMM,0,0,0,Bacteroidota,85.31,MAG
TARA_SAMEA2622658_METAG_ACHEJKPB,0,0,0,Marinisomatota,86.36,MAG
TARA_SAMEA2622658_METAG_MECGCGGP,0,0,0,Marinisomatota,80.88,MAG
TARA_SAMEA2622658_METAG_LEAABBFO,0,0,0,Bacteroidota,82.3,MAG
TARA_SAMEA2622658_METAG_PENMGIIH,0,0,0,Bacteroidota,86.17,MAG
TARA_SAMEA2622658_METAG_EJHAKEON,0,0,0,Bacteroidota,83.18,MAG
TARA_SAMEA2622658_METAG_PNALDEAO,0,0,0,Bacteroidota,86.62,MAG
TARA_SAMEA2619974_METAG_HGHKJKMJ,0,0,0,Archaea-Other,83.38,MAG
TARA_SAMEA2622658_METAG_INJNNGOL,0,0,0,Bacteroidota,75.04,MAG
TARA_SAMEA2622658_METAG_JCEGOJNL,0,0,0,Marinisomatota,95.64,MAG
TARA_SAMEA2619974_METAG_EGNGBDHJ,0,0,0,Archaea-Other,77.06,MAG
TARA_SAMEA2622658_METAG_NGCDGMAL,0,0,0,Bacteroidota,82.32,MAG
TARA_SAMEA2622658_METAG_KKOLJCLK,0,0,0,Bacteroidota,95.42,MAG
TARA_SAMEA4396489_METAG_FDNMGJJG,0,0,0,Alpha-Other,81.3,MAG
TARA_SAMEA4396489_METAG_MHPKNFPD,0,0,0,Alpha-Other,78.71,MAG
TARA_SAMEA4396489_METAG_MAKDFOJK,0,0,0,Alpha-Other,92.98,MAG
TARA_SAMEA4396489_METAG_PBAFPEGL,0,0,0,Bacteroidota,93.03,MAG
TARA_SAMEA4397295_METAG_NGHNPIFI,0,0,0,Alpha-Other,88.07,MAG
TARA_SAMEA4397295_METAG_OEPICMJA,0,0,0,Bacteroidota,99.64,MAG
TARA_SAMEA4397295_METAG_MDJBJDAP,0,0,0,Bacteroidota,93.73,MAG
TARA_SAMEA4397295_METAG_CBMIBIAK,0,0,0,Bacteroidota,78.37,MAG
TARA_SAMEA4397295_METAG_PJONKFFP,0,0,0,Gamma-Other,78.43,MAG
TARA_SAMEA4397295_METAG_LIPLIBEG,0,0,0,Bacteroidota,90.54,MAG
TARA_SAMEA4397363_METAG_LCBFGNGP,0,0,0,Bacteroidota,87.5,MAG
TARA_SAMEA4397363_METAG_GOHIJAOM,0,0,0,Bacteroidota,87.06,MAG
TARA_SAMEA4397363_METAG_LJPOFFIJ,0,0,0,Planctomycetota,94.22,MAG
TARA_SAMEA4397363_METAG_HEOAEBLP,0,0,0,Planctomycetota,92.34,MAG
TARA_SAMEA4397363_METAG_EOICPLDE,0,0,0,Alpha-Other,97.42,MAG
TARA_SAMEA4397363_METAG_MMLJCBFO,0,0,0,Gamma-Other,93.5,MAG
TARA_SAMEA4397363_METAG_MGNANJNF,1,1,1,Bacteroidota,78.39,MAG
TARA_SAMEA4397363_METAG_FMCHLODI,0,0,0,Bacteroidota,94.18,MAG
TARA_SAMEA4397666_METAG_AJLPECDP,0,0,0,Alpha-Other,81.84,MAG
TARA_SAMEA2622810_METAG_EPDCEOOF,0,0,0,Alpha-Other,81.14,MAG
TARA_SAMEA2621271_METAG_HBKPNFNJ,0,0,0,Gamma-Other,98.84,MAG
TARA_SAMEA2621271_METAG_MCFHAJNC,0,0,0,Alpha-Other,85.79,MAG
TARA_SAMEA2621107_METAG_MJDJDLEC,0,0,0,Alpha-Other,93.44,MAG
TARA_SAMEA2621107_METAG_LKINEMCH,0,0,0,Alpha-Other,87.64,MAG
TARA_SAMEA4397722_METAG_ALJBNCBH,0,0,0,Alpha-Other,90.72,MAG
TARA_SAMEA4397409_METAG_BOHBOLII,0,0,0,Gamma-Other,93.13,MAG
TARA_SAMEA4397409_METAG_DMLAIKCD,0,0,0,Alpha-Other,89.56,MAG
TARA_SAMEA4397409_METAG_IIPGNNLG,0,0,0,Alpha-Other,85.52,MAG
TARA_SAMEA2620852_METAG_EPNOPNHE,0,0,0,Gamma-Other,80.7,MAG
TARA_SAMEA2622764_METAG_JHDILGKA,0,0,0,Gamma-Other,91.02,MAG
TARA_SAMEA2622764_METAG_FJGKIDHG,0,0,0,Gamma-Other,80.71,MAG
TARA_SAMEA2622764_METAG_GDLJBKIC,0,0,0,Actinobacteriota,94.92,MAG
TARA_SAMEA2622764_METAG_COENPPAG,0,0,0,Gamma-Other,84.22,MAG
TARA_SAMEA2622764_METAG_AEEMPFDG,0,0,0,Marinisomatota,75.95,MAG
TARA_SAMEA2619974_METAG_PLLNLIIF,0,0,0,Archaea-Other,80,MAG
TARA_SAMEA2622764_METAG_IDEDFDDO,0,0,0,Bacteroidota,76.06,MAG
TARA_SAMEA2622764_METAG_HKMAKCNC,0,0,0,Bacteroidota,83.1,MAG
TARA_SAMEA2622764_METAG_HGDLBNDK,0,0,0,Gamma-Other,91.1,MAG
TARA_SAMEA2622764_METAG_DLIIDONE,0,0,0,Bacteria-Other,98.02,MAG
TARA_SAMEA2622764_METAG_OBHFMIMM,0,0,0,Bacteroidota,77.74,MAG
TARA_SAMEA2622764_METAG_FGPKDMFK,0,0,0,Bacteroidota,85.3,MAG
TARA_SAMEA2622764_METAG_MPJHLJFH,0,0,0,Marinisomatota,87.92,MAG
TARA_SAMEA2622764_METAG_DDOAHBGK,0,0,0,Bacteria-Other,82.66,MAG
TARA_SAMEA2622737_METAG_NPGGLNHG,0,0,0,Chloroflexota,78.05,MAG
TARA_SAMEA2622737_METAG_MGEAOAMM,0,0,0,Alpha-Other,93.11,MAG
TARA_SAMEA2622737_METAG_LJDJFNFL,0,0,0,Bacteroidota,86.25,MAG
TARA_SAMEA2619974_METAG_BMIKPLDI,0,0,0,Archaea-Other,82.76,MAG
TARA_SAMEA2622737_METAG_HJFDKADK,0,0,0,Chloroflexota,95.76,MAG
TARA_SAMEA2622737_METAG_EAFIBHBK,0,0,0,Bacteria-Other,75.74,MAG
TARA_SAMEA2622737_METAG_FMBPHHPL,0,0,0,Bacteria-Other,85.12,MAG
TARA_SAMEA2622737_METAG_DCKPOCOK,0,0,0,Gamma-SAR86,80.49,MAG
TARA_SAMEA2622737_METAG_HEJJGFJA,0,0,0,Actinobacteriota,84.8,MAG
TARA_SAMEA2622737_METAG_FJIMFHAO,0,0,0,Chloroflexota,86.46,MAG
TARA_SAMEA2622737_METAG_NMILOMPH,0,0,0,Chloroflexota,93.98,MAG
TARA_SAMEA2622737_METAG_BHHAKNJN,0,0,0,Chloroflexota,75.68,MAG
TARA_SAMEA2622737_METAG_IJBJNBDD,0,0,0,Chloroflexota,79.4,MAG
TARA_SAMEA2622737_METAG_LJJEPKJC,0,0,0,Gamma-Other,79.94,MAG
TARA_SAMEA2622737_METAG_IBFMMLIA,0,0,0,Actinobacteriota,94.26,MAG
TARA_SAMEA2622737_METAG_BCPAJEON,0,0,0,Alpha-Other,97.69,MAG
TARA_SAMEA2622737_METAG_FAEEOGAP,0,0,0,Alpha-Other,82.08,MAG
TARA_SAMEA2619974_METAG_OKHDEEIH,0,0,0,Archaea-Other,78.84,MAG
TARA_SAMEA2622737_METAG_LEGGFELC,0,0,0,Chloroflexota,85,MAG
TARA_SAMEA4397627_METAG_BKHMAENO,0,0,0,Alpha-Other,93.8,MAG
TARA_SAMEA2621448_METAG_KIKGNEIO,0,0,0,Bacteroidota,79.84,MAG
TARA_SAMEA2621448_METAG_LEOCDGBN,0,0,0,Alpha-Other,90.72,MAG
TARA_SAMEA2620879_METAG_OMCHADFJ,0,0,0,Alpha-Rhodobacter,79.21,MAG
TARA_SAMEA2620879_METAG_DJFAAOBO,0,0,0,Gamma-Other,77,MAG
TARA_SAMEA2620879_METAG_MFMONKJF,0,0,0,Alpha-Other,96.98,MAG
TARA_SAMEA4396515_METAG_LLIFOMKD,0,0,0,Gamma-Alteromonas,80.62,MAG
TARA_SAMEA4396515_METAG_PPFMKGKM,0,0,0,Alpha-Other,85.69,MAG
TARA_SAMEA2619815_METAG_NGMPKDPC,0,0,0,Gamma-Other,78.97,MAG
TARA_SAMEA2619815_METAG_DPIDHPED,0,0,0,Alpha-Other,92.94,MAG
TARA_SAMEA2619815_METAG_JBCODFKL,0,0,0,Gamma-Other,94.12,MAG
TARA_SAMEA2619815_METAG_BGOBCKHC,0,0,0,Planctomycetota,89.89,MAG
TARA_SAMEA2619815_METAG_LIHMNLKG,1,1,1,Gamma-Other,81.13,MAG
TARA_SAMEA2623403_METAG_LILBHNHA,1,1,1,Gamma-Other,77.48,MAG
TARA_SAMEA2623403_METAG_IGDKFJNA,1,1,1,Bacteroidota,91.17,MAG
TARA_SAMEA2623403_METAG_BGLEMNEC,0,0,0,Alpha-Other,93.82,MAG
TARA_SAMEA4398111_METAG_EONONHIA,0,0,0,Gamma-Other,85.3,MAG
TARA_SAMEA4398111_METAG_HDJBBIBM,1,1,1,Alpha-Other,90.93,MAG
TARA_SAMEA4398111_METAG_GFFHMLHH,1,1,1,Alpha-Other,88.45,MAG
TARA_SAMEA4398193_METAG_IINLEEHA,1,1,1,Gamma-Alteromonas,99.98,MAG
TARA_SAMEA4398193_METAG_GAPAJFEN,0,0,0,Planctomycetota,89.29,MAG
TARA_SAMEA4398193_METAG_OGHKPEEF,1,1,1,Gamma-Other,80.22,MAG
TARA_SAMEA2620979_METAG_OKCONOOP,0,0,0,Bacteria-Other,88.45,MAG
TARA_SAMEA2620979_METAG_LLPNLJDO,0,0,0,Alpha-Other,86.11,MAG
TARA_SAMEA2620979_METAG_PJHKPALK,0,0,0,Alpha-Other,87.29,MAG
TARA_SAMEA2620979_METAG_OEMBALMA,0,0,0,Bacteroidota,77.6,MAG
TARA_SAMEA2620824_METAG_MNBKNHDJ,1,1,1,Gamma-Other,87.28,MAG
TARA_SAMEA2620824_METAG_LBKLPPKC,0,0,0,Alpha-Rhodobacter,76.12,MAG
TARA_SAMEA2620663_METAG_DGNLPBJF,0,0,0,Alpha-Other,95.15,MAG
TARA_SAMEA2620663_METAG_MECILNPA,0,0,0,Bacteroidota,98.72,MAG
TARA_SAMEA2620663_METAG_LDHMJAOC,0,0,0,Gamma-Other,87.32,MAG
TARA_SAMEA4398083_METAG_HHGHPCAI,0,0,0,Gamma-Other,91.38,MAG
TARA_SAMEA4398027_METAG_IJEEOOGO,0,0,0,Alpha-Other,80.4,MAG
TARA_SAMEA2620210_METAG_ENGGCELP,0,0,0,Gamma-Other,89.56,MAG
TARA_SAMEA2622517_METAG_CJLEDDLI,0,0,0,Gamma-Other,79.16,MAG
TARA_SAMEA2621229_METAG_CGNFBGCF,0,0,0,Alpha-Other,96.76,MAG
TARA_SAMEA2621229_METAG_FKKBCPGE,0,0,0,Alpha-Other,75.54,MAG
TARA_SAMEA2621416_METAG_HINNKFGP,0,0,0,Bacteroidota,89.24,MAG
TARA_SAMEA2621101_METAG_IEEHBFPB,1,1,1,Gamma-Other,80.25,MAG
TARA_SAMEA2621101_METAG_AFHBMONF,0,0,0,Alpha-Other,94.23,MAG
TARA_SAMEA2621101_METAG_MLIGGIAA,0,0,0,Alpha-Other,86.6,MAG
TARA_SAMEA2621101_METAG_DIDPENLG,0,0,0,Acidobacteriota,91.09,MAG
TARA_SAMEA2620925_METAG_EBCCMFIL,0,0,0,Alpha-Other,91.33,MAG
TARA_SAMEA2620094_METAG_PIBNECLJ,0,0,0,Alpha-Other,92.32,MAG
TARA_SAMEA2621213_METAG_JEHJKPMI,0,0,0,Alpha-Other,83.19,MAG
TARA_SAMEA2621213_METAG_AIGONHEG,0,0,0,Alpha-Other,91.85,MAG
TARA_SAMEA2621213_METAG_KIKBMEJG,0,0,0,Alpha-Other,78.84,MAG
TARA_SAMEA2621213_METAG_BGHOKKPC,0,0,0,Gamma-Other,97.08,MAG
TARA_SAMEA4398238_METAG_OBCCJFGL,0,0,0,Bacteroidota,99.64,MAG
TARA_SAMEA4398238_METAG_CDJMOFLA,0,0,0,Gamma-Other,78.42,MAG
TARA_SAMEA2622842_METAG_ELOJNHCG,0,0,0,Actinobacteriota,94.56,MAG
TARA_SAMEA2622842_METAG_LJFDHDHI,0,0,0,Gamma-Other,84.04,MAG
TARA_SAMEA2622842_METAG_EINFGJMD,0,0,0,Bacteroidota,77.79,MAG
TARA_SAMEA2622842_METAG_DFCFCPJD,0,0,0,Bacteroidota,79.62,MAG
TARA_SAMEA2622842_METAG_JMKLEPEI,0,0,0,Gamma-SAR86,76.67,MAG
TARA_SAMEA2622842_METAG_LDENJGMK,0,0,0,Bacteroidota,77.52,MAG
TARA_SAMEA2622842_METAG_DCOCNHHD,0,0,0,Bacteria-Other,75.84,MAG
TARA_SAMEA2622842_METAG_CBBFIBLC,0,0,0,Actinobacteriota,88.05,MAG
TARA_SAMEA2622842_METAG_GAJPJMFL,0,0,0,Alpha-Other,91.48,MAG
TARA_SAMEA2622842_METAG_JGKPNMDL,0,0,0,Gamma-Other,82.24,MAG
TARA_SAMEA2622842_METAG_GCHHCKCP,0,0,0,Gamma-Other,85.15,MAG
TARA_SAMEA2622842_METAG_OMAOBCHI,0,0,0,Actinobacteriota,92.73,MAG
TARA_SAMEA2622842_METAG_EOPJLMKH,0,0,0,Marinisomatota,77.9,MAG
TARA_SAMEA2622842_METAG_DHEHIIGA,0,0,0,Alpha-Other,97.48,MAG
TARA_SAMEA2622842_METAG_GOJDMFMC,0,0,0,Bacteroidota,82.96,MAG
TARA_SAMEA2622842_METAG_GMPLCBLJ,0,0,0,Marinisomatota,94.02,MAG
TARA_SAMEA2622842_METAG_BAJBLMMN,0,0,0,Bacteroidota,89.43,MAG
TARA_SAMEA2622842_METAG_DOOFBIEF,0,0,0,Gamma-Other,84.56,MAG
TARA_SAMEA2619974_METAG_IJPBCLHD,0,0,0,Archaea-Other,87.1,MAG
TARA_SAMEA2622842_METAG_MHDOINAF,0,0,0,Marinisomatota,94.38,MAG
TARA_SAMEA4398168_METAG_NGOKDANL,0,0,0,Gamma-Other,92.66,MAG
TARA_SAMEA4398168_METAG_PGIJCCMD,0,0,0,Alpha-Other,85.82,MAG
TARA_SAMEA4398168_METAG_NIIMNFIP,0,0,0,Alpha-Other,99.48,MAG
TARA_SAMEA4398168_METAG_CLDNJOEP,1,1,1,Gamma-Other,82.82,MAG
TARA_SAMEA4397023_METAG_EKACPPLN,0,0,0,Alpha-Other,93.43,MAG
TARA_SAMEA4397023_METAG_PJKMFMDN,0,0,0,Bacteroidota,79.83,MAG
TARA_SAMEA4397023_METAG_OCNMALKC,0,0,0,Alpha-Other,76.42,MAG
TARA_SAMEA4397023_METAG_KPFFFEAL,1,1,1,Bacteroidota,77.1,MAG
TARA_SAMEA4397023_METAG_CBCMPIEM,1,1,1,Bacteroidota,82.1,MAG
TARA_SAMEA4397023_METAG_JHEOPHAI,0,0,0,Bacteroidota,82.96,MAG
TARA_SAMEA2619992_METAG_KCPHDBCF,1,1,1,Gamma-Other,94.93,MAG
TARA_SAMEA2619625_METAG_NLFPEOAE,0,0,0,Alpha-Other,77.96,MAG
TARA_SAMEA2622821_METAG_AAMNBMFI,0,0,0,Gamma-Other,86.93,MAG
TARA_SAMEA2622821_METAG_BHFBCCGO,0,0,0,Gamma-Other,98.42,MAG
TARA_SAMEA2622800_METAG_GOKFPEBP,0,0,0,Marinisomatota,81.98,MAG
TARA_SAMEA2619974_METAG_OOGOMIOA,0,0,0,Archaea-Other,76.43,MAG
TARA_SAMEA2622800_METAG_NLJHJKHJ,0,0,0,Marinisomatota,82.29,MAG
TARA_SAMEA2622800_METAG_PLGNBFNB,1,1,1,Gamma-Alteromonas,76.24,MAG
TARA_SAMEA2622800_METAG_AMGLMOLG,0,0,0,Chloroflexota,78.16,MAG
TARA_SAMEA2622800_METAG_LJANIKCE,0,0,0,Gemmatimonadota,95.15,MAG
TARA_SAMEA2619974_METAG_GANJKPAJ,0,0,0,Archaea-Other,80.09,MAG
TARA_SAMEA2622800_METAG_CAKPDCHC,0,0,0,Alpha-Other,78.02,MAG
TARA_SAMEA2622800_METAG_GBLFLBDJ,0,0,0,Chloroflexota,80.54,MAG
TARA_SAMEA2622800_METAG_DMCGNMKD,0,0,0,Alpha-Pelagibacter,94.62,MAG
TARA_SAMEA2622800_METAG_DFLLIHMB,0,0,0,Alpha-Pelagibacter,75.01,MAG
TARA_SAMEA2619974_METAG_OCOEJCMF,0,0,0,Archaea-Other,84.04,MAG
TARA_SAMEA2622800_METAG_MAKKLEMF,0,0,0,Bacteroidota,84.89,MAG
TARA_SAMEA2622800_METAG_GAAEABDP,0,0,0,Actinobacteriota,87.77,MAG
TARA_SAMEA2622800_METAG_PANOPGAA,0,0,0,Chloroflexota,82.86,MAG
TARA_SAMEA2622800_METAG_ACHGFCNL,0,0,0,Bacteroidota,81.95,MAG
TARA_SAMEA2622800_METAG_IGKBPHBH,0,0,0,Actinobacteriota,95.27,MAG
TARA_SAMEA2622800_METAG_HIKMHCOB,0,0,0,Chloroflexota,79.49,MAG
TARA_SAMEA2622800_METAG_EMCHGJEG,0,0,0,Gamma-SAR86,75.48,MAG
TARA_SAMEA2622800_METAG_ILMHGKFC,0,0,0,Marinisomatota,79.2,MAG
TARA_SAMEA2622800_METAG_LFJJAINF,0,0,0,Actinobacteriota,76.06,MAG
TARA_SAMEA2622800_METAG_JFFLKPGM,0,0,0,Gamma-Other,79.9,MAG
TARA_SAMEA2622800_METAG_JDDGABCL,0,0,0,Gamma-Other,82.68,MAG
TARA_SAMEA2622800_METAG_MBCPFDEJ,0,0,0,Actinobacteriota,88.99,MAG
TARA_SAMEA2622800_METAG_PEGLELBA,0,0,0,Bacteroidota,82.54,MAG
TARA_SAMEA4398387_METAG_OKMNOAGP,1,1,1,Bacteroidota,93.8,MAG
TARA_SAMEA4398387_METAG_NJFCLFBL,1,1,1,Gamma-Other,90.46,MAG
TARA_SAMEA4398387_METAG_LMKEPFIA,0,0,0,Gamma-Other,77.09,MAG
TARA_SAMEA4398387_METAG_LNEGDFFC,1,1,1,Bacteroidota,86.02,MAG
TARA_SAMEA4398387_METAG_MDNJBBBE,0,0,0,Bacteroidota,91.85,MAG
TARA_SAMEA4398387_METAG_OPBICNPC,0,0,0,Gamma-Other,75.68,MAG
TARA_SAMEA4398387_METAG_ANHKNLDK,0,0,0,Bacteroidota,95.04,MAG
TARA_SAMEA4398387_METAG_OKKNNGBO,0,0,0,Alpha-Other,87.46,MAG
TARA_SAMEA4398387_METAG_FFIKHBDH,1,1,1,Gamma-Other,78.24,MAG
TARA_SAMEA2621278_METAG_GMLIGPEM,0,0,0,Alpha-Other,85.69,MAG
TARA_SAMEA2621278_METAG_KCEMNAML,0,0,0,Marinisomatota,86.6,MAG
TARA_SAMEA2621278_METAG_KEADFBLO,0,0,0,Chloroflexota,96.42,MAG
TARA_SAMEA2621278_METAG_BEOCLKIM,0,0,0,Gamma-Other,83.74,MAG
TARA_SAMEA2621278_METAG_PGOEGBIC,0,0,0,Marinisomatota,87.14,MAG
TARA_SAMEA2621278_METAG_JHIMJJNO,0,0,0,Actinobacteriota,86.14,MAG
TARA_SAMEA2621278_METAG_EKPMEIKC,0,0,0,Bacteroidota,81.49,MAG
TARA_SAMEA2622677_METAG_OKBMCLIL,0,0,0,Chloroflexota,80.76,MAG
TARA_SAMEA2622677_METAG_KMGFPDIN,0,0,0,Actinobacteriota,76.48,MAG
TARA_SAMEA2622677_METAG_EALCDELF,0,0,0,Actinobacteriota,94.67,MAG
TARA_SAMEA2622677_METAG_CENKBJGJ,0,0,0,Bacteroidota,84.07,MAG
TARA_SAMEA2622677_METAG_JAGADLMJ,0,0,0,Acidobacteriota,92.26,MAG
TARA_SAMEA2622677_METAG_HBIBAGJH,0,0,0,Gemmatimonadota,88.22,MAG
TARA_SAMEA2622677_METAG_BAHACPMJ,0,0,0,Acidobacteriota,80.74,MAG
TARA_SAMEA4397536_METAG_JFHDFBDA,0,0,0,Alpha-Other,77.53,MAG
TARA_SAMEA4397536_METAG_DGKMOIKD,0,0,0,Alpha-Other,92.6,MAG
TARA_SAMEA4397536_METAG_JOOLCOKF,0,0,0,Gamma-Alteromonas,94.46,MAG
TARA_SAMEA2621020_METAG_AFPEGNBP,0,0,0,Bacteroidota,92.37,MAG
TARA_SAMEA2621020_METAG_IFKHHIKO,0,0,0,Gamma-SAR86,78.46,MAG
TARA_SAMEA2621020_METAG_GCOIEIMO,0,0,0,Bacteria-Other,94.24,MAG
TARA_SAMEA2621020_METAG_DIAMEOPJ,0,0,0,Gamma-Other,80.22,MAG
TARA_SAMEA2621020_METAG_ABKIOJHG,0,0,0,Alpha-Pelagibacter,82.82,MAG
TARA_SAMEA2621020_METAG_NMIIBLIC,0,0,0,Bacteroidota,84.29,MAG
TARA_SAMEA2621020_METAG_DGKNMHLE,1,1,1,Gamma-Alteromonas,91.9,MAG
TARA_SAMEA2621020_METAG_BMGHJKOC,0,0,0,Bacteroidota,76.56,MAG
TARA_SAMEA2620227_METAG_LDHEFFHB,0,0,0,Bacteroidota,84.27,MAG
TARA_SAMEA2620980_METAG_KJCEAKAI,0,0,0,Bacteroidota,93.8,MAG
TARA_SAMEA2620980_METAG_MLEJGGIC,0,0,0,Bacteroidota,92.1,MAG
TARA_SAMEA2620980_METAG_BMINPKLN,0,0,0,Bacteroidota,80.71,MAG
TARA_SAMEA2620980_METAG_AMMBFDBO,0,0,0,Bacteroidota,77.8,MAG
TARA_SAMEA2620980_METAG_BGKIMLJM,0,0,0,Bacteroidota,81.04,MAG
TARA_SAMEA2620980_METAG_GLODDDOJ,0,0,0,Verrucomicrobiota,97.5,MAG
TARA_SAMEA2620980_METAG_FOBCJBFJ,0,0,0,Bacteroidota,92.46,MAG
TARA_SAMEA2620980_METAG_MCAPNIFC,0,0,0,Bacteroidota,82.57,MAG
TARA_SAMEA2620980_METAG_HNKDLIAB,0,0,0,Bacteroidota,97.12,MAG
TARA_SAMEA2620980_METAG_PHDNNOPL,0,0,0,Alpha-Other,91.08,MAG
TARA_SAMEA2620980_METAG_LIFHMBKJ,0,0,0,Alpha-Other,91.39,MAG
TARA_SAMEA2620980_METAG_MLFLCLKD,0,0,0,Alpha-Rhodobacter,84.43,MAG
TARA_SAMEA2620980_METAG_JLIBOEGG,0,0,0,Bacteroidota,88.99,MAG
TARA_SAMEA2620980_METAG_HPJOENAK,0,0,0,Alpha-Rhodobacter,75.95,MAG
TARA_SAMEA2620980_METAG_MICENOFG,0,0,0,Verrucomicrobiota,80.04,MAG
TARA_SAMEA2620980_METAG_HAKIDAAF,0,0,0,Bacteroidota,79.27,MAG
TARA_SAMEA2620980_METAG_FPACFOKN,0,0,0,Gamma-Other,92.88,MAG
TARA_SAMEA2620980_METAG_GLHNIPME,0,0,0,Bacteroidota,90.45,MAG
TARA_SAMEA2620980_METAG_PHHHMDBI,0,0,0,Bacteroidota,98.02,MAG
TARA_SAMEA2620980_METAG_NGCPHGBJ,0,0,0,Gamma-SAR92,96.94,MAG
TARA_SAMEA2620980_METAG_MABDNBMB,0,0,0,Bacteroidota,81.64,MAG
TARA_SAMEA2620980_METAG_FMKAOIGD,0,0,0,Bacteria-Other,79.07,MAG
TARA_SAMEA4397051_METAG_LKHBGIFM,1,1,1,Gamma-Other,75.62,MAG
TARA_SAMEA4397051_METAG_PNIPMLMI,0,0,0,Alpha-Other,77.1,MAG
TARA_SAMEA4397051_METAG_GAIAADLG,1,1,1,Bacteroidota,92.28,MAG
TARA_SAMEA4397051_METAG_IAALIPLJ,1,1,1,Bacteroidota,83.52,MAG
TARA_SAMEA4397051_METAG_GINDMBMO,1,1,1,Bacteria-Other,99.28,MAG
TARA_SAMEA4397051_METAG_GLOKGPPB,0,0,0,Bacteroidota,92.72,MAG
TARA_SAMEA4397051_METAG_NCANKMIH,1,1,1,Bacteroidota,92.47,MAG
TARA_SAMEA2619686_METAG_OBAPBNMP,0,0,0,Alpha-Other,97.5,MAG
TARA_SAMEA2620120_METAG_HKKEINPH,1,1,1,Alpha-Other,82.22,MAG
TARA_SAMEA2620812_METAG_BKOLJJCG,0,0,0,Alpha-Other,99.34,MAG
TARA_SAMEA2620812_METAG_BLLOGHKP,0,0,0,Gamma-Other,95.86,MAG
TARA_SAMEA2620812_METAG_HDCKCBGN,1,1,1,Alpha-Other,81.82,MAG
TARA_SAMEA2620668_METAG_ANPEDALA,0,0,0,Alpha-Other,84.12,MAG
TARA_SAMEA2620668_METAG_NDBDJPBG,0,0,0,Planctomycetota,82.3,MAG
TARA_SAMEA2621076_METAG_KIMMEJCL,0,0,0,Alpha-Other,95.09,MAG
TARA_SAMEA2621076_METAG_AFBMJFNF,0,0,0,Chloroflexota,78.8,MAG
TARA_SAMEA2621076_METAG_KDFDHKHO,0,0,0,Alpha-Rhodobacter,87.84,MAG
TARA_SAMEA2621076_METAG_CCAGJHDI,0,0,0,Gamma-Other,79.1,MAG
TARA_SAMEA2621076_METAG_MBNDNMDI,0,0,0,Bacteroidota,92.57,MAG
TARA_SAMEA2621076_METAG_EPDLMPMI,0,0,0,Gamma-Other,89.64,MAG
TARA_SAMEA2621076_METAG_LCKCIPJI,0,0,0,Gamma-Other,77.46,MAG
TARA_SAMEA2622765_METAG_FHDMIOJA,0,0,0,Bacteroidota,85.24,MAG
TARA_SAMEA2622765_METAG_MGGIFNCB,0,0,0,Bacteria-Other,76.73,MAG
TARA_SAMEA2622765_METAG_IDMBBOPI,0,0,0,Verrucomicrobiota,81.1,MAG
TARA_SAMEA2622765_METAG_AFELGIKH,0,0,0,Actinobacteriota,88.9,MAG
TARA_SAMEA2622765_METAG_KIFLKBCM,0,0,0,Bacteroidota,91.3,MAG
TARA_SAMEA2622765_METAG_HFJKDLEF,0,0,0,Gamma-Other,93.65,MAG
TARA_SAMEA2622765_METAG_CNEAPIFB,0,0,0,Gamma-Other,95.4,MAG
TARA_SAMEA2622765_METAG_KIKNHHLO,0,0,0,Bacteroidota,98.65,MAG
TARA_SAMEA2622765_METAG_OOCANDGF,0,0,0,Alpha-Other,93.62,MAG
TARA_SAMEA2622765_METAG_BIIBIELD,0,0,0,Verrucomicrobiota,87.81,MAG
TARA_SAMEA2622765_METAG_EFDKCHFD,0,0,0,Alpha-Other,94.46,MAG
TARA_SAMEA4397948_METAG_IDEJAKLE,0,0,0,Gamma-Other,83.73,MAG
TARA_SAMEA4397948_METAG_OKGKJFMM,0,0,0,Alpha-Other,76.77,MAG
TARA_SAMEA2621099_METAG_AEMDFCCK,0,0,0,Acidobacteriota,93.32,MAG
TARA_SAMEA2622822_METAG_IJIJNGOG,0,0,0,Actinobacteriota,79.87,MAG
TARA_SAMEA2622822_METAG_HHHCJFDF,0,0,0,Chloroflexota,80.94,MAG
TARA_SAMEA2622822_METAG_KOEBKKPP,0,0,0,Gamma-SAR86,82.58,MAG
TARA_SAMEA2622822_METAG_GJGLINIF,0,0,0,Gamma-Other,86.96,MAG
TARA_SAMEA2622822_METAG_ODLCOPNL,0,0,0,Chloroflexota,91.2,MAG
TARA_SAMEA2622822_METAG_BPEGJNAP,0,0,0,Chloroflexota,78.91,MAG
TARA_SAMEA2619974_METAG_KCIDKMCK,0,0,0,Archaea-Other,87.1,MAG
TARA_SAMEA2622822_METAG_FCFMOPLD,0,0,0,Marinisomatota,80.78,MAG
TARA_SAMEA2622822_METAG_NLOJAABI,0,0,0,Actinobacteriota,77.93,MAG
TARA_SAMEA2622822_METAG_CHEHECGC,0,0,0,Marinisomatota,93.48,MAG
TARA_SAMEA2622822_METAG_JNGECCDL,0,0,0,Chloroflexota,92.9,MAG
TARA_SAMEA2622822_METAG_EPJKEMAL,0,0,0,Chloroflexota,90.54,MAG
TARA_SAMEA2622822_METAG_PGOHCJNJ,0,0,0,Chloroflexota,83.33,MAG
TARA_SAMEA2622822_METAG_EMKGLKMA,0,0,0,Chloroflexota,91.26,MAG
TARA_SAMEA2622822_METAG_LGBPLJON,0,0,0,Alpha-Other,97.07,MAG
TARA_SAMEA2622822_METAG_JGPMECOH,0,0,0,Actinobacteriota,77.58,MAG
TARA_SAMEA2621260_METAG_BLDANMAH,0,0,0,Gamma-Other,84.84,MAG
TARA_SAMEA2621260_METAG_EMMGMDII,0,0,0,Bacteroidota,91.57,MAG
TARA_SAMEA2621260_METAG_POCDJBFE,1,1,1,Gamma-Alteromonas,75.06,MAG
TARA_SAMEA2621260_METAG_OHDGGOPB,0,0,0,Bacteroidota,87.5,MAG
TARA_SAMEA2621260_METAG_CJNEDGMI,0,0,0,Bacteroidota,86.38,MAG
TARA_SAMEA2621260_METAG_DPBPHFCG,0,0,0,Gamma-Other,84.78,MAG
TARA_SAMEA2621260_METAG_OGOIGPKJ,0,0,0,Gamma-Other,94.78,MAG
TARA_SAMEA2621259_METAG_CPACCDJG,0,0,0,Bacteroidota,91.7,MAG
TARA_SAMEA2621259_METAG_OEJBCLFK,0,0,0,Gamma-Other,80,MAG
TARA_SAMEA2621259_METAG_CHIBACPF,0,0,0,Bacteroidota,85.21,MAG
TARA_SAMEA2620106_METAG_EPLHLCHB,0,0,0,Archaea-Other,77.38,MAG
TARA_SAMEA2619974_METAG_KHPHAHGO,0,0,0,Alpha-Other,86.84,MAG
TARA_SAMEA2620106_METAG_JCOGCNLE,0,0,0,Archaea-Other,76.99,MAG
TARA_SAMEA2622685_METAG_HOJBICBA,0,0,0,Alpha-Other,80.24,MAG
TARA_SAMEA2622685_METAG_LIPEMMCB,0,0,0,Alpha-Other,97.04,MAG
TARA_SAMEA2622685_METAG_JPLIAAIG,1,1,1,Gamma-Other,88.34,MAG
TARA_SAMEA2622685_METAG_IJJDHNHI,0,0,0,Gamma-Other,79.16,MAG
TARA_SAMEA2622685_METAG_MIMJIFFD,0,0,0,Planctomycetota,94.07,MAG
TARA_SAMEA2622685_METAG_BMBNFMFH,0,0,0,Alpha-Other,97.92,MAG
TARA_SAMEA2622685_METAG_ABAJKPBI,0,0,0,Alpha-Other,82,MAG
TARA_SAMEA4398360_METAG_MCBCBFFA,0,0,0,Gamma-Other,93.78,MAG
TARA_SAMEA4398360_METAG_NNHIIKBE,0,0,0,Alpha-Other,80.52,MAG
TARA_SAMEA4398360_METAG_INGGKNKL,0,0,0,Bacteroidota,98.38,MAG
TARA_SAMEA4398360_METAG_GEECGHMB,0,0,0,Gamma-Other,95.8,MAG
TARA_SAMEA4398266_METAG_NPKFBIKJ,0,0,0,Alpha-Other,84.82,MAG
TARA_SAMEA2622738_METAG_NLOOEKMG,1,1,1,Gamma-Other,77.99,MAG
TARA_SAMEA2622738_METAG_POBGKIPP,0,0,0,Chloroflexota,94.76,MAG
TARA_SAMEA2622656_METAG_DJOHBDEI,0,0,0,Gamma-Other,98.42,MAG
TARA_SAMEA2622656_METAG_FODMCDIL,0,0,0,Gamma-Other,81.62,MAG
TARA_SAMEA4398432_METAG_KNBIPGOP,0,0,0,Gamma-Other,76.22,MAG
TARA_SAMEA4398432_METAG_FPFDLJCI,0,0,0,Alpha-Rhodobacter,95.92,MAG
TARA_SAMEA4398432_METAG_HCGEJLHD,0,0,0,Bacteroidota,99.28,MAG
TARA_SAMEA4398432_METAG_LDDJDMHE,1,1,1,Bacteroidota,90.75,MAG
TARA_SAMEA2621222_METAG_BCJFBIIB,0,0,0,Alpha-Other,89.79,MAG
TARA_SAMEA2621222_METAG_PAFAIJMA,0,0,0,Gamma-Other,79.65,MAG
TARA_SAMEA2621222_METAG_DCGGIKNM,0,0,0,Actinobacteriota,96.26,MAG
TARA_SAMEA2621222_METAG_DDAOECFB,1,1,1,Verrucomicrobiota,86.26,MAG
TARA_SAMEA2621222_METAG_JFBGBJDD,0,0,0,Chloroflexota,93.75,MAG
TARA_SAMEA2621222_METAG_CMGOBIPO,0,0,0,Alpha-Other,83.68,MAG
TARA_SAMEA2621222_METAG_DKPMEIAN,0,0,0,Chloroflexota,91.84,MAG
TARA_SAMEA2621222_METAG_IFIFNDCH,0,0,0,Chloroflexota,94.79,MAG
TARA_SAMEA2621222_METAG_DGLCEMDP,0,0,0,Verrucomicrobiota,95.14,MAG
TARA_SAMEA2621222_METAG_FONNKJAM,0,0,0,Marinisomatota,90.82,MAG
TARA_SAMEA2621222_METAG_BDOHCPHE,0,0,0,Alpha-Other,90.68,MAG
TARA_SAMEA4397330_METAG_DIPMPFMM,0,0,0,Alpha-Other,98.88,MAG
TARA_SAMEA4397330_METAG_FBBFIGGC,0,0,0,Bacteroidota,97.34,MAG
TARA_SAMEA4397330_METAG_OGDHJKJI,0,0,0,Bacteroidota,99.64,MAG
TARA_SAMEA4397330_METAG_BLFPNKCK,0,0,0,Gamma-Other,97.81,MAG
TARA_SAMEA4397586_METAG_HLCINPKC,0,0,0,Alpha-Other,78.13,MAG
TARA_SAMEA4397586_METAG_DKFMECHO,1,1,1,Bacteroidota,96.6,MAG
TARA_SAMEA4397586_METAG_CNDBJFNO,0,0,0,Alpha-Other,80.66,MAG
TARA_SAMEA4397586_METAG_DHFHGGME,0,0,0,Alpha-Other,84.31,MAG
TARA_SAMEA4397586_METAG_EMNEINCO,0,0,0,Gamma-Other,76.03,MAG
TARA_SAMEA2621564_METAG_APHEDOHH,1,1,1,Alpha-Other,80.05,MAG
TARA_SAMEA2621564_METAG_COBONOCL,0,0,0,Alpha-Other,98.48,MAG
TARA_SAMEA2621564_METAG_DGGMCKNN,0,0,0,Bacteroidota,88.27,MAG
TARA_SAMEA2622473_METAG_CEMJIALA,0,0,0,Gamma-Other,76.07,MAG
TARA_SAMEA2622473_METAG_BNKALOBH,0,0,0,Alpha-Rhodobacter,91.14,MAG
TARA_SAMEA2622696_METAG_HDGBNECL,0,0,0,Alpha-Other,78.68,MAG
TARA_SAMEA2622696_METAG_HCJFGCBE,0,0,0,Bacteroidota,98.43,MAG
TARA_SAMEA2622696_METAG_KAKGMGIL,0,0,0,Bacteroidota,86.7,MAG
TARA_SAMEA2622696_METAG_MGLONMKA,0,0,0,Gamma-Other,75.04,MAG
TARA_SAMEA2622696_METAG_NLFKBGOK,0,0,0,Verrucomicrobiota,90.42,MAG
TARA_SAMEA2622696_METAG_AJCFAOGI,0,0,0,Gemmatimonadota,85.84,MAG
TARA_SAMEA2622696_METAG_JAKDBEKJ,0,0,0,Gamma-Other,92.34,MAG
TARA_SAMEA2620106_METAG_LLKMPGFL,0,0,0,Archaea-Other,75.75,MAG
TARA_SAMEA2622696_METAG_MEFLBDHG,0,0,0,Actinobacteriota,92.13,MAG
TARA_SAMEA2622696_METAG_DJAMDNCE,0,0,0,Bacteria-Other,89.68,MAG
TARA_SAMEA2622696_METAG_MGPKMFFB,0,0,0,Alpha-Other,76.44,MAG
TARA_SAMEA2622696_METAG_HCDFLBNM,0,0,0,Marinisomatota,75.91,MAG
TARA_SAMEA2622696_METAG_NACKNHND,0,0,0,Chloroflexota,81.78,MAG
TARA_SAMEA2622696_METAG_CANPALEF,0,0,0,Bacteria-Other,92.3,MAG
TARA_SAMEA2622696_METAG_IPIKJLIM,0,0,0,Bacteroidota,80.75,MAG
TARA_SAMEA2622696_METAG_IIPLOOAE,0,0,0,Alpha-Pelagibacter,82.08,MAG
TARA_SAMEA2622696_METAG_FJMHLBNK,1,1,1,Gamma-Alteromonas,80.96,MAG
TARA_SAMEA2622696_METAG_IPGBDMCB,0,0,0,Bacteroidota,78.19,MAG
TARA_SAMEA2620256_METAG_JDBNODKP,0,0,0,Bacteroidota,90.45,MAG
TARA_SAMEA4397489_METAG_AIEAMKND,0,0,0,Gamma-Other,92.74,MAG
TARA_SAMEA4397489_METAG_CLOJPAOO,0,0,0,Gamma-Other,93.5,MAG
TARA_SAMEA4397489_METAG_AJOONDAH,0,0,0,Alpha-Other,99.68,MAG
TARA_SAMEA4397489_METAG_LLMKMODP,0,0,0,Alpha-Other,78.82,MAG
TARA_SAMEA4397489_METAG_CBGLOBGP,0,0,0,Bacteria-Other,90.98,MAG
TARA_SAMEA4397489_METAG_OCAAFCPP,1,1,1,Bacteroidota,76.39,MAG
TARA_SAMEA4397489_METAG_JEDFMEIN,0,0,0,Bacteria-Other,78.76,MAG
TARA_SAMEA4397489_METAG_BJGODENB,1,1,1,Bacteroidota,77.98,MAG
TARA_SAMEA2619747_METAG_OAMLDIKO,0,0,0,Alpha-Other,94.17,MAG
TARA_SAMEA2620384_METAG_PNGAGPDI,0,0,0,Bacteroidota,98.82,MAG
TARA_SAMEA2620384_METAG_PFNFNGAP,0,0,0,Alpha-Other,99.4,MAG
TARA_SAMEA2620967_METAG_KPGBBEFO,0,0,0,Alpha-Other,99.4,MAG
TARA_SAMEA2621502_METAG_EIFPIAHH,0,0,0,Bacteroidota,75.26,MAG
TARA_SAMEA2621502_METAG_EPNJGPCL,0,0,0,Alpha-Other,93.6,MAG
TARA_SAMEA2619854_METAG_LDCDLGIF,1,1,1,Gamma-Other,99.45,MAG
TARA_SAMEA2619854_METAG_HLFCONBL,0,0,0,Alpha-Other,98.74,MAG
TARA_SAMEA2619854_METAG_BDIDGEOK,0,0,0,Alpha-Other,99.28,MAG
TARA_SAMEA2621044_METAG_AFNKIFNN,0,0,0,Bacteria-Other,75.85,MAG
TARA_SAMEA2621044_METAG_KAGCABBA,0,0,0,Actinobacteriota,94.6,MAG
TARA_SAMEA2621044_METAG_KMADGGMI,0,0,0,Gamma-Other,76.15,MAG
TARA_SAMEA2620035_METAG_DIGOLLDP,0,0,0,Archaea-Other,86.86,MAG
TARA_SAMEA2621044_METAG_NOLHAABM,1,1,1,Gamma-Alteromonas,75.15,MAG
TARA_SAMEA2621044_METAG_JOAMDGOD,1,1,1,Gamma-Alteromonas,76.14,MAG
TARA_SAMEA2619888_METAG_OBIDIFIH,0,0,0,Bacteroidota,80.31,MAG
TARA_SAMEA2621285_METAG_FJOENMBL,0,0,0,Gamma-Other,97.72,MAG
TARA_SAMEA2621285_METAG_PDIJJACG,0,0,0,Alpha-Other,90.42,MAG
TARA_SAMEA2619903_METAG_JLGCLOPC,0,0,0,Alpha-Other,76.85,MAG
TARA_SAMEA2619903_METAG_DNJJBGJI,0,0,0,Alpha-Other,92.67,MAG
TARA_SAMEA4396988_METAG_ANDHOEPD,0,0,0,Alpha-Other,95.33,MAG
TARA_SAMEA4396988_METAG_NKBEADNI,0,0,0,Alpha-Other,94.61,MAG
TARA_SAMEA4396988_METAG_ADPLMBMC,0,0,0,Bacteroidota,99.64,MAG
TARA_SAMEA4396988_METAG_OIDFPPBO,0,0,0,Gamma-Other,79.01,MAG
TARA_SAMEA4396988_METAG_MIJAAAFI,1,1,1,Bacteroidota,99.64,MAG
TARA_SAMEA4396988_METAG_BKNBDJBF,0,0,0,Alpha-Other,94.9,MAG
TARA_SAMEA4396988_METAG_DDKKFIPD,1,1,1,Bacteria-Other,99.08,MAG
TARA_SAMEA4396988_METAG_MBCHBHIB,1,1,1,Bacteroidota,77.78,MAG
TARA_SAMEA4396988_METAG_FKDAOHKE,0,0,0,Bacteroidota,97.93,MAG
TARA_SAMEA4396988_METAG_PPPGCIEI,1,1,1,Bacteroidota,82.56,MAG
TARA_SAMEA4397445_METAG_FDNJHADI,0,0,0,Bacteroidota,98.38,MAG
TARA_SAMEA4397445_METAG_KEPEALPO,0,0,0,Alpha-Other,76.68,MAG
TARA_SAMEA4397445_METAG_LPAMDENN,1,1,1,Gamma-Other,85.74,MAG
TARA_SAMEA4397445_METAG_NLDDDDND,0,0,0,Alpha-Other,96.3,MAG
TARA_SAMEA4397445_METAG_ANPOIJBB,0,0,0,Bacteroidota,76.18,MAG
TARA_SAMEA2620053_METAG_HCGENEDE,0,0,0,Bacteroidota,81.42,MAG
TARA_SAMEA2620053_METAG_BEJKNPCG,0,0,0,Alpha-Other,99.24,MAG
TARA_SAMEA2620053_METAG_EICCIPDI,0,0,0,Alpha-Other,97.26,MAG
TARA_SAMEA4398315_METAG_HKMENHED,1,1,1,Gamma-Other,97.73,MAG
TARA_SAMEA4398315_METAG_OCCFADGL,1,1,1,Bacteroidota,85.64,MAG
TARA_SAMEA4398315_METAG_LNGPCOIF,0,0,0,Alpha-Rhodobacter,87.92,MAG
TARA_SAMEA4398315_METAG_JFNDBMPO,1,1,1,Alpha-Other,85.12,MAG
TARA_SAMEA2622736_METAG_KEKDHEDF,1,1,1,Gamma-Alteromonas,84.19,MAG
TARA_SAMEA4397920_METAG_EHMHIBID,0,0,0,Bacteroidota,92.7,MAG
TARA_SAMEA2619950_METAG_CAHJDEPD,0,0,0,Alpha-Other,99.24,MAG
TARA_SAMEA2619950_METAG_LHINHFPN,1,1,1,Gamma-Other,89.94,MAG
TARA_SAMEA2622841_METAG_BJPLAEIC,0,0,0,Bacteroidota,97.04,MAG
TARA_SAMEA2621295_METAG_NIIMMNCI,0,0,0,Alpha-Other,79.52,MAG
TARA_SAMEA2621295_METAG_AOFFJOHF,0,0,0,Alpha-Other,97.76,MAG
TARA_SAMEA2621295_METAG_PEFNIIKL,0,0,0,Alpha-Other,81.34,MAG
TARA_SAMEA2621295_METAG_AHLPPNGD,0,0,0,Gamma-Other,96.78,MAG
TARA_SAMEA2621295_METAG_KOFGPMFF,0,0,0,Gamma-Other,83.16,MAG
TARA_SAMEA2622716_METAG_ALCNLHFE,0,0,0,Bacteroidota,90.76,MAG
TARA_SAMEA2622716_METAG_HIPIIBBC,0,0,0,Marinisomatota,93.47,MAG
TARA_SAMEA2622716_METAG_HMGJLLLH,0,0,0,Actinobacteriota,88.99,MAG
TARA_SAMEA2622716_METAG_EAAKCJAB,0,0,0,Bacteroidota,81.63,MAG
TARA_SAMEA2622716_METAG_HFPIHFGE,0,0,0,Bacteroidota,93.48,MAG
TARA_SAMEA2622716_METAG_FBPOPCAB,0,0,0,Gamma-Other,94.86,MAG
TARA_SAMEA2622716_METAG_ICIICELK,1,1,1,Bacteroidota,83.46,MAG
TARA_SAMEA2622716_METAG_LDBLMBLH,0,0,0,Gamma-Other,82.84,MAG
TARA_SAMEA2622716_METAG_CIBHFAMD,0,0,0,Alpha-Other,78.46,MAG
TARA_SAMEA2622716_METAG_IACCKPML,0,0,0,Gamma-Other,81.69,MAG
TARA_SAMEA2623390_METAG_FGLMCNOH,0,0,0,Archaea-Other,82.91,MAG
TARA_SAMEA2622716_METAG_DAEBHPLF,0,0,0,Bacteroidota,87.98,MAG
TARA_SAMEA2622716_METAG_DKBOMNBN,0,0,0,Verrucomicrobiota,94.58,MAG
TARA_SAMEA2622716_METAG_HOALEHMC,0,0,0,Bacteroidota,77.6,MAG
TARA_SAMEA2622716_METAG_CIDJGKHO,0,0,0,Bacteroidota,84.96,MAG
TARA_SAMEA2622716_METAG_MNABIGEI,0,0,0,Bacteroidota,80.61,MAG
TARA_SAMEA2623390_METAG_PAAGACCC,0,0,0,Archaea-Other,84.23,MAG
TARA_SAMEA2622715_METAG_ODFBKEOH,0,0,0,Alpha-Other,75.4,MAG
TARA_SAMEA2623390_METAG_OEACLACH,0,0,0,Archaea-Other,79.33,MAG
TARA_SAMEA2622715_METAG_GNHJCJJA,0,0,0,Bacteria-Other,98.02,MAG
TARA_SAMEA2622715_METAG_BELJBJBN,0,0,0,Bacteroidota,78.98,MAG
TARA_SAMEA2622715_METAG_BAPMEKGD,0,0,0,Gamma-Other,92.08,MAG
TARA_SAMEA2622715_METAG_GCCIOCFI,0,0,0,Gamma-Other,83.3,MAG
TARA_SAMEA2622715_METAG_OHCNBMDA,0,0,0,Gamma-Other,84.43,MAG
TARA_SAMEA2623390_METAG_GHHIIPPH,0,0,0,Archaea-Other,77,MAG
TARA_SAMEA2622715_METAG_GCIJCDAK,0,0,0,Bacteroidota,81.83,MAG
TARA_SAMEA2622715_METAG_MGDPIBGP,1,1,1,Bacteria-Other,78.08,MAG
TARA_SAMEA2622715_METAG_GKJFHMGL,0,0,0,Marinisomatota,87.02,MAG
TARA_SAMEA2620947_METAG_FFJAAIEE,0,0,0,Gamma-Other,97.62,MAG
TARA_SAMEA2620947_METAG_DPILNOEO,0,0,0,Gamma-Other,92.74,MAG
TARA_SAMEA2622823_METAG_MCKJOEDE,0,0,0,Gamma-Other,83.64,MAG
TARA_SAMEA2622823_METAG_FGEAOOGJ,0,0,0,Chloroflexota,88.41,MAG
TARA_SAMEA2622823_METAG_OPMBPLKD,0,0,0,Chloroflexota,83.5,MAG
TARA_SAMEA2622823_METAG_OKMMJLKJ,0,0,0,Chloroflexota,89.72,MAG
TARA_SAMEA2622823_METAG_ODLLNNCJ,0,0,0,Marinisomatota,76,MAG
TARA_SAMEA2622823_METAG_CIJHJJII,0,0,0,Chloroflexota,81.05,MAG
TARA_SAMEA2622823_METAG_LOIAKANP,0,0,0,Chloroflexota,92.88,MAG
TARA_SAMEA2622823_METAG_HBCIJHDH,0,0,0,Gemmatimonadota,92.21,MAG
TARA_SAMEA2622823_METAG_OKEDOLHM,0,0,0,Chloroflexota,93.74,MAG
TARA_SAMEA2619970_METAG_BIOJIINO,0,0,0,Archaea-Other,87.1,MAG
TARA_SAMEA2622823_METAG_FEGBCBMM,0,0,0,Gamma-Other,76.6,MAG
TARA_SAMEA2622823_METAG_KADMMOJA,0,0,0,Marinisomatota,96.55,MAG
TARA_SAMEA2622823_METAG_ENBONKED,0,0,0,Marinisomatota,89.63,MAG
TARA_SAMEA2622823_METAG_AHFAOPIA,0,0,0,Alpha-Other,89.63,MAG
TARA_SAMEA2622823_METAG_GOFKMFMO,0,0,0,Verrucomicrobiota,96.24,MAG
TARA_SAMEA2619970_METAG_KCKHJLLM,0,0,0,Archaea-Other,86.78,MAG
TARA_SAMEA2622823_METAG_HCKHCGFB,0,0,0,Bacteria-Other,90.32,MAG
TARA_SAMEA2622823_METAG_MLLEBGBH,0,0,0,Alpha-Other,86.42,MAG
TARA_SAMEA2619970_METAG_OGHAAKIJ,0,0,0,Archaea-Other,83.38,MAG
TARA_SAMEA2619970_METAG_FJCOMECI,0,0,0,Archaea-Other,83.6,MAG
TARA_SAMEA2622823_METAG_MLHCOEJP,0,0,0,Gamma-Other,89.4,MAG
TARA_SAMEA2622823_METAG_GLGJBNIP,0,0,0,Chloroflexota,88.28,MAG
TARA_SAMEA2622823_METAG_MKHLPHBB,0,0,0,Bacteria-Other,77.21,MAG
TARA_SAMEA2622823_METAG_CKAIFPMH,0,0,0,Bacteria-Other,90.74,MAG
TARA_SAMEA2622823_METAG_BGCLLDIO,0,0,0,Gamma-Other,90.87,MAG
TARA_SAMEA2622823_METAG_IPANCJMB,0,0,0,Bacteroidota,75.94,MAG
TARA_SAMEA2622823_METAG_MGGLIPFK,0,0,0,Chloroflexota,94.24,MAG
TARA_SAMEA2622823_METAG_JDBBCKEK,0,0,0,Alpha-Other,79.61,MAG
TARA_SAMEA4397118_METAG_BLHIAODE,0,0,0,Bacteroidota,94.74,MAG
TARA_SAMEA4397118_METAG_DPCCAOGI,0,0,0,Alpha-Other,91.65,MAG
TARA_SAMEA4397118_METAG_CCJNJJBK,0,0,0,Bacteroidota,75.59,MAG
TARA_SAMEA4397118_METAG_GCAJHDBO,0,0,0,Bacteroidota,99.64,MAG
TARA_SAMEA2623327_METAG_BCKEBGGG,1,1,1,Gamma-Other,78.43,MAG
TARA_SAMEA2619970_METAG_GPODADGE,0,0,0,Archaea-Other,76.31,MAG
TARA_SAMEA2620106_METAG_AFNJKAOM,0,0,0,Alpha-Other,91.36,MAG
TARA_SAMEA2620106_METAG_PKANIBBM,0,0,0,Gamma-Other,97.85,MAG
TARA_SAMEA2591132_METAG_EGHJBNCP,0,0,0,Alpha-Rhodobacter,94.38,MAG
TARA_SAMEA2591132_METAG_KHLCFNJJ,1,1,1,Gamma-Alteromonas,82.36,MAG
TARA_SAMEA2621277_METAG_DGJKBAEL,0,0,0,Gamma-Other,80.94,MAG
TARA_SAMEA2621277_METAG_ILDPBJGM,0,0,0,Bacteroidota,96.24,MAG
TARA_SAMEA2621277_METAG_CFLCHGGP,0,0,0,Chloroflexota,93.7,MAG
TARA_SAMEA2621277_METAG_JANMBIJC,0,0,0,Actinobacteriota,84.23,MAG
TARA_SAMEA2621277_METAG_JBNFLJGD,0,0,0,Gemmatimonadota,89.99,MAG
TARA_SAMEA2621277_METAG_DABJKICM,0,0,0,Bacteroidota,91.84,MAG
TARA_SAMEA2621277_METAG_PGDHLOED,0,0,0,Bacteroidota,80.45,MAG
TARA_SAMEA2621277_METAG_DBGPCLHD,0,0,0,Actinobacteriota,84.31,MAG
TARA_SAMEA2621277_METAG_KMCKJLIC,0,0,0,Chloroflexota,93.75,MAG
TARA_SAMEA2621277_METAG_IHFJHONB,0,0,0,Gamma-Other,81.46,MAG
TARA_SAMEA2621277_METAG_OCOMEIBA,0,0,0,Bacteroidota,80.5,MAG
TARA_SAMEA2621277_METAG_LJGPFCCG,0,0,0,Marinisomatota,86.8,MAG
TARA_SAMEA2621277_METAG_BNBFHGIB,0,0,0,Gamma-SAR86,75.65,MAG
TARA_SAMEA2621277_METAG_BKCLJLDA,0,0,0,Chloroflexota,76.5,MAG
TARA_SAMEA2621277_METAG_EBBBNHIL,0,0,0,Alpha-Other,86.48,MAG
TARA_SAMEA2621277_METAG_HBNIMCIA,0,0,0,Gamma-Other,91.88,MAG
TARA_SAMEA2621300_METAG_DIHNLLAF,0,0,0,Gamma-Other,97.81,MAG
TARA_SAMEA2621300_METAG_HFMFLJKM,0,0,0,Alpha-Other,85.22,MAG
TARA_SAMEA2621300_METAG_DKNPMIGO,0,0,0,Alpha-Other,98.02,MAG
TARA_SAMEA4397255_METAG_GJHMOECD,0,0,0,Gamma-Other,93.5,MAG
TARA_SAMEA4397255_METAG_JOOJCNHI,0,0,0,Alpha-Rhodobacter,79.7,MAG
TARA_SAMEA4397255_METAG_OGHMFFIL,0,0,0,Alpha-Other,86.52,MAG
TARA_SAMEA4398001_METAG_BHNGEJKA,0,0,0,Bacteroidota,78.13,MAG
TARA_SAMEA4398001_METAG_KDFKCPOD,0,0,0,Alpha-Other,99.82,MAG
TARA_SAMEA4398001_METAG_KDEOEMPF,1,1,1,Bacteroidota,86.32,MAG
TARA_SAMEA2620198_METAG_OMEDOALG,0,0,0,Alpha-Other,83.71,MAG
TARA_SAMEA4397859_METAG_NIFMPLHG,0,0,0,Bacteroidota,99.64,MAG
TARA_SAMEA4397859_METAG_MPLILCAE,0,0,0,Alpha-Other,81.72,MAG
TARA_SAMEA4397859_METAG_EDALHMAG,0,0,0,Alpha-Other,85.7,MAG
TARA_SAMEA2619791_METAG_PFJODIKN,0,0,0,Planctomycetota,96.28,MAG
TARA_SAMEA2620027_METAG_INFJHNCL,0,0,0,Alpha-Other,99.4,MAG
TARA_SAMEA2620027_METAG_KBFIDJBK,0,0,0,Gamma-Other,89.18,MAG
TARA_SAMEA2622497_METAG_EAEFOEAD,0,0,0,Alpha-Other,97.32,MAG
TARA_SAMEA2622497_METAG_PCOEKPCD,0,0,0,Alpha-Other,93.15,MAG
TARA_SAMEA2622497_METAG_IHLFINNH,0,0,0,Bacteroidota,75.6,MAG
TARA_SAMEA2621021_METAG_INKIIALJ,0,0,0,Marinisomatota,89.52,MAG
TARA_SAMEA2621021_METAG_OOIOLPFJ,1,1,1,Planctomycetota,77.07,MAG
TARA_SAMEA2623295_METAG_PLJPBIKH,0,0,0,Archaea-Other,88.65,MAG
TARA_SAMEA2623295_METAG_HOMDKGGK,0,0,0,Archaea-Other,88.87,MAG
TARA_SAMEA2621021_METAG_HCIAPDEE,0,0,0,Bacteroidota,83.28,MAG
TARA_SAMEA2621021_METAG_BMDCHEJH,0,0,0,Gamma-Other,94.08,MAG
TARA_SAMEA2621021_METAG_CHPIGMGG,0,0,0,Gamma-SAR86,79.44,MAG
TARA_SAMEA2623295_METAG_FMGPAHKH,0,0,0,Archaea-Other,82.35,MAG
TARA_SAMEA2623295_METAG_DKKOFIMO,0,0,0,Archaea-Other,80.35,MAG
TARA_SAMEA2622166_METAG_EGMDJBCD,0,0,0,Alpha-Other,90.92,MAG
TARA_SAMEA2621242_METAG_PGLCLPKG,0,0,0,Alpha-Other,84.94,MAG
TARA_SAMEA2621242_METAG_GKBNFHEN,0,0,0,Bacteroidota,99.2,MAG
TARA_SAMEA2621242_METAG_GBIOEBGP,0,0,0,Alpha-Other,77.3,MAG
TARA_SAMEA2621242_METAG_GNEALDBF,0,0,0,Alpha-Other,89.54,MAG
TARA_SAMEA2621242_METAG_CODGKNOG,0,0,0,Alpha-Other,85.94,MAG
TARA_SAMEA2621242_METAG_HEAAMFCE,1,1,1,Gamma-Other,97.51,MAG
TARA_SAMEA2621242_METAG_FDJMEMBE,0,0,0,Alpha-Other,81.35,MAG
TARA_SAMEA2621242_METAG_JAGFKKLK,0,0,0,Gamma-Other,97.49,MAG
TARA_SAMEA2622657_METAG_OILKBGPP,0,0,0,Marinisomatota,78.65,MAG
TARA_SAMEA2622657_METAG_GDGNEEFE,0,0,0,Alpha-Other,86.34,MAG
TARA_SAMEA2622657_METAG_JLKEDABE,0,0,0,Bacteroidota,82.34,MAG
TARA_SAMEA2622657_METAG_ABPCDJAC,0,0,0,Marinisomatota,96.19,MAG
TARA_SAMEA2622657_METAG_FIBBPFDI,0,0,0,Bacteroidota,80.17,MAG
TARA_SAMEA2622657_METAG_MLAHELLJ,0,0,0,Bacteroidota,80.18,MAG
TARA_SAMEA2622657_METAG_BNNBICDD,0,0,0,Bacteroidota,85.53,MAG
TARA_SAMEA2622657_METAG_EEEKJKNN,0,0,0,Gamma-Other,81.42,MAG
TARA_SAMEA2622657_METAG_OGEACIDF,0,0,0,Marinisomatota,79,MAG
TARA_SAMEA2622657_METAG_BLIPHDIP,0,0,0,Gamma-Other,83.44,MAG
TARA_SAMEA2621151_METAG_HDFHFDFJ,0,0,0,Alpha-Other,87.24,MAG
TARA_SAMEA2621151_METAG_KIOMADCH,0,0,0,Alpha-Other,93.61,MAG
TARA_SAMEA2621085_METAG_ABJJBCLC,0,0,0,Alpha-Other,84.27,MAG
TARA_SAMEA4397747_METAG_JJNGHCCK,1,1,1,Alpha-Other,82.53,MAG
TARA_SAMEA4397747_METAG_DMBLCFCA,0,0,0,Gamma-Other,93.5,MAG
TARA_SAMEA4397747_METAG_COALLMCB,0,0,0,Alpha-Other,99.4,MAG
TARA_SAMEA4397747_METAG_CLEGKBCP,0,0,0,Alpha-Other,88.38,MAG
TARA_SAMEA2619677_METAG_JABPAPDP,0,0,0,Alpha-Other,99.4,MAG
TARA_SAMEA2619677_METAG_LNGKFPOG,0,0,0,Alpha-Rhodobacter,82.43,MAG
TARA_SAMEA2619677_METAG_ICBIJICE,0,0,0,Planctomycetota,96.28,MAG
TARA_SAMEA2619677_METAG_MHNFLBBC,0,0,0,Alpha-Other,98.71,MAG
TARA_SAMEA2619779_METAG_NNGPLAHL,0,0,0,Planctomycetota,92.36,MAG
TARA_SAMEA2619779_METAG_DNGIFLGN,0,0,0,Alpha-Other,94.08,MAG
TARA_SAMEA2620755_METAG_HCLHDBMD,0,0,0,Bacteroidota,83.7,MAG
TARA_SAMEA2621010_METAG_EEBADEOH,0,0,0,Alpha-Other,99.4,MAG
TARA_SAMEA2621010_METAG_LBEEMDLP,0,0,0,Gamma-Other,92.96,MAG
TARA_SAMEA2621010_METAG_ODCNHMAO,0,0,0,Alpha-Rhodobacter,91.56,MAG
TARA_SAMEA2620078_METAG_HLMGGCLJ,0,0,0,Alpha-Other,78.56,MAG
TARA_SAMEA2621203_METAG_OBEBGOOI,0,0,0,Marinisomatota,84.29,MAG
TARA_SAMEA2621203_METAG_GHDFCCAL,0,0,0,Alpha-Pelagibacter,79.46,MAG
TARA_SAMEA2621203_METAG_FPCPONMB,0,0,0,Alpha-Other,86.74,MAG
TARA_SAMEA2621204_METAG_MMALNHGM,0,0,0,Alpha-Other,76.47,MAG
TARA_SAMEA2623314_METAG_PNAMNIPC,0,0,0,Archaea-Other,88.65,MAG
TARA_SAMEA2621204_METAG_FCKEOFCE,0,0,0,Gamma-Other,80.98,MAG
TARA_SAMEA2622676_METAG_BIMHMBHP,1,1,1,Gamma-Alteromonas,82.9,MAG
TARA_SAMEA2622676_METAG_GPDJANNP,0,0,0,Gamma-Other,76.99,MAG
TARA_SAMEA2621075_METAG_DFDLJFEF,0,0,0,Gamma-Other,79.36,MAG
TARA_SAMEA2623314_METAG_OMILAABL,0,0,0,Archaea-Other,89.03,MAG
TARA_SAMEA2621075_METAG_IKNNOBIL,0,0,0,Bacteroidota,75.96,MAG
TARA_SAMEA2623314_METAG_AOGIDMAE,0,0,0,Archaea-Other,83.6,MAG
TARA_SAMEA2623314_METAG_EMHMBHHA,0,0,0,Archaea-Other,80.9,MAG
TARA_SAMEA2623314_METAG_OOMBADDA,0,0,0,Archaea-Other,75.64,MAG
TARA_SAMEA2623314_METAG_NOACECFF,0,0,0,Archaea-Other,75.22,MAG
TARA_SAMEA2621075_METAG_CDEJMPIA,0,0,0,Bacteria-Other,94.4,MAG
TARA_SAMEA2621075_METAG_HDFGLBPC,0,0,0,Bacteroidota,90.57,MAG
TARA_SAMEA2621075_METAG_KLPGLOJI,0,0,0,Gamma-Other,88.02,MAG
TARA_SAMEA2622801_METAG_CODCMOOL,0,0,0,Actinobacteriota,84.84,MAG
TARA_SAMEA2622801_METAG_BMBCJDAO,0,0,0,Chloroflexota,79.38,MAG
TARA_SAMEA2622801_METAG_BIDCGMDO,0,0,0,Verrucomicrobiota,95.01,MAG
TARA_SAMEA2622801_METAG_KGMJDDHA,0,0,0,Verrucomicrobiota,77.18,MAG
TARA_SAMEA2622801_METAG_DNBODEAB,0,0,0,Alpha-Other,90.48,MAG
TARA_SAMEA2622801_METAG_DKKNDCDL,0,0,0,Bacteroidota,84.38,MAG
TARA_SAMEA2622801_METAG_KMLOIHBD,0,0,0,Gamma-Other,83.44,MAG
TARA_SAMEA2622801_METAG_GJLJPJIC,0,0,0,Alpha-Other,79.53,MAG
TARA_SAMEA2620097_METAG_BCNGIDEN,0,0,0,Archaea-Other,86.55,MAG
TARA_SAMEA2620097_METAG_OJFEPEIA,0,0,0,Archaea-Other,86.32,MAG
TARA_SAMEA2622801_METAG_ABMMGODO,0,0,0,Chloroflexota,91.48,MAG
TARA_SAMEA2620097_METAG_FANJNGCH,0,0,0,Archaea-Other,79.94,MAG
TARA_SAMEA2622801_METAG_JMDADDDC,0,0,0,Chloroflexota,87.45,MAG
TARA_SAMEA2622801_METAG_JBFOAKCI,0,0,0,Gamma-Other,92.65,MAG
TARA_SAMEA2622801_METAG_MIKPNGIJ,0,0,0,Gamma-Other,88.84,MAG
TARA_SAMEA2622801_METAG_MMJIJLMI,0,0,0,Bacteroidota,81.31,MAG
TARA_SAMEA2622801_METAG_FBDAFCOP,1,1,1,Bacteroidota,97.06,MAG
TARA_SAMEA2622801_METAG_LEMAIJLG,0,0,0,Verrucomicrobiota,94.72,MAG
TARA_SAMEA2620097_METAG_INOLNICN,0,0,0,Archaea-Other,75.3,MAG
TARA_SAMEA2622801_METAG_MKLFEJAE,0,0,0,Chloroflexota,79.49,MAG
TARA_SAMEA2622801_METAG_LDMCLNEB,0,0,0,Gamma-Other,88.88,MAG
TARA_SAMEA2620097_METAG_DOFEKGCC,0,0,0,Archaea-Other,78.14,MAG
TARA_SAMEA4397215_METAG_AMJKMLLJ,0,0,0,Gamma-Other,78.06,MAG
TARA_SAMEA4397215_METAG_MLOIMAMC,0,0,0,Gamma-Other,93.5,MAG
TARA_SAMEA4397215_METAG_MEEJJEOL,0,0,0,Bacteroidota,94.93,MAG
TARA_SAMEA4397215_METAG_DOHMALKO,0,0,0,Bacteroidota,98.82,MAG
TARA_SAMEA4397215_METAG_DFDKIGDB,0,0,0,Bacteroidota,93.63,MAG
TARA_SAMEA4397215_METAG_GDFBEBBE,0,0,0,Bacteroidota,81.73,MAG
TARA_SAMEA4397215_METAG_INOEJHAJ,0,0,0,Alpha-Other,87.8,MAG
TARA_SAMEA2622678_METAG_OEEHEAAG,0,0,0,Gamma-Other,93.48,MAG
TARA_SAMEA2622678_METAG_OMOBKMJA,0,0,0,SAR324,77.72,MAG
TARA_SAMEA2622678_METAG_BFJKCKHH,0,0,0,Verrucomicrobiota,94.75,MAG
TARA_SAMEA2622678_METAG_OMEJAIJL,0,0,0,Alpha-Other,75.97,MAG
TARA_SAMEA2622678_METAG_BIFEHNEK,0,0,0,Alpha-Other,84.38,MAG
TARA_SAMEA2622678_METAG_MFFPBDFP,0,0,0,Bacteroidota,75.65,MAG
TARA_SAMEA2621247_METAG_BFIJLOGC,0,0,0,Alpha-Other,82.81,MAG
TARA_SAMEA2621247_METAG_KPLCKDGO,0,0,0,Alpha-Other,90.32,MAG
TARA_SAMEA2621247_METAG_KFBLDENE,0,0,0,Bacteroidota,98.44,MAG
TARA_SAMEA2621045_METAG_NCDFKNOH,0,0,0,Bacteria-Other,83.8,MAG
TARA_SAMEA2621045_METAG_ICENHPNL,0,0,0,Bacteroidota,81.21,MAG
TARA_SAMEA2620097_METAG_MMJLBNAD,0,0,0,Archaea-Other,78.52,MAG
TARA_SAMEA2620097_METAG_ADCPAPDM,0,0,0,Archaea-Other,77.9,MAG
TARA_SAMEA2621045_METAG_HNJEAKEC,0,0,0,Gamma-SAR86,75.47,MAG
TARA_SAMEA2621045_METAG_JAJDDFPH,0,0,0,Verrucomicrobiota,78.49,MAG
TARA_SAMEA2620035_METAG_ILLGPLFG,0,0,0,Alpha-Other,94.99,MAG
TARA_SAMEA2620035_METAG_EBCDEKAK,0,0,0,Gamma-Other,94.24,MAG
TARA_SAMEA2621076_METAG_CJBFDCFG,0,0,0,Archaea-Poseidoniia MGIIa,82.98,MAG
TARA_SAMEA2620035_METAG_NIIJBDPB,0,0,0,SAR324,86.3,MAG
TARA_SAMEA2621260_METAG_EBCKMCEJ,0,0,0,Archaea-Poseidoniia MGIIa,85.52,MAG
TARA_SAMEA2622716_METAG_ABKNJBOC,0,0,0,Archaea-Poseidoniia MGIIa,75.94,MAG
TARA_SAMEA2621859_METAG_DDJJPFMI,0,0,0,Verrucomicrobiota,85.84,MAG
TARA_SAMEA2621859_METAG_ELPMEGBP,0,0,0,Alpha-Pelagibacter,86.85,MAG
TARA_SAMEA2621859_METAG_DPFBHLBA,0,0,0,Alpha-Rhodobacter-LowGC,88.62,MAG
TARA_SAMEA2621859_METAG_KAPLIFIA,0,0,0,Alpha-Other,81.18,MAG
TARA_SAMEA2621859_METAG_MBMHKJLE,0,0,0,Bacteroidota,76.34,MAG
TARA_SAMEA2621859_METAG_KNGGOOID,0,0,0,Gamma-Other,80.98,MAG
TARA_SAMEA2622518_METAG_NJBLKKOH,0,0,0,Marinisomatota,85.34,MAG
TARA_SAMEA2622518_METAG_JELDGPNL,0,0,0,Bacteroidota,88.06,MAG
TARA_SAMEA2622518_METAG_FNCNCLIF,0,0,0,Bacteria-Other,82.1,MAG
TARA_SAMEA2622518_METAG_OLJHOANO,0,0,0,Marinisomatota,78.91,MAG
TARA_SAMEA2622518_METAG_BDFEPKIO,0,0,0,Actinobacteriota,78.07,MAG
TARA_SAMEA2619907_METAG_EKCDBKAB,0,0,0,Archaea-Poseidoniia MGIIb,78.97,MAG
TARA_SAMEA2622452_METAG_JLEFIJNC,0,0,0,Alpha-Puniceispirilla,98.26,MAG
TARA_SAMEA2622452_METAG_KMELJFJB,0,0,0,Alpha-Pelagibacter,90.99,MAG
TARA_SAMEA2622452_METAG_DKPMIMFK,0,0,0,Alpha-Pelagibacter,89.19,MAG
TARA_SAMEA2622452_METAG_POBKLOBA,0,0,0,Bacteroidota,92.5,MAG
TARA_SAMEA2622452_METAG_PHPDPEMF,0,0,0,Gamma-Other,94.05,MAG
TARA_SAMEA2622452_METAG_KOJPHMBI,0,0,0,Bacteroidota,83.9,MAG
TARA_SAMEA2622452_METAG_MPPICNIL,0,0,0,Bacteroidota,80.24,MAG
TARA_SAMEA2622452_METAG_GFOAEFAP,0,0,0,Alpha-Other,83.98,MAG
TARA_SAMEA2619376_METAG_JHNMHOME,0,0,0,Archaea-Poseidoniia MGIIa,85.86,MAG
TARA_SAMEA2622452_METAG_HOHBKAJI,0,0,0,Bacteroidota,81.16,MAG
TARA_SAMEA2622452_METAG_JOHLEJIK,0,0,0,Chloroflexota,81.78,MAG
TARA_SAMEA2622452_METAG_GKEDKOJN,0,0,0,Alpha-Other,75.17,MAG
TARA_SAMEA2622452_METAG_ACGDKDGG,0,0,0,Marinisomatota,76.23,MAG
TARA_SAMEA2622452_METAG_OCMDKDHF,0,0,0,Gamma-Other,83.34,MAG
TARA_SAMEA2622452_METAG_FNLBCPBG,0,0,0,Bacteroidota,79.54,MAG
TARA_SAMEA2622452_METAG_AHLBJLMB,0,0,0,Gamma-Other,77.48,MAG
TARA_SAMEA2622173_METAG_BFAIBPOI,0,0,0,Archaea-Poseidoniia MGIIa,83.78,MAG
TARA_SAMEA2623627_METAG_KPNHDMKO,0,0,0,Archaea-Poseidoniia MGIIa,83.22,MAG
TARA_SAMEA2621198_METAG_JAPPKILM,0,0,0,Bacteroidota,89.96,MAG
TARA_SAMEA2621198_METAG_HCDNNKFC,0,0,0,Bacteroidota,75.09,MAG
TARA_SAMEA2622796_METAG_BBKAMDIF,0,0,0,Archaea-Poseidoniia MGIIa,82,MAG
TARA_SAMEA2620815_METAG_DPJPKODL,0,0,0,Gamma-Other,91.9,MAG
TARA_SAMEA2620815_METAG_EEKNENIE,1,1,1,Gamma-Alteromonas,80.92,MAG
TARA_SAMEA2620815_METAG_FIALPFFK,0,0,0,Planctomycetota,78.03,MAG
TARA_SAMEA2622402_METAG_LKDFICIP,0,0,0,Archaea-Poseidoniia MGIIa,85.68,MAG
TARA_SAMEA2622376_METAG_LCDBHBPD,1,1,1,Gamma-Alteromonas,88.05,MAG
TARA_SAMEA2622843_METAG_HEKJIJFE,0,0,0,Archaea-Poseidoniia MGIIa,85.15,MAG
TARA_SAMEA2622376_METAG_LJDBMAKP,0,0,0,Actinobacteriota,79.07,MAG
TARA_SAMEA2622376_METAG_LNMAKIPI,0,0,0,Gamma-Other,77.17,MAG
TARA_SAMEA2622843_METAG_PKJENKNK,0,0,0,Archaea-Poseidoniia MGIIa,83.02,MAG
TARA_SAMEA2622843_METAG_HGOPMDGD,0,0,0,Archaea-Poseidoniia MGIIa,86.99,MAG
TARA_SAMEA2622843_METAG_KGPJJBFL,0,0,0,Archaea-Poseidoniia MGIIa,83.16,MAG
TARA_SAMEA2621176_METAG_DCJMIKAH,0,0,0,Bacteroidota,98.92,MAG
TARA_SAMEA2621176_METAG_GIHJDEBP,0,0,0,Bacteroidota,96.54,MAG
TARA_SAMEA2621176_METAG_FGDEKKCH,0,0,0,Gamma-Other,91.48,MAG
TARA_SAMEA2621176_METAG_LGNIMBFP,0,0,0,Alpha-Other,89.77,MAG
TARA_SAMEA2621176_METAG_LDMNKFJL,0,0,0,Gamma-Other,86.06,MAG
TARA_SAMEA2621176_METAG_GPGCBCMG,0,0,0,Bacteroidota,78.38,MAG
TARA_SAMEA2621176_METAG_EGAIMIFC,0,0,0,Gamma-Other,77.6,MAG
TARA_SAMEA2622658_METAG_KGMELFIO,0,0,0,Archaea-Poseidoniia MGIIa,88.09,MAG
TARA_SAMEA2619857_METAG_EOOCLNCF,0,0,0,Bacteroidota,81.82,MAG
TARA_SAMEA2619857_METAG_BNCAFAFH,0,0,0,Marinisomatota,88.23,MAG
TARA_SAMEA2619857_METAG_DNECGPMI,0,0,0,Alpha-Other,91.08,MAG
TARA_SAMEA2619857_METAG_HKENGPNE,0,0,0,Actinobacteriota,85.76,MAG
TARA_SAMEA2619857_METAG_PNBKLNKC,0,0,0,Bacteroidota,82.39,MAG
TARA_SAMEA2619857_METAG_ANDEKLKE,0,0,0,Dadabacteria,85.48,MAG
TARA_SAMEA2619857_METAG_CHKCJGCE,0,0,0,Actinobacteriota,83.27,MAG
TARA_SAMEA2619857_METAG_BBJPCAIB,0,0,0,Alpha-Rhodobacter,85.02,MAG
TARA_SAMEA2619857_METAG_BMGAPPGH,0,0,0,Gamma-Other,84.41,MAG
TARA_SAMEA2622658_METAG_ICKHDNLP,0,0,0,Archaea-Poseidoniia MGIIa,86.1,MAG
TARA_SAMEA2622842_METAG_DABKMOKH,0,0,0,Archaea-Poseidoniia MGIIa,76.21,MAG
TARA_SAMEA2622842_METAG_OFNGLJPA,0,0,0,Archaea-Poseidoniia MGIIa,85.46,MAG
TARA_SAMEA2622316_METAG_NGOLLBJF,0,0,0,Bacteroidota,94.29,MAG
TARA_SAMEA2622316_METAG_KKLDCCPA,0,0,0,Bacteria-Other,93.94,MAG
TARA_SAMEA2622316_METAG_BBFLJAMG,0,0,0,Verrucomicrobiota,90.19,MAG
TARA_SAMEA2622316_METAG_LJODPAND,0,0,0,Bacteroidota,87.34,MAG
TARA_SAMEA2622316_METAG_LENKOEKI,0,0,0,Bacteroidota,85,MAG
TARA_SAMEA2622316_METAG_FLIPPHIJ,0,0,0,Alpha-Rhodobacter,80.15,MAG
TARA_SAMEA2622316_METAG_LNOHBMFD,0,0,0,Bacteroidota,85.22,MAG
TARA_SAMEA2622842_METAG_BJBPAPHB,0,0,0,Archaea-Poseidoniia MGIIa,85.88,MAG
TARA_SAMEA2619927_METAG_AGDNPBFO,0,0,0,Verrucomicrobiota,93.34,MAG
TARA_SAMEA2619927_METAG_MNFNIHOG,0,0,0,Alpha-Rhodobacter,91.81,MAG
TARA_SAMEA2619927_METAG_FOKNFIIJ,0,0,0,SAR324,89.21,MAG
TARA_SAMEA2619927_METAG_PLGDIAGA,0,0,0,Gamma-Other,89.36,MAG
TARA_SAMEA2619927_METAG_LHMHLHBL,0,0,0,Alpha-Other,90.54,MAG
TARA_SAMEA2619927_METAG_EHLIIAOP,0,0,0,Alpha-Puniceispirilla,79.39,MAG
TARA_SAMEA2619927_METAG_FELJLIMH,0,0,0,Bacteroidota,77.1,MAG
TARA_SAMEA2619927_METAG_GCMANFEE,0,0,0,Gamma-SAR86,75.7,MAG
TARA_SAMEA2621278_METAG_GBHACOOI,0,0,0,Archaea-Poseidoniia MGIIa,75.26,MAG
TARA_SAMEA2623907_METAG_CLPEOCMH,0,0,0,Alpha-Other,91.72,MAG
TARA_SAMEA2623907_METAG_MOFLDGGH,0,0,0,Alpha-Other,88.72,MAG
TARA_SAMEA2623907_METAG_LDGJOKPN,0,0,0,Alpha-Other,79.15,MAG
TARA_SAMEA2623907_METAG_ILAJKKCH,1,1,1,Gamma-Other,93.5,MAG
TARA_SAMEA2623907_METAG_KGDLHGFJ,0,0,0,Alpha-Other,77.2,MAG
TARA_SAMEA2623907_METAG_CCFFPAND,0,0,0,Gemmatimonadota,77.99,MAG
TARA_SAMEA2623907_METAG_ANACBMIO,0,0,0,Gamma-Other,85.3,MAG
TARA_SAMEA2623907_METAG_MAAJKHOI,0,0,0,Bacteroidota,79.46,MAG
TARA_SAMEA2621076_METAG_EMNAFJOC,0,0,0,Archaea-Poseidoniia MGIIa,86.43,MAG
TARA_SAMEA2619907_METAG_MFMGCAAC,0,0,0,Alpha-Other,98.77,MAG
TARA_SAMEA2619907_METAG_ACFDCIKP,0,0,0,Chloroflexota,96.15,MAG
TARA_SAMEA2619907_METAG_HLNKOGAN,0,0,0,Actinobacteriota,95.06,MAG
TARA_SAMEA2619907_METAG_OBBLGNKP,0,0,0,Gamma-Other,93.72,MAG
TARA_SAMEA2619907_METAG_ODDNDHNA,0,0,0,Chloroflexota,90.42,MAG
TARA_SAMEA2619907_METAG_CCMNHHCM,0,0,0,Chloroflexota,94.57,MAG
TARA_SAMEA2619907_METAG_JDOAFLNN,0,0,0,Chloroflexota,93.24,MAG
TARA_SAMEA2619907_METAG_PINFCNAK,0,0,0,Actinobacteriota,88.9,MAG
TARA_SAMEA2619907_METAG_JAJJHLIH,0,0,0,Gamma-Other,93.01,MAG
TARA_SAMEA2619907_METAG_DKCBBJCD,0,0,0,Chloroflexota,82.53,MAG
TARA_SAMEA2619907_METAG_JPHCLLMB,0,0,0,Chloroflexota,89.98,MAG
TARA_SAMEA2619907_METAG_PCPBGHEB,0,0,0,Marinisomatota,90.19,MAG
TARA_SAMEA2619907_METAG_FFCJINBJ,0,0,0,Chloroflexota,89.72,MAG
TARA_SAMEA2621076_METAG_EIPFHLIJ,0,0,0,Archaea-Poseidoniia MGIIa,83.07,MAG
TARA_SAMEA2619907_METAG_DAMMJKPM,0,0,0,Chloroflexota,84.96,MAG
TARA_SAMEA2619907_METAG_EMKBHFCG,0,0,0,Marinisomatota,88,MAG
TARA_SAMEA2619907_METAG_CHMMNKJI,0,0,0,Gamma-Other,91.43,MAG
TARA_SAMEA2619907_METAG_IFDDGMLJ,0,0,0,Marinisomatota,86.79,MAG
TARA_SAMEA2619907_METAG_KAMGMMEJ,0,0,0,Chloroflexota,87.33,MAG
TARA_SAMEA2619907_METAG_NGBEAEOF,1,1,1,Alpha-Other,84.12,MAG
TARA_SAMEA2619907_METAG_KKHDDJFB,0,0,0,Chloroflexota,81.59,MAG
TARA_SAMEA2619907_METAG_MIAALBLK,0,0,0,Alpha-Other,82.04,MAG
TARA_SAMEA2619907_METAG_APEACMDH,0,0,0,Actinobacteriota,83.84,MAG
TARA_SAMEA2621076_METAG_GCFBDKBJ,0,0,0,Archaea-Poseidoniia MGIIa,78.79,MAG
TARA_SAMEA2621076_METAG_DMFBHDNI,0,0,0,Archaea-Poseidoniia MGIIa,84.94,MAG
TARA_SAMEA2622716_METAG_EDADIEDP,0,0,0,Archaea-Poseidoniia MGIIa,86.31,MAG
TARA_SAMEA2622716_METAG_BDPEGJHL,0,0,0,Archaea-Poseidoniia MGIIa,85.2,MAG
TARA_SAMEA2622716_METAG_FCPGBCLC,0,0,0,Archaea-Poseidoniia MGIIa,82.93,MAG
TARA_SAMEA2622716_METAG_BDGDLOID,0,0,0,Archaea-Poseidoniia MGIIa,81.68,MAG
TARA_SAMEA2622716_METAG_NHBBBPDE,0,0,0,Archaea-Poseidoniia MGIIa,85.86,MAG
TARA_SAMEA2622716_METAG_AOMFIHHE,0,0,0,Archaea-Poseidoniia MGIIa,82.45,MAG
TARA_SAMEA2622716_METAG_IOKIJKAA,0,0,0,Archaea-Poseidoniia MGIIa,85.76,MAG
TARA_SAMEA2623463_METAG_HPEEGDNE,0,0,0,Bacteria-Other,98.02,MAG
TARA_SAMEA2623463_METAG_BNGKDMAP,0,0,0,Marinisomatota,96.38,MAG
TARA_SAMEA2623463_METAG_PJOHBPOB,0,0,0,Bacteroidota,97.94,MAG
TARA_SAMEA2623463_METAG_KNFNNFGN,0,0,0,Bacteroidota,96.77,MAG
TARA_SAMEA2623463_METAG_LNFMOOHP,0,0,0,Marinisomatota,96,MAG
TARA_SAMEA2623463_METAG_MGFECGOL,0,0,0,Alpha-Other,88.84,MAG
TARA_SAMEA2623463_METAG_BFAIOODB,0,0,0,Actinobacteriota,92.7,MAG
TARA_SAMEA2623463_METAG_OKKPDMJP,0,0,0,Marinisomatota,86.17,MAG
TARA_SAMEA2623463_METAG_BLGGBFLI,0,0,0,Marinisomatota,91.74,MAG
TARA_SAMEA2623463_METAG_FNDLILMC,0,0,0,Gamma-Other,86.78,MAG
TARA_SAMEA2623463_METAG_EPEENBAL,0,0,0,Gamma-Other,91.56,MAG
TARA_SAMEA2623463_METAG_KIFAKHCC,0,0,0,Alpha-Pelagibacter,79.88,MAG
TARA_SAMEA2623463_METAG_OFJAIEPE,0,0,0,SAR324,87.69,MAG
TARA_SAMEA2623463_METAG_ONLHDPLC,0,0,0,Marinisomatota,80.08,MAG
TARA_SAMEA2623463_METAG_MHFKDIFO,0,0,0,Alpha-Pelagibacter,84.98,MAG
TARA_SAMEA2622715_METAG_FFMKAJMF,0,0,0,Archaea-Poseidoniia MGIIa,81.74,MAG
TARA_SAMEA2623463_METAG_FKEGBBFN,0,0,0,Gamma-Other,85.46,MAG
TARA_SAMEA2623463_METAG_JHNCIPAP,0,0,0,Marinisomatota,80.74,MAG
TARA_SAMEA2623463_METAG_LJDGHHJJ,0,0,0,Alpha-Other,76.88,MAG
TARA_SAMEA2622715_METAG_JNIAIFEK,0,0,0,Archaea-Poseidoniia MGIIa,77.6,MAG
TARA_SAMEA2622715_METAG_NAGCMGKP,0,0,0,Archaea-Poseidoniia MGIIa,84.96,MAG
TARA_SAMEA2623463_METAG_BHMFDPJM,0,0,0,Gamma-Other,78.98,MAG
TARA_SAMEA2622715_METAG_IIFPKAIK,0,0,0,Archaea-Poseidoniia MGIIa,78.6,MAG
TARA_SAMEA2622715_METAG_GKJPINPJ,0,0,0,Archaea-Poseidoniia MGIIa,86.62,MAG
TARA_SAMEA2622733_METAG_LJOLBPGP,1,1,1,Gamma-Alteromonas,87.47,MAG
TARA_SAMEA2622733_METAG_EOALJCIK,0,0,0,Actinobacteriota,95.4,MAG
TARA_SAMEA2622733_METAG_ONFBECNJ,0,0,0,Actinobacteriota,92.86,MAG
TARA_SAMEA2622733_METAG_MBBOCMIF,0,0,0,Actinobacteriota,95.6,MAG
TARA_SAMEA2622733_METAG_AONAELJN,0,0,0,Chloroflexota,92.51,MAG
TARA_SAMEA2622733_METAG_OFLKOOJB,0,0,0,Chloroflexota,88.22,MAG
TARA_SAMEA2622733_METAG_BKNDGKIM,0,0,0,Verrucomicrobiota,88.32,MAG
TARA_SAMEA2622733_METAG_FIGINDBK,0,0,0,Acidobacteriota,87.64,MAG
TARA_SAMEA2622733_METAG_LGFLPKGE,0,0,0,Chloroflexota,87.53,MAG
TARA_SAMEA2622733_METAG_JMCMOOOD,0,0,0,Bacteria-Other,81.68,MAG
TARA_SAMEA2622733_METAG_EGJKFBCL,0,0,0,Gamma-Other,92.8,MAG
TARA_SAMEA2622733_METAG_OGJJKAGL,0,0,0,Chloroflexota,87.51,MAG
TARA_SAMEA2622733_METAG_LBCDINAL,0,0,0,Chloroflexota,85.18,MAG
TARA_SAMEA2622733_METAG_FHLKDINO,0,0,0,Planctomycetota,83.62,MAG
TARA_SAMEA2622733_METAG_IIADFOBD,0,0,0,Gamma-Other,90.44,MAG
TARA_SAMEA2622733_METAG_DOJIFHOJ,0,0,0,Chloroflexota,87.16,MAG
TARA_SAMEA2622733_METAG_HAKCPAJO,0,0,0,Verrucomicrobiota,84.38,MAG
TARA_SAMEA2622657_METAG_MPNHHEOA,0,0,0,Archaea-Poseidoniia MGIIa,87.29,MAG
TARA_SAMEA2622733_METAG_EHLLPBEO,0,0,0,Marinisomatota,79.24,MAG
TARA_SAMEA2622733_METAG_NOBDOPLI,0,0,0,Gamma-Other,76.61,MAG
TARA_SAMEA2621075_METAG_PKCJEMLE,0,0,0,Archaea-Poseidoniia MGIIa,79.94,MAG
TARA_SAMEA2622733_METAG_LGLFKMFP,0,0,0,Gamma-Other,80.75,MAG
TARA_SAMEA2622733_METAG_IGDOBBOA,0,0,0,Alpha-Pelagibacter,80.74,MAG
TARA_SAMEA2622733_METAG_ILJJNKEH,0,0,0,Chloroflexota,80.56,MAG
TARA_SAMEA2621075_METAG_IIFEAHIM,0,0,0,Archaea-Poseidoniia MGIIa,77.18,MAG
TARA_SAMEA2622733_METAG_ANOCHIKG,0,0,0,Alpha-Other,80.09,MAG
TARA_SAMEA2622733_METAG_HKJJAHKE,0,0,0,Chloroflexota,80.47,MAG
TARA_SAMEA2622733_METAG_KBCBEIHF,0,0,0,Marinisomatota,75.68,MAG
TARA_SAMEA2622733_METAG_PPGJLBDI,0,0,0,Bacteroidota,79.06,MAG
TARA_SAMEA2622452_METAG_KEOFIHDC,0,0,0,Archaea-Poseidoniia MGIIa,84.28,MAG
TARA_SAMEA2622316_METAG_CLKDFKMM,0,0,0,Archaea-Poseidoniia MGIIa,76.56,MAG
TARA_SAMEA2622316_METAG_IAFFKFBA,0,0,0,Archaea-Poseidoniia MGIIa,79.82,MAG
TARA_SAMEA2619952_METAG_GFIFJINL,0,0,0,Bacteroidota,94.21,MAG
TARA_SAMEA2619952_METAG_JPCHGGGP,0,0,0,Alpha-Puniceispirilla,90.28,MAG
TARA_SAMEA2619952_METAG_LKLFMCIK,0,0,0,Alpha-Rhodobacter,92.3,MAG
TARA_SAMEA2619952_METAG_LABCLOCM,0,0,0,Gamma-Other,95.34,MAG
TARA_SAMEA2619952_METAG_BHOBBIGO,0,0,0,Alpha-Other,90.13,MAG
TARA_SAMEA2619952_METAG_DGJFHAFM,0,0,0,Actinobacteriota,83.26,MAG
TARA_SAMEA2619952_METAG_ICDKJKBG,0,0,0,Gamma-Other,83.14,MAG
TARA_SAMEA2619952_METAG_AJMOKAJO,0,0,0,Archaea-Poseidoniia MGIIa,80.34,MAG
TARA_SAMEA2619952_METAG_KHPEHEIH,0,0,0,Gamma-Other,75.72,MAG
TARA_SAMEA2619952_METAG_AMNPEPCL,0,0,0,Gamma-Other,78.54,MAG
TARA_SAMEA2623135_METAG_DBIFLNPC,0,0,0,Archaea-Poseidoniia MGIIa,85.46,MAG
TARA_SAMEA2623774_METAG_IBBJLBOI,0,0,0,Bacteroidota,87.88,MAG
TARA_SAMEA2623774_METAG_BICNOJFA,0,0,0,Bacteroidota,82.54,MAG
TARA_SAMEA2623774_METAG_EPKIFLEP,0,0,0,Bacteroidota,78.8,MAG
TARA_SAMEA2623774_METAG_GLEEDMHL,0,0,0,Cyano-Pro,84.91,MAG
TARA_SAMEA2623774_METAG_KCPNEFLK,0,0,0,Marinisomatota,81.09,MAG
TARA_SAMEA2623774_METAG_DAEBBAPI,0,0,0,Marinisomatota,82.22,MAG
TARA_SAMEA2623774_METAG_IHINPAGN,0,0,0,Bacteroidota,80.27,MAG
TARA_SAMEA2619678_METAG_JACBLBKN,0,0,0,Archaea-Poseidoniia MGIIa,86.06,MAG
TARA_SAMEA2623774_METAG_ODFFAFBO,0,0,0,Gamma-Other,83.7,MAG
TARA_SAMEA2623774_METAG_MFICAMAK,0,0,0,Gamma-Other,76.16,MAG
TARA_SAMEA2621423_METAG_KCPFCFBK,0,0,0,Archaea-Poseidoniia MGIIa,86.8,MAG
TARA_SAMEA2620404_METAG_BFJCFKAC,0,0,0,Archaea-Poseidoniia MGIIa,86.54,MAG
TARA_SAMEA2620404_METAG_KCAOINCO,0,0,0,Archaea-Poseidoniia MGIIa,85.82,MAG
TARA_SAMEA2619376_METAG_DDMNADML,0,0,0,Archaea-Poseidoniia MGIIa,81.73,MAG
TARA_SAMEA2623673_METAG_BFAMLMFE,0,0,0,Bacteroidota,95.24,MAG
TARA_SAMEA2623673_METAG_INGMBOLI,0,0,0,Actinobacteriota,89.92,MAG
TARA_SAMEA2623673_METAG_LIGJOFMP,0,0,0,Marinisomatota,92.72,MAG
TARA_SAMEA2623673_METAG_NNKKAOGP,0,0,0,Planctomycetota,91.48,MAG
TARA_SAMEA2623673_METAG_IFFBDALD,0,0,0,Alpha-Other,90.1,MAG
TARA_SAMEA2623673_METAG_NHALGGCP,0,0,0,Actinobacteriota,86.11,MAG
TARA_SAMEA2623673_METAG_EODGEAMC,0,0,0,Bacteroidota,89.3,MAG
TARA_SAMEA2623673_METAG_GNDLGCEE,0,0,0,Marinisomatota,81.62,MAG
TARA_SAMEA2623673_METAG_NJKJGIDK,0,0,0,Alpha-Pelagibacter,85.83,MAG
TARA_SAMEA2623673_METAG_JMGKFHOG,0,0,0,Cyano-Pro,84.54,MAG
TARA_SAMEA2623673_METAG_DCIOEMAK,0,0,0,Alpha-Pelagibacter,80.56,MAG
TARA_SAMEA2620756_METAG_CHMJJKGB,0,0,0,Archaea-Poseidoniia MGIIa,85.86,MAG
TARA_SAMEA2623673_METAG_JKOCBELO,0,0,0,Actinobacteriota,77.35,MAG
TARA_SAMEA2623116_METAG_KPLLJEMN,0,0,0,Archaea-Poseidoniia MGIIa,86.49,MAG
TARA_SAMEA2623673_METAG_COIFPCOG,0,0,0,Bacteroidota,85.05,MAG
TARA_SAMEA2623673_METAG_DOLFGKPC,0,0,0,Actinobacteriota,77.06,MAG
TARA_SAMEA2623673_METAG_DNKJCGNK,0,0,0,Chloroflexota,79.7,MAG
TARA_SAMEA2623673_METAG_DJHFNGBK,0,0,0,Gamma-Other,83.13,MAG
TARA_SAMEA2619667_METAG_FIHLKHPI,0,0,0,Archaea-Poseidoniia MGIIa,82.15,MAG
TARA_SAMEA2622710_METAG_FDNKGOGD,0,0,0,Archaea-Poseidoniia MGIIa,87.22,MAG
TARA_SAMEA2623513_METAG_PGGKNGAJ,1,1,1,Gamma-Alteromonas,81.37,MAG
TARA_SAMEA2623513_METAG_FDEOGPKP,0,0,0,Alpha-Other,83.07,MAG
TARA_SAMEA2623513_METAG_NMOIBMCD,0,0,0,Gamma-Other,91.82,MAG
TARA_SAMEA2623513_METAG_LACDOPAO,0,0,0,SAR324,83.86,MAG
TARA_SAMEA2621536_METAG_ECBGEDBK,0,0,0,Bacteroidota,97.21,MAG
TARA_SAMEA2621536_METAG_KLKANNOC,0,0,0,Bacteroidota,96.28,MAG
TARA_SAMEA2621536_METAG_AMHKKGFA,0,0,0,Bacteroidota,92.55,MAG
TARA_SAMEA2621536_METAG_MFGPAFPA,0,0,0,Alpha-Rhodobacter,81.97,MAG
TARA_SAMEA2621536_METAG_MEJOKHMI,0,0,0,Bacteroidota,77.34,MAG
TARA_SAMEA2622149_METAG_NFDLNHDH,0,0,0,Chloroflexota,95.4,MAG
TARA_SAMEA2622149_METAG_OIKOONDL,0,0,0,Actinobacteriota,94.42,MAG
TARA_SAMEA2622149_METAG_IIKHAJAF,1,1,1,Gamma-Alteromonas,82.46,MAG
TARA_SAMEA2622149_METAG_IFAHONIA,0,0,0,Planctomycetota,91.89,MAG
TARA_SAMEA2622149_METAG_CKKMICBI,0,0,0,Gamma-Other,92.8,MAG
TARA_SAMEA2622149_METAG_PDNNHHPM,0,0,0,Gemmatimonadota,92.3,MAG
TARA_SAMEA2622149_METAG_GPKILDCF,0,0,0,Gamma-Other,83.6,MAG
TARA_SAMEA2622149_METAG_LIDCFEMF,0,0,0,Acidobacteriota,86.94,MAG
TARA_SAMEA2622149_METAG_IEHGJKGC,0,0,0,Verrucomicrobiota,87.95,MAG
TARA_SAMEA2622710_METAG_OHCLNMPK,0,0,0,Archaea-Poseidoniia MGIIa,87.31,MAG
TARA_SAMEA2622710_METAG_ACBMJHKH,0,0,0,Archaea-Poseidoniia MGIIa,84.13,MAG
TARA_SAMEA2622710_METAG_OKFDFBMK,0,0,0,Archaea-Poseidoniia MGIIa,86.31,MAG
TARA_SAMEA2622149_METAG_IOABPIIP,0,0,0,Gamma-Other,87.76,MAG
TARA_SAMEA2622149_METAG_PGGLGKJL,0,0,0,Acidobacteriota,78.18,MAG
TARA_SAMEA2622710_METAG_ONJIOCIF,0,0,0,Archaea-Poseidoniia MGIIa,82.32,MAG
TARA_SAMEA2622710_METAG_HEGMNFJF,0,0,0,Archaea-Poseidoniia MGIIa,81.98,MAG
TARA_SAMEA2591057_METAG_BENJGCBD,0,0,0,Bacteroidota,97.84,MAG
TARA_SAMEA2591057_METAG_LCDGELFE,0,0,0,Verrucomicrobiota,97.21,MAG
TARA_SAMEA2591057_METAG_KOGJDGPH,0,0,0,Planctomycetota,89.69,MAG
TARA_SAMEA2591057_METAG_FACFLIHF,0,0,0,Alpha-Rhodobacter,91.74,MAG
TARA_SAMEA2591057_METAG_LPNJJIEA,0,0,0,Gamma-Other,86.44,MAG
TARA_SAMEA2591057_METAG_KACAHIGP,0,0,0,Alpha-Other,89.93,MAG
TARA_SAMEA2591057_METAG_NKMAFOHB,0,0,0,Bacteroidota,91.24,MAG
TARA_SAMEA2591057_METAG_IDMHNKLO,0,0,0,Bacteroidota,91.44,MAG
TARA_SAMEA2591057_METAG_MOBGNAMB,0,0,0,Gamma-Other,89.6,MAG
TARA_SAMEA2591057_METAG_NHGLBGIG,0,0,0,Bacteroidota,86.48,MAG
TARA_SAMEA2591057_METAG_NAKNIJEM,0,0,0,Gamma-Other,88.48,MAG
TARA_SAMEA2591057_METAG_FBCCHELE,0,0,0,Gamma-Other,86.99,MAG
TARA_SAMEA2591057_METAG_BPLGMOGF,0,0,0,Gamma-Other,85.72,MAG
TARA_SAMEA2591057_METAG_EKMGAGKB,0,0,0,Bacteroidota,84.18,MAG
TARA_SAMEA2591057_METAG_DDJEJGDK,0,0,0,Actinobacteriota,81.87,MAG
TARA_SAMEA2591057_METAG_ONCCHFBJ,0,0,0,Bacteroidota,78.88,MAG
TARA_SAMEA2591057_METAG_GCIAKBCO,0,0,0,Bacteroidota,76.16,MAG
TARA_SAMEA2622710_METAG_PKCKIJFK,0,0,0,Archaea-Poseidoniia MGIIa,77.26,MAG
TARA_SAMEA2620828_METAG_KDOOEDON,0,0,0,Marinisomatota,81.4,MAG
TARA_SAMEA2622710_METAG_PDJOCHPB,0,0,0,Archaea-Poseidoniia MGIIa,79.16,MAG
TARA_SAMEA2621132_METAG_NLCCBKKH,0,0,0,Archaea-Poseidoniia MGIIa,86.38,MAG
TARA_SAMEA2622173_METAG_MDCOMCHF,0,0,0,Archaea-Poseidoniia MGIIa,88.82,MAG
TARA_SAMEA2621013_METAG_KICEOAFA,0,0,0,Marinisomatota,89.97,MAG
TARA_SAMEA2621013_METAG_KBBKPBHP,0,0,0,Gamma-Other,80.78,MAG
TARA_SAMEA2622173_METAG_MDCAKINM,0,0,0,Archaea-Poseidoniia MGIIa,85.81,MAG
TARA_SAMEA2621013_METAG_AECMHLBJ,0,0,0,Verrucomicrobiota,75.82,MAG
TARA_SAMEA2620194_METAG_LDIFMLLO,0,0,0,Archaea-Poseidoniia MGIIa,85.99,MAG
TARA_SAMEA2623808_METAG_OGBBIKLM,0,0,0,Archaea-Poseidoniia MGIIa,84.48,MAG
TARA_SAMEA2620000_METAG_OMHCLCAF,0,0,0,Alpha-Rhodobacter,77.97,MAG
TARA_SAMEA2620000_METAG_LFNMEJOK,0,0,0,Alpha-Other,88,MAG
TARA_SAMEA2620000_METAG_EDHJCBMK,0,0,0,Actinobacteriota,83.24,MAG
TARA_SAMEA2620000_METAG_JIAFHDFN,0,0,0,Verrucomicrobiota,77.89,MAG
TARA_SAMEA2623734_METAG_NFKFPMLH,0,0,0,Archaea-Poseidoniia MGIIa,87.11,MAG
TARA_SAMEA2623734_METAG_GNHKKFDK,0,0,0,Archaea-Poseidoniia MGIIa,77.5,MAG
TARA_SAMEA2622923_METAG_OMKPLBCI,0,0,0,Archaea-Poseidoniia MGIIa,87.42,MAG
TARA_SAMEA2622021_METAG_MNGGKDJE,0,0,0,Chloroflexota,91.06,MAG
TARA_SAMEA2622021_METAG_EEHBEFPG,0,0,0,Marinisomatota,83.82,MAG
TARA_SAMEA2622021_METAG_OEBPDENL,1,1,1,Verrucomicrobiota,78.78,MAG
TARA_SAMEA2622021_METAG_NGPAAMPJ,0,0,0,Verrucomicrobiota,78.08,MAG
TARA_SAMEA2622021_METAG_OKNMJKIE,0,0,0,Marinisomatota,79.1,MAG
TARA_SAMEA2622021_METAG_GIJMHGIC,0,0,0,Bacteroidota,84.08,MAG
TARA_SAMEA2622923_METAG_FLCPGHEG,0,0,0,Archaea-Poseidoniia MGIIa,75.32,MAG
TARA_SAMEA2622817_METAG_INMBLLNF,0,0,0,Archaea-Poseidoniia MGIIa,75.12,MAG
TARA_SAMEA2622817_METAG_NDCGHCPM,0,0,0,Archaea-Poseidoniia MGIIa,79.81,MAG
TARA_SAMEA2623850_METAG_BDBABECM,0,0,0,Archaea-Poseidoniia MGIIa,86.54,MAG
TARA_SAMEA2623370_METAG_KOCGLKGB,0,0,0,Marinisomatota,91.1,MAG
TARA_SAMEA2619802_METAG_FGODCJJD,0,0,0,Archaea-Poseidoniia MGIIa,84.65,MAG
TARA_SAMEA2623370_METAG_BGGPHFHM,1,1,1,Gamma-Alteromonas,76.81,MAG
TARA_SAMEA2623370_METAG_BAAHDLLF,0,0,0,SAR324,87.32,MAG
TARA_SAMEA2623826_METAG_LMKHKGLG,0,0,0,Archaea-Poseidoniia MGIIa,84.36,MAG
TARA_SAMEA2622652_METAG_OIHHHKEK,0,0,0,Archaea-Poseidoniia MGIIa,87.69,MAG
TARA_SAMEA2623370_METAG_EOBGDDNA,0,0,0,SAR324,81.36,MAG
TARA_SAMEA2622766_METAG_OOCHMLOA,0,0,0,Archaea-Poseidoniia MGIIa,88,MAG
TARA_SAMEA2622766_METAG_PENODADP,0,0,0,Archaea-Poseidoniia MGIIa,83.78,MAG
TARA_SAMEA2622766_METAG_PMOCFEPI,0,0,0,Archaea-Poseidoniia MGIIa,85.51,MAG
TARA_SAMEA2622766_METAG_MEPOHGNK,0,0,0,Archaea-Poseidoniia MGIIa,81.72,MAG
TARA_SAMEA2623275_METAG_LOIMBHLI,0,0,0,Archaea-Poseidoniia MGIIa,79.03,MAG
TARA_SAMEA2623155_METAG_BFOOMKPG,0,0,0,Gamma-Other,97.36,MAG
TARA_SAMEA2623155_METAG_GEOMPDDA,0,0,0,Actinobacteriota,88.78,MAG
TARA_SAMEA2623155_METAG_IBEEDPAH,0,0,0,Bacteria-Other,85.32,MAG
TARA_SAMEA2623155_METAG_MLJGDHKJ,0,0,0,Acidobacteriota,87.82,MAG
TARA_SAMEA2623155_METAG_HDJJLLJM,1,1,1,Gamma-Alteromonas,80.36,MAG
TARA_SAMEA2623155_METAG_EFDCCEAC,0,0,0,Acidobacteriota,80.5,MAG
TARA_SAMEA2622402_METAG_EMHCGBHH,0,0,0,Archaea-Poseidoniia MGIIa,87.07,MAG
TARA_SAMEA2622402_METAG_DLKMEKEO,0,0,0,Archaea-Poseidoniia MGIIa,78.22,MAG
TARA_SAMEA2619818_METAG_LCEEBJDG,0,0,0,Bacteroidota,89.58,MAG
TARA_SAMEA2619818_METAG_ALCIDJBK,0,0,0,Marinisomatota,88.73,MAG
TARA_SAMEA2622097_METAG_BLHADOEN,0,0,0,Archaea-Poseidoniia MGIIa,81.21,MAG
TARA_SAMEA2622901_METAG_FIFJGLHL,0,0,0,Archaea-Poseidoniia MGIIa,87.51,MAG
TARA_SAMEA2591122_METAG_ANOLCGLA,0,0,0,Marinisomatota,95.66,MAG
TARA_SAMEA2591122_METAG_JMBIKMLF,0,0,0,Alpha-Pelagibacter,96.29,MAG
TARA_SAMEA2591122_METAG_PPCJHPAM,0,0,0,Alpha-Pelagibacter,93.08,MAG
TARA_SAMEA2591122_METAG_MBECNJKK,0,0,0,Alpha-Other,96.02,MAG
TARA_SAMEA2591122_METAG_JICKCNOO,0,0,0,Gamma-Other,89.83,MAG
TARA_SAMEA2591122_METAG_GCCLMDAK,0,0,0,Alpha-Pelagibacter,92.07,MAG
TARA_SAMEA2591122_METAG_ICOIILAN,0,0,0,Alpha-Other,89.14,MAG
TARA_SAMEA2591122_METAG_GODHJKPI,0,0,0,Alpha-Other,89.56,MAG
TARA_SAMEA2591122_METAG_EJADDHAK,0,0,0,Gamma-Other,93.48,MAG
TARA_SAMEA2591122_METAG_PAEKOHII,0,0,0,Alpha-Rhodobacter-LowGC,89.74,MAG
TARA_SAMEA2591122_METAG_IMNFBPFI,0,0,0,Alpha-Puniceispirilla,84.94,MAG
TARA_SAMEA2591122_METAG_MIJJPINO,0,0,0,Alpha-Pelagibacter,82.22,MAG
TARA_SAMEA2591122_METAG_NMMBMPCC,0,0,0,Alpha-Pelagibacter,88.7,MAG
TARA_SAMEA2591122_METAG_HJCEHDIJ,0,0,0,Gamma-Other,88.66,MAG
TARA_SAMEA2591122_METAG_MMMCCHCC,0,0,0,Gamma-Other,89.24,MAG
TARA_SAMEA2591122_METAG_NBNAGNEA,0,0,0,Gamma-Other,86.38,MAG
TARA_SAMEA2591122_METAG_ECMHHJPB,0,0,0,Alpha-Pelagibacter,76.85,MAG
TARA_SAMEA2591122_METAG_ANLACNHN,0,0,0,Bacteroidota,86.5,MAG
TARA_SAMEA2591122_METAG_FOEIEFKC,0,0,0,Bacteroidota,83.92,MAG
TARA_SAMEA2591122_METAG_NCNNALDL,0,0,0,Gamma-Other,81.98,MAG
TARA_SAMEA2591122_METAG_JALEKLKN,0,0,0,Bacteroidota,83.22,MAG
TARA_SAMEA2591122_METAG_OHDOBOMF,0,0,0,Bacteroidota,79.6,MAG
TARA_SAMEA2591122_METAG_BAJAKJIO,0,0,0,Gamma-SAR86,83.01,MAG
TARA_SAMEA2591122_METAG_CGMCIJKG,0,0,0,Bacteroidota,78.67,MAG
TARA_SAMEA2591122_METAG_KADCMMAD,0,0,0,Gamma-Other,75.13,MAG
TARA_SAMEA2591122_METAG_BEJDICAG,0,0,0,Bacteroidota,77.1,MAG
TARA_SAMEA2620666_METAG_GIDMECPM,1,1,1,Alpha-Other,98.38,MAG
TARA_SAMEA2620666_METAG_HBJCCDFM,0,0,0,Alpha-Other,80.23,MAG
TARA_SAMEA2620666_METAG_EDMBPCLD,0,0,0,Alpha-Other,92.7,MAG
TARA_SAMEA2620666_METAG_HCLNGLEM,0,0,0,Alpha-Other,81.4,MAG
TARA_SAMEA2620666_METAG_IDMCLKOP,0,0,0,Alpha-Other,78.99,MAG
TARA_SAMEA2620666_METAG_JDAOHMFK,0,0,0,Acidobacteriota,88.36,MAG
TARA_SAMEA2620666_METAG_MHALIFGG,0,0,0,Bacteroidota,77.49,MAG
TARA_SAMEA2620666_METAG_FPEJMKDL,0,0,0,Acidobacteriota,78.42,MAG
TARA_SAMEA2623135_METAG_DJILNNCH,1,1,1,Gamma-Alteromonas,93.28,MAG
TARA_SAMEA2623135_METAG_LIHAJBCB,0,0,0,Actinobacteriota,93.7,MAG
TARA_SAMEA2623135_METAG_ILGMCAFG,0,0,0,Actinobacteriota,91.8,MAG
TARA_SAMEA2623135_METAG_PFHELBOM,0,0,0,Alpha-Rhodobacter,90.78,MAG
TARA_SAMEA2623135_METAG_INFNDBEE,0,0,0,Alpha-Other,78.84,MAG
TARA_SAMEA2623135_METAG_EAMPBOMI,0,0,0,Gamma-SAR92,91.16,MAG
TARA_SAMEA2623135_METAG_ANJHBMPE,0,0,0,Bacteroidota,87.2,MAG
TARA_SAMEA2623135_METAG_OLKJEGEJ,0,0,0,Bacteroidota,84.55,MAG
TARA_SAMEA2623135_METAG_JMHBOOIH,0,0,0,Alpha-Rhodobacter,88.32,MAG
TARA_SAMEA2623135_METAG_KCHDOGHJ,0,0,0,Bacteroidota,81.78,MAG
TARA_SAMEA2623135_METAG_LMIIDOFF,0,0,0,Bacteroidota,77.07,MAG
TARA_SAMEA2622901_METAG_FECIDACJ,0,0,0,Archaea-Poseidoniia MGIIa,81.8,MAG
TARA_SAMEA2622901_METAG_OKBEMOOG,0,0,0,Archaea-Poseidoniia MGIIa,80.51,MAG
TARA_SAMEA2623135_METAG_DADOBLON,0,0,0,Actinobacteriota,80.24,MAG
TARA_SAMEA2623135_METAG_HHGLAAPG,0,0,0,Gamma-Other,77.16,MAG
TARA_SAMEA2623135_METAG_MEEFMGGO,0,0,0,Gamma-Other,80.83,MAG
TARA_SAMEA2621272_METAG_JHDKFIOH,0,0,0,Archaea-Poseidoniia MGIIa,83.04,MAG
TARA_SAMEA2620542_METAG_AOONEMNA,0,0,0,Archaea-Poseidoniia MGIIa,85.88,MAG
TARA_SAMEA2619531_METAG_NLGHPFAJ,0,0,0,Archaea-Poseidoniia MGIIa,84.92,MAG
TARA_SAMEA2621066_METAG_LHDLGKIF,0,0,0,Archaea-Poseidoniia MGIIa,86.69,MAG
TARA_SAMEA2621066_METAG_LNNBJPGJ,0,0,0,Archaea-Poseidoniia MGIIa,85.56,MAG
TARA_SAMEA2619678_METAG_LACPHMHC,0,0,0,Actinobacteriota,97.28,MAG
TARA_SAMEA2619678_METAG_HJDGIOGM,0,0,0,Actinobacteriota,97.38,MAG
TARA_SAMEA2619678_METAG_FFAKJHIK,0,0,0,Actinobacteriota,91.54,MAG
TARA_SAMEA2619678_METAG_AMMAMHCO,0,0,0,Marinisomatota,87.52,MAG
TARA_SAMEA2619678_METAG_GKMOFLDJ,0,0,0,Marinisomatota,92.92,MAG
TARA_SAMEA2619678_METAG_FFMALPED,0,0,0,Gamma-Other,93.57,MAG
TARA_SAMEA2619678_METAG_EHMDLEPA,0,0,0,Marinisomatota,90.44,MAG
TARA_SAMEA2619678_METAG_GPOFNDGD,0,0,0,Marinisomatota,84.28,MAG
TARA_SAMEA2619678_METAG_FDADEHOI,0,0,0,Alpha-Other,92.04,MAG
TARA_SAMEA2619678_METAG_JOFNFOFC,0,0,0,Dadabacteria,91.25,MAG
TARA_SAMEA2619678_METAG_MGLOKFGP,0,0,0,Alpha-Other,91.51,MAG
TARA_SAMEA2619678_METAG_MLKDCDEL,0,0,0,Bacteroidota,87.55,MAG
TARA_SAMEA2619678_METAG_HEGLPLOC,0,0,0,Bacteroidota,88.66,MAG
TARA_SAMEA2619678_METAG_IEFGHKGJ,0,0,0,Bacteroidota,85.36,MAG
TARA_SAMEA2619678_METAG_JAKHEFAP,0,0,0,Bacteroidota,81.22,MAG
TARA_SAMEA2619678_METAG_MCFLGCJO,0,0,0,Gamma-Other,86.2,MAG
TARA_SAMEA2619678_METAG_PNNLLLND,0,0,0,Alpha-Pelagibacter,85.45,MAG
TARA_SAMEA2619678_METAG_JMGFLJEL,0,0,0,Gamma-Other,75.79,MAG
TARA_SAMEA2619678_METAG_BJMDFJPD,0,0,0,Gamma-SAR86,78.53,MAG
TARA_SAMEA2621066_METAG_EDBKMBMH,0,0,0,Archaea-Poseidoniia MGIIa,85.67,MAG
TARA_SAMEA2620651_METAG_GJMCFJKO,0,0,0,Archaea-Poseidoniia MGIIa,76.58,MAG
TARA_SAMEA2620651_METAG_JHDMCGLG,0,0,0,Archaea-Poseidoniia MGIIa,83.16,MAG
TARA_SAMEA2622568_METAG_ECALKDFJ,0,0,0,Bacteroidota,92.84,MAG
TARA_SAMEA2622568_METAG_DIBMGPDO,1,1,1,Gamma-Alteromonas,87.56,MAG
TARA_SAMEA2622568_METAG_CPLMNEMC,0,0,0,Alpha-Other,83.92,MAG
TARA_SAMEA2622568_METAG_KGFPOIGD,0,0,0,SAR324,91.4,MAG
TARA_SAMEA2622568_METAG_ICLOCICH,0,0,0,Gamma-Other,87.84,MAG
TARA_SAMEA2622568_METAG_PKHEICIF,0,0,0,Alpha-Other,88.46,MAG
TARA_SAMEA2622568_METAG_BDKPPLKB,0,0,0,Alpha-Other,84.73,MAG
TARA_SAMEA2622568_METAG_EPDEOAGL,0,0,0,Alpha-Other,80.16,MAG
TARA_SAMEA2622568_METAG_DIHKDKEO,0,0,0,Planctomycetota,81.66,MAG
TARA_SAMEA2622568_METAG_DFEBOEJC,0,0,0,Alpha-Other,78.18,MAG
TARA_SAMEA4397157_METAG_FKHJODFH,0,0,0,Archaea-Poseidoniia MGIIa,80.21,MAG
TARA_SAMEA2620672_METAG_GCIIDFDE,0,0,0,Bacteroidota,92.16,MAG
TARA_SAMEA2620672_METAG_IPAANMMB,0,0,0,Alpha-Puniceispirilla,91.27,MAG
TARA_SAMEA2620672_METAG_BDCPJJCM,0,0,0,Marinisomatota,87.49,MAG
TARA_SAMEA2620672_METAG_PBMJEAPL,0,0,0,SAR324,88.62,MAG
TARA_SAMEA2620672_METAG_AOHGINDL,0,0,0,Bacteroidota,85.14,MAG
TARA_SAMEA2620672_METAG_NHMKEEDB,0,0,0,Verrucomicrobiota,84.12,MAG
TARA_SAMEA2620672_METAG_FJBJMAJD,0,0,0,Actinobacteriota,79.72,MAG
TARA_SAMEA4397516_METAG_PCHKCDEM,0,0,0,Archaea-Poseidoniia MGIIa,79.68,MAG
TARA_SAMEA4396971_METAG_HMNPJHNF,0,0,0,Archaea-Poseidoniia MGIIa,84.44,MAG
TARA_SAMEA4396971_METAG_JKFBAOFD,0,0,0,Archaea-Poseidoniia MGIIa,85.82,MAG
TARA_SAMEA2621423_METAG_LDNNBEOA,0,0,0,Bacteroidota,97.66,MAG
TARA_SAMEA2621423_METAG_OFHPKJCE,0,0,0,Bacteroidota,97.48,MAG
TARA_SAMEA2621423_METAG_FCGBCPDP,0,0,0,Bacteroidota,96.14,MAG
TARA_SAMEA2621423_METAG_FJIAIFKN,0,0,0,Bacteroidota,81.57,MAG
TARA_SAMEA2621423_METAG_IGMJFLMF,0,0,0,Alpha-Rhodobacter,81.18,MAG
TARA_SAMEA2621423_METAG_EHHFHMPE,0,0,0,Gamma-SAR92,84.95,MAG
TARA_SAMEA2621423_METAG_OKJIDAJN,0,0,0,Bacteroidota,89.94,MAG
TARA_SAMEA2621423_METAG_JMGEHEDN,0,0,0,Bacteroidota,81.06,MAG
TARA_SAMEA2621423_METAG_AFDCDHJC,0,0,0,Bacteroidota,75.96,MAG
TARA_SAMEA2621423_METAG_OLLADKDM,0,0,0,Bacteroidota,85.29,MAG
TARA_SAMEA2621423_METAG_ONBJOMLL,0,0,0,Alpha-Pelagibacter,76.12,MAG
TARA_SAMEA4396496_METAG_KFMNJOBP,0,0,0,Archaea-Poseidoniia MGIIa,76.74,MAG
TARA_SAMEA2621423_METAG_EBJNGEMP,0,0,0,Gamma-Other,79.51,MAG
TARA_SAMEA4398296_METAG_BMABELHH,0,0,0,Archaea-Poseidoniia MGIIa,82.5,MAG
TARA_SAMEA2620404_METAG_GAPCBJOG,0,0,0,Alpha-Other,94.72,MAG
TARA_SAMEA2620404_METAG_DKIJCKCK,0,0,0,Bacteroidota,93.99,MAG
TARA_SAMEA2620404_METAG_BJHJNJFG,0,0,0,Gamma-Other,88.21,MAG
TARA_SAMEA2620404_METAG_BNKCJEHO,0,0,0,Alpha-Rhodobacter,75.24,MAG
TARA_SAMEA2620404_METAG_IBGDKLAC,0,0,0,Gamma-Other,86.59,MAG
TARA_SAMEA2620404_METAG_FGFLPBDO,0,0,0,Verrucomicrobiota,81.06,MAG
TARA_SAMEA2620404_METAG_EPPGAELI,0,0,0,Alpha-Other,78.27,MAG
TARA_SAMEA2620404_METAG_ENJOBPAI,0,0,0,Gamma-Other,79.4,MAG
TARA_SAMEA2619376_METAG_NPKFPHDM,0,0,0,Bacteroidota,94.52,MAG
TARA_SAMEA2619376_METAG_BBLNDJBH,0,0,0,Alpha-Rhodobacter-LowGC,95.22,MAG
TARA_SAMEA2619376_METAG_MCHHHBNN,0,0,0,Alpha-Other,93.21,MAG
TARA_SAMEA2619376_METAG_OGEFHGLI,0,0,0,Gamma-Other,76.37,MAG
TARA_SAMEA2619376_METAG_ANIKLBKG,0,0,0,Gamma-Other,87.68,MAG
TARA_SAMEA2619376_METAG_GOHNCCFB,0,0,0,Gamma-Other,88.65,MAG
TARA_SAMEA2619376_METAG_MCIFDNEJ,0,0,0,Actinobacteriota,83.96,MAG
TARA_SAMEA2619376_METAG_CJLPMJMI,0,0,0,Alpha-Pelagibacter,80.68,MAG
TARA_SAMEA2619376_METAG_HKHKAEMO,0,0,0,Actinobacteriota,82.62,MAG
TARA_SAMEA2619376_METAG_LGMMMOPD,0,0,0,Bacteroidota,78.78,MAG
TARA_SAMEA2619376_METAG_NAGCFAOJ,0,0,0,Bacteroidota,81.57,MAG
TARA_SAMEA2619376_METAG_JBCLCCBC,0,0,0,Bacteroidota,82.57,MAG
TARA_SAMEA2619376_METAG_NPNCPCEK,0,0,0,Gamma-Other,75.82,MAG
TARA_SAMEA2619376_METAG_OAAJKCLP,0,0,0,Gamma-Other,76.6,MAG
TARA_SAMEA2620756_METAG_IMMFPNDJ,0,0,0,Bacteroidota,92.63,MAG
TARA_SAMEA2620756_METAG_POOIIACE,0,0,0,Bacteroidota,95.34,MAG
TARA_SAMEA2620756_METAG_OFLJDIBF,0,0,0,Marinisomatota,90.94,MAG
TARA_SAMEA2620756_METAG_KEAPNKDI,0,0,0,Alpha-Rhodobacter,87.38,MAG
TARA_SAMEA2620756_METAG_FFMHGGAG,0,0,0,Chloroflexota,83.99,MAG
TARA_SAMEA2620756_METAG_AHPDLFME,0,0,0,Bacteroidota,82.69,MAG
TARA_SAMEA4398370_METAG_ICNNNODH,0,0,0,Archaea-Poseidoniia MGIIa,87.18,MAG
TARA_SAMEA4398370_METAG_LOPBMANN,0,0,0,Archaea-Poseidoniia MGIIa,85.82,MAG
TARA_SAMEA2620995_METAG_EEGILLHP,1,1,1,Gamma-Other,96.6,MAG
TARA_SAMEA2620995_METAG_CHEINEMJ,0,0,0,Gamma-Other,92.33,MAG
TARA_SAMEA2620995_METAG_BAJGIMJI,0,0,0,Bacteria-Other,80.64,MAG
TARA_SAMEA2620995_METAG_MINDLNBM,0,0,0,Gemmatimonadota,81.28,MAG
TARA_SAMEA2620995_METAG_MHNGDAJC,0,0,0,Bacteroidota,81.9,MAG
TARA_SAMEA2620995_METAG_KPPAOIFC,0,0,0,Verrucomicrobiota,78.34,MAG
TARA_SAMEA2620995_METAG_MDCBFDMI,0,0,0,Bacteroidota,77.02,MAG
TARA_SAMEA2623116_METAG_LCHCHCLK,0,0,0,Bacteroidota,97.35,MAG
TARA_SAMEA2623116_METAG_EOBOOHOI,0,0,0,Bacteroidota,95.74,MAG
TARA_SAMEA2623116_METAG_PKFJONFM,0,0,0,Bacteroidota,94.27,MAG
TARA_SAMEA2623116_METAG_EKHKFBBO,0,0,0,Alpha-Pelagibacter,92.68,MAG
TARA_SAMEA2623116_METAG_IGOOBNLI,0,0,0,Alpha-Other,94.69,MAG
TARA_SAMEA2623116_METAG_EICKCBBD,0,0,0,Bacteroidota,88.74,MAG
TARA_SAMEA2623116_METAG_MIGMGHMD,0,0,0,Gamma-Other,86.76,MAG
TARA_SAMEA2623116_METAG_CBIBJFOP,0,0,0,Alpha-Pelagibacter,83.83,MAG
TARA_SAMEA2623116_METAG_HPDEEJHG,0,0,0,Gamma-Other,93.21,MAG
TARA_SAMEA2623116_METAG_PAGKDFNI,0,0,0,Gamma-SAR92,90.98,MAG
TARA_SAMEA2623116_METAG_BNFMNJME,0,0,0,Bacteroidota,80.76,MAG
TARA_SAMEA2623116_METAG_KDGFJIJM,0,0,0,Bacteroidota,88.17,MAG
TARA_SAMEA2623116_METAG_NIJBHEFL,0,0,0,Gamma-Other,83.43,MAG
TARA_SAMEA2623116_METAG_CEBKNMEO,0,0,0,Bacteroidota,86.5,MAG
TARA_SAMEA2623116_METAG_ENFCKONC,0,0,0,Gamma-Other,92.34,MAG
TARA_SAMEA2623116_METAG_CMBAEHKJ,0,0,0,Alpha-Other,86.49,MAG
TARA_SAMEA2623116_METAG_BPALAOKI,0,0,0,Gamma-Other,80.01,MAG
TARA_SAMEA2623116_METAG_OJCBPGON,0,0,0,Gamma-Other,80.31,MAG
TARA_SAMEA2623116_METAG_GCHAHDDH,0,0,0,Alpha-Rhodobacter,77.28,MAG
TARA_SAMEA2623116_METAG_DJGGDMPC,0,0,0,Bacteroidota,76.68,MAG
TARA_SAMEA2623116_METAG_IKMOKOEB,0,0,0,Alpha-Rhodobacter,82.98,MAG
TARA_SAMEA2623116_METAG_MHHMMAML,0,0,0,Gamma-Other,76.5,MAG
TARA_SAMEA2623116_METAG_KLDJNGCB,0,0,0,Bacteroidota,79.43,MAG
TARA_SAMEA4398370_METAG_IGAGNBNH,0,0,0,Archaea-Poseidoniia MGIIa,82.58,MAG
TARA_SAMEA2621509_METAG_FOAHGEMA,0,0,0,Bacteroidota,93.9,MAG
TARA_SAMEA2621509_METAG_JMBCMGEH,0,0,0,Bacteroidota,84.59,MAG
TARA_SAMEA2621509_METAG_EHDBKLHN,0,0,0,Alpha-Rhodobacter,76.73,MAG
TARA_SAMEA2621509_METAG_MPBCKPHO,0,0,0,Alpha-Rhodobacter-LowGC,80.16,MAG
TARA_SAMEA2621509_METAG_KCJLCHJJ,0,0,0,Alpha-Rhodobacter,80.3,MAG
TARA_SAMEA2622478_METAG_OEBMNELG,1,1,1,Gamma-Alteromonas,98.08,MAG
TARA_SAMEA2622478_METAG_DPEBIKDF,0,0,0,Alpha-Pelagibacter,93.34,MAG
TARA_SAMEA2622478_METAG_NPGAMBBK,0,0,0,Actinobacteriota,89.7,MAG
TARA_SAMEA2622478_METAG_ANLHKCAF,0,0,0,Bacteroidota,91,MAG
TARA_SAMEA2622478_METAG_HPIBJEIO,0,0,0,Marinisomatota,89.02,MAG
TARA_SAMEA2622478_METAG_LFDEFLDE,0,0,0,Alpha-Pelagibacter,82.7,MAG
TARA_SAMEA2622478_METAG_LICFINKM,0,0,0,Alpha-Pelagibacter,78.33,MAG
TARA_SAMEA2622478_METAG_DAMJPKAM,0,0,0,Alpha-Pelagibacter,86.02,MAG
TARA_SAMEA2622478_METAG_FHJCIGGM,0,0,0,Chloroflexota,84.42,MAG
TARA_SAMEA4398067_METAG_JAIPMHLG,0,0,0,Archaea-Poseidoniia MGIIa,84.28,MAG
TARA_SAMEA2622478_METAG_KMDMKKDB,0,0,0,Alpha-Pelagibacter,76.78,MAG
TARA_SAMEA2622478_METAG_CPMMNGEO,0,0,0,Chloroflexota,82.66,MAG
TARA_SAMEA2622478_METAG_MDMMPBEA,0,0,0,Gamma-Other,81.72,MAG
TARA_SAMEA4396538_METAG_PONDEMHO,0,0,0,Archaea-Poseidoniia MGIIa,85.1,MAG
TARA_SAMEA4398341_METAG_EINGMMNB,0,0,0,Archaea-Poseidoniia MGIIa,86.74,MAG
BGEO_SAMN07136951_METAG_KDAFMCGF,0,0,0,Archaea-Poseidoniia MGIIa,77.04,MAG
BGEO_SAMN07136913_METAG_OCKKELDB,0,0,0,Archaea-Poseidoniia MGIIa,84.2,MAG
TARA_SAMEA2619667_METAG_KKMOLIMA,0,0,0,Actinobacteriota,97.28,MAG
TARA_SAMEA2619667_METAG_CHMFIJAD,0,0,0,Actinobacteriota,95.98,MAG
TARA_SAMEA2619667_METAG_HKFELDGC,0,0,0,Actinobacteriota,97.38,MAG
TARA_SAMEA2619667_METAG_LOEGNDJE,0,0,0,Marinisomatota,94.74,MAG
TARA_SAMEA2619667_METAG_MENAJEGE,0,0,0,Alpha-Pelagibacter,91.35,MAG
TARA_SAMEA2619667_METAG_OFHPMPBA,0,0,0,Gamma-Other,82.86,MAG
TARA_SAMEA2619667_METAG_MDAEJKOM,0,0,0,Marinisomatota,89.27,MAG
TARA_SAMEA2619667_METAG_BEPHNJNN,0,0,0,Alpha-Other,91.87,MAG
TARA_SAMEA2619667_METAG_BJNMOFBN,0,0,0,Alpha-Other,86.96,MAG
TARA_SAMEA2619667_METAG_BPBCELAF,0,0,0,Alpha-Other,91.25,MAG
TARA_SAMEA2619667_METAG_HHMIEAMK,0,0,0,Dadabacteria,90.82,MAG
TARA_SAMEA2619667_METAG_OGCCKILL,0,0,0,Marinisomatota,81.69,MAG
TARA_SAMEA2619667_METAG_FMCFKGMA,0,0,0,Bacteroidota,87.18,MAG
TARA_SAMEA2619667_METAG_EBHMIBEG,0,0,0,Gamma-Other,86.86,MAG
TARA_SAMEA2619667_METAG_PILDBALJ,0,0,0,Gamma-Other,86.49,MAG
TARA_SAMEA2619667_METAG_PFFEFFKL,0,0,0,Gamma-Other,84.04,MAG
TARA_SAMEA2619667_METAG_CPMOCAPN,0,0,0,Bacteroidota,83.24,MAG
TARA_SAMN05326644_METAG_PON00033,0,0,0,Archaea-Poseidoniia MGIIa,77.68,MAG
TARA_SAMN05326646_METAG_PSW00043,0,0,0,Archaea-Poseidoniia MGIIa,83.78,MAG
TARA_SAMN05326646_METAG_PSW00056,0,0,0,Archaea-Poseidoniia MGIIa,82.38,MAG
TARA_SAMEA2623446_METAG_DOOCEHKJ,0,0,0,Alpha-Other,86.02,MAG
TARA_SAMEA2623446_METAG_KDDNNPKM,0,0,0,Bacteroidota,89.76,MAG
TARA_SAMEA2623446_METAG_POGEKLHJ,0,0,0,Bacteroidota,84.35,MAG
TARA_SAMEA2623446_METAG_EPNIPLIG,1,1,1,Planctomycetota,86.3,MAG
TARA_SAMEA2623446_METAG_GDOAIJJH,0,0,0,Bacteroidota,84.91,MAG
TARA_SAMEA2623446_METAG_CPONLCIO,0,0,0,Dadabacteria,88.63,MAG
TARA_SAMEA2623446_METAG_PKHDJOFJ,0,0,0,Gamma-Other,88.11,MAG
TARA_SAMEA2623446_METAG_BAFHDGHD,0,0,0,Bacteroidota,77.51,MAG
TARA_SAMEA2623446_METAG_EANBFFNL,0,0,0,Alpha-Rhodobacter,80.35,MAG
TARA_SAMEA2623446_METAG_DMIJBGCP,0,0,0,Actinobacteriota,81.68,MAG
TARA_SAMEA2623446_METAG_CKMDBAGO,1,1,1,Planctomycetota,79.46,MAG
TARA_SAMEA2623446_METAG_ECPKICCM,0,0,0,SAR324,80.28,MAG
TARA_SAMEA2623446_METAG_JALDLFBP,0,0,0,Alpha-Pelagibacter,79.04,MAG
TARA_SAMEA2623446_METAG_INJMLEAA,0,0,0,Actinobacteriota,76.98,MAG
TARA_SAMEA2621155_METAG_LDOGOCBG,0,0,0,Bacteria-Other,92.96,MAG
TARA_SAMEA2621155_METAG_EPCCFFKN,0,0,0,Bacteria-Other,89.6,MAG
TARA_SAMN05326643_METAG_ASW00011,0,0,0,Archaea-Poseidoniia MGIIa,84.81,MAG
TARA_SAMEA2621155_METAG_PBCGLLLH,0,0,0,Bacteroidota,82.69,MAG
TARA_SAMEA2621155_METAG_GMMFBGBM,0,0,0,Bacteroidota,77.67,MAG
TARA_SAMEA2621155_METAG_MMHDJKAG,0,0,0,Actinobacteriota,77.34,MAG
TARA_SAMEA2623488_METAG_GBLOPEKM,0,0,0,Bacteroidota,96.72,MAG
TARA_SAMEA2623488_METAG_BABBOLAO,0,0,0,Marinisomatota,96,MAG
TARA_SAMEA2623488_METAG_GMKGKLNB,0,0,0,Actinobacteriota,93.14,MAG
TARA_SAMEA2623488_METAG_NOGNAPCD,0,0,0,Marinisomatota,90.74,MAG
TARA_SAMEA2623488_METAG_ICHILEPA,0,0,0,Gamma-Other,89.38,MAG
TARA_SAMEA2623488_METAG_PCBOJFKA,0,0,0,Marinisomatota,84.2,MAG
TARA_SAMEA2623488_METAG_IPHBHFPL,0,0,0,Marinisomatota,78.24,MAG
TARA_SAMEA2623488_METAG_LIPKCGNG,0,0,0,Marinisomatota,79.53,MAG
TARA_SAMEA2623488_METAG_DFFHFJOE,0,0,0,SAR324,84.38,MAG
TARA_SAMEA2623488_METAG_ONPNIFAP,0,0,0,Bacteroidota,85.02,MAG
TARA_SAMEA2623488_METAG_KCCPHIIK,0,0,0,Alpha-Pelagibacter,78.66,MAG
TARA_SAMEA2623488_METAG_JECHPJAP,0,0,0,Alpha-Pelagibacter,76.8,MAG
TARA_SAMEA2623488_METAG_EJBHAACD,0,0,0,Gamma-Other,78.91,MAG
TARA_SAMEA2622843_METAG_NFPMGDFO,0,0,0,Archaea-Poseidoniia MGIIb,83.28,MAG
TARA_SAMEA2622843_METAG_AMMMBMJC,0,0,0,Archaea-Poseidoniia MGIIb,75.4,MAG
TARA_SAMEA2622658_METAG_GDEBJEGM,0,0,0,Archaea-Poseidoniia MGIIa,85.09,MAG
TARA_SAMEA4397278_METAG_PFNHNBMB,0,0,0,Bacteroidota,96.5,MAG
TARA_SAMEA4397278_METAG_GFFCFKNM,0,0,0,Bacteroidota,96.94,MAG
TARA_SAMEA4397278_METAG_JINFPDEO,0,0,0,Gamma-SAR92,96.78,MAG
TARA_SAMEA4397278_METAG_HDJJHPAM,0,0,0,Gamma-Other,97.18,MAG
TARA_SAMEA4397278_METAG_IAGMINIA,0,0,0,Bacteroidota,95.02,MAG
TARA_SAMEA4397278_METAG_DGACBACO,0,0,0,Alpha-Rhodobacter,95.12,MAG
TARA_SAMEA4397278_METAG_MIONKBDO,0,0,0,Bacteroidota,93.54,MAG
TARA_SAMEA4397278_METAG_CPFAOMKB,0,0,0,Bacteroidota,88.94,MAG
TARA_SAMEA4397278_METAG_OPFOENPA,0,0,0,Gamma-Other,86.96,MAG
TARA_SAMEA4397278_METAG_LLFOMFCK,0,0,0,Bacteroidota,84.24,MAG
TARA_SAMEA4397278_METAG_GIIMIBIO,0,0,0,Alpha-Other,79.87,MAG
TARA_SAMEA4397278_METAG_BKFPKPAL,0,0,0,Bacteroidota,77.56,MAG
TARA_SAMEA2621401_METAG_NHKHHBNL,0,0,0,Bacteroidota,97.04,MAG
TARA_SAMEA2621401_METAG_EBJMJFME,0,0,0,Bacteroidota,97.84,MAG
TARA_SAMEA2621401_METAG_DODGOGHO,0,0,0,Bacteroidota,95.86,MAG
TARA_SAMEA2621401_METAG_JOBLFODC,0,0,0,Bacteroidota,85.7,MAG
TARA_SAMEA2621401_METAG_IPCPDLNP,0,0,0,Bacteroidota,97.18,MAG
TARA_SAMEA2621401_METAG_HMOFNEGP,0,0,0,Alpha-Rhodobacter,92.26,MAG
TARA_SAMEA2621401_METAG_FPOJAMCL,0,0,0,Alpha-Rhodobacter,82.65,MAG
TARA_SAMEA2621401_METAG_MMJJFPCO,0,0,0,Gamma-SAR92,84.58,MAG
TARA_SAMEA2621401_METAG_HPHHBINC,0,0,0,Gamma-Other,89.28,MAG
TARA_SAMEA2621401_METAG_LGPMNKLP,0,0,0,Bacteroidota,78.1,MAG
TARA_SAMEA2621401_METAG_DNOEBFJJ,0,0,0,Bacteroidota,80.87,MAG
TARA_SAMEA2622658_METAG_ENJBNEGD,0,0,0,Archaea-Poseidoniia MGIIa,86.74,MAG
TARA_SAMEA2622710_METAG_NDJFNJPE,0,0,0,Actinobacteriota,96.13,MAG
TARA_SAMEA2622710_METAG_LAHKMFBH,0,0,0,Actinobacteriota,93.34,MAG
TARA_SAMEA2622710_METAG_OGKLAHMI,0,0,0,Bacteroidota,91.57,MAG
TARA_SAMEA2622710_METAG_CBMLOAIP,0,0,0,Bacteroidota,93.75,MAG
TARA_SAMEA2622710_METAG_MBDLIMFP,0,0,0,Alpha-Puniceispirilla,91.79,MAG
TARA_SAMEA2622710_METAG_KDDNGGHC,0,0,0,Gamma-Other,94.79,MAG
TARA_SAMEA2622710_METAG_AIJBKBOP,0,0,0,Actinobacteriota,90.7,MAG
TARA_SAMEA2622710_METAG_LCDDHNJE,0,0,0,Bacteria-Other,86.81,MAG
TARA_SAMEA2622710_METAG_GOIKAFHA,0,0,0,Alpha-Puniceispirilla,83.64,MAG
TARA_SAMEA2622710_METAG_LKIPAIFB,0,0,0,Chloroflexota,86.78,MAG
TARA_SAMEA2622710_METAG_AJPHMKEN,1,1,1,Bacteria-Other,82.6,MAG
TARA_SAMEA2622658_METAG_BNCJCGFG,0,0,0,Archaea-Poseidoniia MGIIb,75.6,MAG
TARA_SAMEA2622710_METAG_LBOGPPDH,0,0,0,Bacteroidota,82.62,MAG
TARA_SAMEA2622710_METAG_KCMFCDFM,1,1,1,Bacteroidota,76.16,MAG
TARA_SAMEA2622710_METAG_NAEKGFMF,0,0,0,Bacteroidota,81.05,MAG
TARA_SAMEA2622710_METAG_ENFKGACM,0,0,0,Bacteroidota,77.89,MAG
TARA_SAMEA2622658_METAG_KEDMNMII,0,0,0,Archaea-Poseidoniia MGIIa,85.26,MAG
TARA_SAMEA2622710_METAG_AELIODEN,0,0,0,Gamma-Other,81.08,MAG
TARA_SAMEA2622842_METAG_ONPBFPNK,0,0,0,Archaea-Poseidoniia MGIIb,83.6,MAG
TARA_SAMEA2622362_METAG_MABIDFCK,0,0,0,Alpha-Other,97.22,MAG
TARA_SAMEA2622362_METAG_EOLKKLHP,0,0,0,Gamma-Other,86.48,MAG
TARA_SAMEA2622362_METAG_EIKCDOLC,1,1,1,Gamma-Other,81.29,MAG
TARA_SAMEA2622362_METAG_JPKCDGGK,0,0,0,Gamma-Other,78.68,MAG
TARA_SAMEA2622362_METAG_PIDCLPOG,0,0,0,Gamma-Other,75.44,MAG
TARA_SAMEA2622362_METAG_LKJFFFGD,0,0,0,Alpha-Other,89.92,MAG
TARA_SAMEA2622362_METAG_BEGNFJKC,0,0,0,Acidobacteriota,86.26,MAG
TARA_SAMEA2622362_METAG_IJDLJDHO,0,0,0,Acidobacteriota,85.9,MAG
TARA_SAMEA2622362_METAG_FDLBPOLF,0,0,0,Gamma-Other,88.54,MAG
TARA_SAMEA2622842_METAG_HOHHCBKJ,0,0,0,Archaea-Poseidoniia MGIIb,83.28,MAG
TARA_SAMEA2621278_METAG_IFACIPCA,0,0,0,Archaea-Poseidoniia MGIIa,84.35,MAG
TARA_SAMEA2623079_METAG_NJMDAEIA,0,0,0,Alpha-Pelagibacter,90.33,MAG
TARA_SAMEA2623079_METAG_MKHLNHGA,0,0,0,Gamma-Other,91.3,MAG
TARA_SAMEA2623079_METAG_LHPAMIPM,0,0,0,Actinobacteriota,87.18,MAG
TARA_SAMEA2623079_METAG_FABKIAFC,0,0,0,Actinobacteriota,88.6,MAG
TARA_SAMEA2623079_METAG_EMPHHGPC,0,0,0,Alpha-Pelagibacter,81.65,MAG
TARA_SAMEA2621278_METAG_CBFPPMLK,0,0,0,Archaea-Poseidoniia MGIIa,81.53,MAG
TARA_SAMEA2623079_METAG_PNPIALGA,0,0,0,Marinisomatota,80.84,MAG
TARA_SAMEA2623079_METAG_GHKCGPMI,0,0,0,Bacteroidota,81.34,MAG
TARA_SAMEA2623079_METAG_NODFHABG,0,0,0,SAR324,82.48,MAG
TARA_SAMEA2621076_METAG_AJIJDFLD,0,0,0,Archaea-Poseidoniia MGIIa,76.59,MAG
TARA_SAMEA2621076_METAG_PEJJDAGN,0,0,0,Archaea-Poseidoniia MGIIa,80.05,MAG
TARA_SAMEA2621076_METAG_JGEDIDNE,0,0,0,Archaea-Poseidoniia MGIIa,75.47,MAG
TARA_SAMEA2621076_METAG_PCCKMFBL,0,0,0,Archaea-Poseidoniia MGIIa,81.78,MAG
TARA_SAMEA2622765_METAG_KPOJNJFK,0,0,0,Archaea-Poseidoniia MGIIb,83.68,MAG
TARA_SAMEA2621232_METAG_GCKKPACL,0,0,0,Alpha-Other,85.2,MAG
TARA_SAMEA2621232_METAG_BMGMOOFP,0,0,0,Alpha-Other,95.08,MAG
TARA_SAMEA2621232_METAG_HMLOCAJC,0,0,0,Gamma-Other,91.58,MAG
TARA_SAMEA2621232_METAG_ALMAEEJK,0,0,0,Alpha-Other,77.61,MAG
TARA_SAMEA2621232_METAG_CLBAEFDM,1,1,1,Gamma-Other,83.41,MAG
TARA_SAMEA2621232_METAG_LOICPDDG,0,0,0,Gamma-Other,82.81,MAG
TARA_SAMEA2621232_METAG_LJMEFAOK,0,0,0,Bacteroidota,76.29,MAG
TARA_SAMEA2621232_METAG_LKPFAFNM,0,0,0,Chloroflexota,77.25,MAG
TARA_SAMEA2621132_METAG_BKBMHDKI,0,0,0,Marinisomatota,89.09,MAG
TARA_SAMEA2621132_METAG_MAADEGAC,0,0,0,Alpha-Pelagibacter,76.68,MAG
TARA_SAMEA2621132_METAG_HMJKBMPI,0,0,0,Bacteroidota,77.5,MAG
TARA_SAMEA2622716_METAG_NOLPMKAP,0,0,0,Archaea-Poseidoniia MGIIa,86.49,MAG
TARA_SAMEA2622715_METAG_DMCEMMMG,0,0,0,Archaea-Poseidoniia MGIIa,86.21,MAG
TARA_SAMEA2622173_METAG_PBPIIOKJ,0,0,0,Verrucomicrobiota,96.82,MAG
TARA_SAMEA2622173_METAG_OLPBHBDL,0,0,0,Bacteroidota,78.74,MAG
TARA_SAMEA2622173_METAG_HOFOCKAF,0,0,0,Gamma-Other,77.4,MAG
TARA_SAMEA2622173_METAG_JFFMEDOI,0,0,0,Gamma-Other,79.76,MAG
TARA_SAMEA2622173_METAG_KENBEKPB,0,0,0,Alpha-Other,87.25,MAG
TARA_SAMEA2622173_METAG_EEMBLKHG,0,0,0,Gamma-Other,80.25,MAG
TARA_SAMEA2622173_METAG_PKMOOGJC,0,0,0,Gamma-Other,77.1,MAG
TARA_SAMEA2621021_METAG_ONEAEBHD,0,0,0,Archaea-Poseidoniia MGIIb,77.77,MAG
TARA_SAMEA2623390_METAG_MOJFDBCO,0,0,0,Verrucomicrobiota,95.12,MAG
TARA_SAMEA2623390_METAG_AOMNGGCC,0,0,0,Gamma-Other,94.76,MAG
TARA_SAMEA2623390_METAG_NACNCLMF,0,0,0,Gamma-Other,93.95,MAG
TARA_SAMEA2623390_METAG_HCBMCPMH,0,0,0,SAR324,93.27,MAG
TARA_SAMEA2623390_METAG_BKPADPMA,0,0,0,Acidobacteriota,91.7,MAG
TARA_SAMEA2622657_METAG_ODLCHMNM,0,0,0,Archaea-Poseidoniia MGIIa,87.21,MAG
TARA_SAMEA2623390_METAG_BFKJFOHH,0,0,0,SAR324,89.72,MAG
TARA_SAMEA2623390_METAG_DHELNGIE,0,0,0,Chloroflexota,87.78,MAG
TARA_SAMEA2623390_METAG_JOADCGBA,0,0,0,Chloroflexota,89.52,MAG
TARA_SAMEA2623390_METAG_PMFDDDNI,0,0,0,SAR324,89.02,MAG
TARA_SAMEA2623390_METAG_FHBDBNOD,1,1,1,Bacteroidota,84.08,MAG
TARA_SAMEA2623390_METAG_PJFILFEI,0,0,0,Acidobacteriota,86.22,MAG
TARA_SAMEA2623390_METAG_NIHOFHPP,0,0,0,Planctomycetota,83.73,MAG
TARA_SAMEA2622657_METAG_EFECPJAO,0,0,0,Archaea-Poseidoniia MGIIb,78.32,MAG
TARA_SAMEA2623390_METAG_IFCMLOCO,0,0,0,Acidobacteriota,85.9,MAG
TARA_SAMEA2623390_METAG_LDBNAAKN,0,0,0,Bacteria-Other,78.26,MAG
TARA_SAMEA2622657_METAG_JFECKPDA,0,0,0,Archaea-Poseidoniia MGIIa,86.43,MAG
TARA_SAMEA2623693_METAG_GGAAIGGE,0,0,0,Actinobacteriota,91.76,MAG
TARA_SAMEA2623693_METAG_MOEAEENP,0,0,0,Alpha-Other,85.48,MAG
TARA_SAMEA2623693_METAG_MIMDHFJN,0,0,0,Planctomycetota,81.09,MAG
TARA_SAMEA2620081_METAG_LLGPNBFH,0,0,0,Actinobacteriota,91.77,MAG
TARA_SAMEA2620081_METAG_DHGADGCG,0,0,0,Marinisomatota,87.94,MAG
TARA_SAMEA2620081_METAG_FMCJCGOF,0,0,0,Actinobacteriota,89.06,MAG
TARA_SAMEA2620081_METAG_KABIFCHK,0,0,0,SAR324,88.56,MAG
TARA_SAMEA2620081_METAG_BKDPKPAO,0,0,0,Alpha-Other,89.44,MAG
TARA_SAMEA2620081_METAG_CKIPLNNO,0,0,0,Bacteroidota,83.47,MAG
TARA_SAMEA2621204_METAG_EABAAPJB,0,0,0,Archaea-Poseidoniia MGIIa,85.8,MAG
TARA_SAMEA2620081_METAG_PCGNKBON,0,0,0,Bacteroidota,80.3,MAG
TARA_SAMEA2621075_METAG_EDLJECKD,0,0,0,Archaea-Poseidoniia MGIIa,77.65,MAG
TARA_SAMEA2621045_METAG_CAHLAHNK,0,0,0,Archaea-Poseidoniia MGIIa,80.81,MAG
TARA_SAMEA2620081_METAG_FMPMFEFJ,0,0,0,Gamma-Other,79.54,MAG
TARA_SAMEA2620081_METAG_IOBFFKLC,0,0,0,Gamma-Other,78.72,MAG
TARA_SAMEA2619970_METAG_OKEINIMP,0,0,0,Acidobacteriota,95.54,MAG
TARA_SAMEA2619970_METAG_CLAEKLCO,0,0,0,Gamma-Other,96.19,MAG
TARA_SAMEA2619970_METAG_OKNGJBFH,0,0,0,Alpha-Other,87.18,MAG
TARA_SAMEA2619970_METAG_FKMCDENO,0,0,0,Bacteria-Other,89.38,MAG
TARA_SAMEA2619970_METAG_EABBDANJ,0,0,0,Bacteria-Other,88.15,MAG
TARA_SAMEA2622376_METAG_JONCDMJH,0,0,0,Archaea-Poseidoniia MGIIa,84.04,MAG
TARA_SAMEA2619857_METAG_LENCCDLF,0,0,0,Archaea-Poseidoniia MGIIb,81.03,MAG
TARA_SAMEA2619970_METAG_BFADDPIE,0,0,0,Alpha-Other,87.22,MAG
TARA_SAMEA2622316_METAG_DHNDKFGN,0,0,0,Archaea-Poseidoniia MGIIa,82.95,MAG
TARA_SAMEA2619970_METAG_GEGEBHPE,0,0,0,Alpha-Other,79.68,MAG
TARA_SAMEA2622316_METAG_MJADGFAG,0,0,0,Archaea-Poseidoniia MGIIa,81.28,MAG
TARA_SAMEA2620339_METAG_NIBPMFCG,0,0,0,Actinobacteriota,94.2,MAG
TARA_SAMEA2620339_METAG_HGEFBHJG,0,0,0,Bacteroidota,88.48,MAG
TARA_SAMEA2620339_METAG_ONFNCNFD,0,0,0,Alpha-Other,80.04,MAG
TARA_SAMEA2620339_METAG_EDDEBEHK,0,0,0,Actinobacteriota,82.06,MAG
TARA_SAMEA2620339_METAG_JAEEDIPN,0,0,0,Verrucomicrobiota,81.8,MAG
TARA_SAMEA2620339_METAG_CABPPAEP,0,0,0,Dadabacteria,80.96,MAG
TARA_SAMEA2591084_METAG_AMJHJMNK,0,0,0,Alpha-Other,92.62,MAG
TARA_SAMEA2591084_METAG_INIDHDKK,0,0,0,Gamma-Other,93.38,MAG
TARA_SAMEA2591084_METAG_NCDHCADF,0,0,0,Bacteroidota,86.26,MAG
TARA_SAMEA2591084_METAG_ECMIJCBL,0,0,0,Gamma-Other,90.72,MAG
TARA_SAMEA2591084_METAG_BOFKDJKN,0,0,0,Alpha-Other,90.42,MAG
TARA_SAMEA2591084_METAG_MJIEJPJD,0,0,0,Dadabacteria,89.7,MAG
TARA_SAMEA2591084_METAG_PFJBCBHJ,0,0,0,Alpha-Other,88.76,MAG
TARA_SAMEA2591084_METAG_KPGDCBDP,0,0,0,Alpha-Other,87.16,MAG
TARA_SAMEA2591084_METAG_JEINLPJC,0,0,0,Gamma-SAR92,84.19,MAG
TARA_SAMEA2591084_METAG_IJLGIKFA,0,0,0,Gamma-Other,86.78,MAG
TARA_SAMEA2591084_METAG_LFKLJFOG,0,0,0,Chloroflexota,82.46,MAG
TARA_SAMEA2591084_METAG_KDCDKMJH,0,0,0,Gamma-Other,83.29,MAG
TARA_SAMEA2591084_METAG_AGMBAHIG,0,0,0,Cyano-Pro,78.62,MAG
TARA_SAMEA2591084_METAG_EMKJLPDL,0,0,0,Gamma-SAR86,78.78,MAG
TARA_SAMEA2591084_METAG_KGDGNKNF,0,0,0,Gamma-SAR86,81.91,MAG
TARA_SAMEA2620021_METAG_KBGMIOJP,0,0,0,Actinobacteriota,92.49,MAG
TARA_SAMEA2620021_METAG_ACIKLEOD,0,0,0,Actinobacteriota,91.96,MAG
TARA_SAMEA2620021_METAG_CGLCFIAB,0,0,0,Actinobacteriota,89.62,MAG
TARA_SAMEA2620021_METAG_NNFJDFKL,0,0,0,Alpha-Other,89.81,MAG
TARA_SAMEA2619927_METAG_FKIOMDFE,0,0,0,Archaea-Poseidoniia MGIIa,81.22,MAG
TARA_SAMEA2620021_METAG_GDCBAMGG,0,0,0,Bacteroidota,85.24,MAG
TARA_SAMEA2620021_METAG_KGPKBFPH,0,0,0,Alpha-Rhodobacter,75.59,MAG
TARA_SAMEA2623463_METAG_CELMMLHD,0,0,0,Archaea-Poseidoniia MGIIa,79.48,MAG
TARA_SAMEA2623463_METAG_CDMGIDKB,0,0,0,Archaea-Poseidoniia MGIIa,81.75,MAG
TARA_SAMEA2620021_METAG_JPJAFPHL,0,0,0,Gamma-SAR86,75.18,MAG
TARA_SAMEA2623463_METAG_KOLHPIEB,0,0,0,Archaea-Poseidoniia MGIIa,75.59,MAG
TARA_SAMEA2619952_METAG_HHJDNCDE,0,0,0,Archaea-Poseidoniia MGIIa,76.35,MAG
TARA_SAMEA2623774_METAG_MKJMJDKO,0,0,0,Archaea-Poseidoniia MGIIa,84.46,MAG
TARA_SAMEA2623673_METAG_GNDNKFFO,0,0,0,Archaea-Poseidoniia MGIIa,85.38,MAG
TARA_SAMEA2591098_METAG_BJNMABMJ,0,0,0,Bacteroidota,88.72,MAG
TARA_SAMEA2591098_METAG_LKHJLPOP,0,0,0,Gamma-Other,85.74,MAG
TARA_SAMEA2623673_METAG_GJIDIOKJ,0,0,0,Archaea-Poseidoniia MGIIa,75.84,MAG
TARA_SAMEA2591098_METAG_AMOFNOHP,0,0,0,Dadabacteria,81.14,MAG
TARA_SAMEA2591098_METAG_IMGBEBNG,0,0,0,Gamma-SAR86,82.74,MAG
TARA_SAMEA2591098_METAG_KJLAFBGH,0,0,0,Gamma-Other,77.6,MAG
TARA_SAMEA2591098_METAG_IAEAPENA,0,0,0,Alpha-Other,80.67,MAG
TARA_SAMEA2591098_METAG_PNMCMDHL,0,0,0,Actinobacteriota,81.52,MAG
TARA_SAMEA2620882_METAG_GJEPBGGD,1,1,1,Gamma-Alteromonas,78.9,MAG
TARA_SAMEA2620882_METAG_IEOGEPFO,0,0,0,Bacteroidota,90.55,MAG
TARA_SAMEA2620882_METAG_PNFNJNEO,0,0,0,Alpha-Other,88.57,MAG
TARA_SAMEA2620882_METAG_IKJBMPLL,0,0,0,Gemmatimonadota,75.52,MAG
TARA_SAMEA2620882_METAG_OGODEKKI,0,0,0,Acidobacteriota,82.74,MAG
TARA_SAMEA2620882_METAG_EMBNABDH,0,0,0,Gamma-Other,80.43,MAG
TARA_SAMEA2621487_METAG_JEJEPAEM,1,1,1,Gamma-Alteromonas,98.22,MAG
TARA_SAMEA2621487_METAG_OKLEJKDF,0,0,0,Alpha-Rhodobacter,88.16,MAG
TARA_SAMEA2621487_METAG_EGKCCOJD,0,0,0,Alpha-Pelagibacter,76.12,MAG
TARA_SAMEA2621487_METAG_ELPJDKOJ,0,0,0,Bacteroidota,78.19,MAG
TARA_SAMEA2620194_METAG_AIDALJKM,0,0,0,Alpha-Rhodobacter,77.25,MAG
TARA_SAMEA2620194_METAG_BJLEGACG,0,0,0,Dadabacteria,81,MAG
TARA_SAMEA2620194_METAG_GIHOAEHC,0,0,0,Gamma-Other,80.83,MAG
TARA_SAMEA2620194_METAG_GBOFPMDJ,0,0,0,SAR324,79.2,MAG
TARA_SAMEA2620194_METAG_OBOKHFIK,0,0,0,Gamma-SAR86,78.9,MAG
TARA_SAMEA2622673_METAG_BNMAOIAC,0,0,0,Alpha-Other,93.84,MAG
TARA_SAMEA2622673_METAG_IALLFGGD,0,0,0,Alpha-Other,93.04,MAG
TARA_SAMEA2622673_METAG_NHCJFHJK,1,1,1,Alpha-Other,94.88,MAG
TARA_SAMEA2622673_METAG_BJPDMJAG,0,0,0,Alpha-Other,85.06,MAG
TARA_SAMEA2622673_METAG_OHFIHFMJ,0,0,0,Gamma-Other,93.04,MAG
TARA_SAMEA2622673_METAG_NBFILBPG,0,0,0,Acidobacteriota,89.28,MAG
TARA_SAMEA2622673_METAG_HEAKDCDO,0,0,0,Acidobacteriota,85.6,MAG
TARA_SAMEA2622673_METAG_KFBDGNBD,0,0,0,SAR324,84.64,MAG
TARA_SAMEA2623673_METAG_NAGMKGKN,0,0,0,Archaea-Poseidoniia MGIIa,78.25,MAG
TARA_SAMEA2622673_METAG_MPAOKJKD,0,0,0,Gamma-Other,75.23,MAG
TARA_SAMEA2622673_METAG_OGBNLIPK,0,0,0,Bacteroidota,75.99,MAG
TARA_SAMEA2619548_METAG_CIJMLAGG,0,0,0,Actinobacteriota,97.43,MAG
TARA_SAMEA2619548_METAG_EPBOMHIB,0,0,0,Alpha-Rhodobacter,91.12,MAG
TARA_SAMEA2619548_METAG_COJIOJBJ,0,0,0,Alpha-Other,91.62,MAG
TARA_SAMEA2619548_METAG_ICAMOGFN,0,0,0,Alpha-Pelagibacter,83.31,MAG
TARA_SAMEA2619548_METAG_NFEAINLI,0,0,0,Marinisomatota,81.43,MAG
TARA_SAMEA2619548_METAG_APBKHCKI,0,0,0,Planctomycetota,86.07,MAG
TARA_SAMEA2623673_METAG_KMONMOPF,0,0,0,Archaea-Poseidoniia MGIIa,79.86,MAG
TARA_SAMEA2619548_METAG_PGNOPNEC,0,0,0,Marinisomatota,83.38,MAG
TARA_SAMEA2619548_METAG_GKKEPGHF,0,0,0,Bacteroidota,81.1,MAG
TARA_SAMEA2619548_METAG_EIPNKPGA,0,0,0,Bacteroidota,85.77,MAG
TARA_SAMEA2620828_METAG_BGCDJIAP,0,0,0,Archaea-Poseidoniia MGIIb,83.54,MAG
TARA_SAMEA2619548_METAG_MEFBDCCD,0,0,0,Gamma-Other,88.4,MAG
TARA_SAMEA2619548_METAG_LFDBPFBM,0,0,0,Bacteroidota,88.96,MAG
TARA_SAMEA2619548_METAG_AEEGIEHI,0,0,0,Bacteroidota,81.1,MAG
TARA_SAMEA2619548_METAG_ENPHPFHK,0,0,0,Bacteroidota,81.88,MAG
TARA_SAMEA2619548_METAG_LOGDBJBF,0,0,0,Bacteroidota,77.84,MAG
TARA_SAMEA2619548_METAG_AHPEPLII,0,0,0,Gamma-Other,78.26,MAG
TARA_SAMEA2619548_METAG_PAIGEGGM,0,0,0,Actinobacteriota,80.29,MAG
TARA_SAMEA2619548_METAG_JPEBKFMM,0,0,0,Gamma-SAR86,79.11,MAG
TARA_SAMEA2623370_METAG_LBJEFDIN,0,0,0,Archaea-Poseidoniia MGIIa,82.58,MAG
TARA_SAMEA2621551_METAG_JBGHNFAK,0,0,0,Gemmatimonadota,97.07,MAG
TARA_SAMEA2621551_METAG_PECKMDBI,0,0,0,Chloroflexota,94.79,MAG
TARA_SAMEA2621551_METAG_AFHKGLEB,1,1,1,Bacteroidota,97.12,MAG
TARA_SAMEA2621551_METAG_GHEEBCED,0,0,0,Chloroflexota,90.52,MAG
TARA_SAMEA2621551_METAG_MJDIFNCP,1,1,1,Planctomycetota,92.02,MAG
TARA_SAMEA2621551_METAG_AJELNHCL,0,0,0,Chloroflexota,93.82,MAG
TARA_SAMEA2621551_METAG_HDAJGIEO,0,0,0,Chloroflexota,86.89,MAG
TARA_SAMEA2621551_METAG_FLFCIOHB,0,0,0,Gemmatimonadota,90.78,MAG
TARA_SAMEA2621551_METAG_KLFBMGLA,0,0,0,Gamma-Other,89.07,MAG
TARA_SAMEA2621551_METAG_BPJCFNMP,0,0,0,Gamma-Other,85.87,MAG
TARA_SAMEA2621551_METAG_BDNFEDCJ,0,0,0,Chloroflexota,84.27,MAG
TARA_SAMEA2621551_METAG_GPGEBACL,0,0,0,Acidobacteriota,84.37,MAG
TARA_SAMEA2621551_METAG_EDCNABJG,1,1,1,Verrucomicrobiota,86.05,MAG
TARA_SAMEA2621551_METAG_CKJOMOJE,0,0,0,Bacteria-Other,80.26,MAG
TARA_SAMEA2621551_METAG_GGMEGLBD,0,0,0,Bacteroidota,83.42,MAG
TARA_SAMEA2623135_METAG_DKDOMFCG,0,0,0,Archaea-Poseidoniia MGIIa,79.4,MAG
TARA_SAMEA2621551_METAG_DMGELCGC,0,0,0,Gamma-Other,80.26,MAG
TARA_SAMEA2619678_METAG_MHJAHMIG,0,0,0,Archaea-Poseidoniia MGIIa,87.6,MAG
TARA_SAMEA2621423_METAG_ONAGFKEE,0,0,0,Archaea-Poseidoniia MGIIa,81.03,MAG
TARA_SAMEA2621551_METAG_MOAAPFBP,0,0,0,Gamma-Other,77.6,MAG
TARA_SAMEA2622336_METAG_ELNAHGFM,0,0,0,Alpha-Other,93.28,MAG
TARA_SAMEA2622336_METAG_MEILDBGG,0,0,0,Bacteroidota,87.12,MAG
TARA_SAMEA2622336_METAG_MIFEIJPD,0,0,0,Verrucomicrobiota,87.78,MAG
TARA_SAMEA2622336_METAG_KECLFFAB,0,0,0,Gamma-Other,87.78,MAG
TARA_SAMEA2622336_METAG_BBBHOEKO,0,0,0,Bacteroidota,82.14,MAG
TARA_SAMEA2622336_METAG_JAHKPEKB,0,0,0,Alpha-Rhodobacter,77.09,MAG
TARA_SAMEA2623627_METAG_LJJOOFJI,0,0,0,Bacteroidota,95.42,MAG
TARA_SAMEA2623627_METAG_FADFNABD,0,0,0,Actinobacteriota,94.85,MAG
TARA_SAMEA2623627_METAG_HBMIGJPF,0,0,0,Bacteroidota,90.42,MAG
TARA_SAMEA2623627_METAG_NALEHKCJ,0,0,0,Bacteroidota,92.85,MAG
TARA_SAMEA2620404_METAG_IKBBGMBF,0,0,0,Archaea-Poseidoniia MGIIa,85.7,MAG
TARA_SAMEA2623627_METAG_GMHIPCDM,0,0,0,Chloroflexota,87.4,MAG
TARA_SAMEA2623627_METAG_IEOJEEOL,0,0,0,Chloroflexota,88.82,MAG
TARA_SAMEA2623627_METAG_GGIKHBDK,0,0,0,Chloroflexota,86.56,MAG
TARA_SAMEA2623627_METAG_LDOJFEIO,0,0,0,Bacteroidota,87.41,MAG
TARA_SAMEA2623627_METAG_HEMMNHBA,0,0,0,Bacteroidota,87.88,MAG
TARA_SAMEA2623627_METAG_OHOAKAGJ,0,0,0,Alpha-Other,88.84,MAG
TARA_SAMEA2623627_METAG_FGBPDELD,0,0,0,Alpha-Rhodobacter,76.82,MAG
TARA_SAMEA2623627_METAG_AMPNAMHA,0,0,0,Alpha-Rhodobacter,77.96,MAG
TARA_SAMEA2623627_METAG_CCJOHIDH,0,0,0,Bacteroidota,79.88,MAG
TARA_SAMEA2623627_METAG_CGHELDLF,0,0,0,Alpha-Other,77.65,MAG
TARA_SAMEA2620756_METAG_ADLBJJAN,0,0,0,Archaea-Poseidoniia MGIIa,85.91,MAG
TARA_SAMEA2622478_METAG_ALAOLOHF,0,0,0,Archaea-Poseidoniia MGIIb,77.34,MAG
TARA_SAMEA2623488_METAG_GILGIGLK,0,0,0,Archaea-Poseidoniia MGIIa,79.18,MAG
TARA_SAMEA2623488_METAG_HPIELOCF,0,0,0,Archaea-Poseidoniia MGIIa,83.43,MAG
TARA_SAMEA2623808_METAG_IBIIMDPL,0,0,0,Actinobacteriota,93.26,MAG
TARA_SAMEA2623808_METAG_INJHMJAM,0,0,0,Alpha-Rhodobacter,84.55,MAG
TARA_SAMEA2623808_METAG_FAAJGPAJ,0,0,0,Bacteroidota,81.43,MAG
TARA_SAMEA2623808_METAG_NDKJJDAN,0,0,0,Bacteroidota,85.47,MAG
TARA_SAMEA2623808_METAG_HNDMMCFI,0,0,0,Verrucomicrobiota,76.24,MAG
TARA_SAMEA2623488_METAG_HIEAGNCI,0,0,0,Archaea-Poseidoniia MGIIa,78.59,MAG
TARA_SAMEA2623808_METAG_HIDIIOOH,0,0,0,Gamma-SAR86,78.78,MAG
TARA_SAMEA2622710_METAG_LJDOADKG,0,0,0,Archaea-Poseidoniia MGIIa,86.72,MAG
TARA_SAMEA2620929_METAG_IIMOKGAG,0,0,0,Marinisomatota,86.41,MAG
TARA_SAMEA2620929_METAG_IEHILHML,0,0,0,Bacteroidota,80.38,MAG
TARA_SAMEA2620929_METAG_DNNBHKJP,0,0,0,Actinobacteriota,78.18,MAG
TARA_SAMEA2622710_METAG_CKFIADON,0,0,0,Archaea-Poseidoniia MGIIa,85.48,MAG
TARA_SAMEA2623079_METAG_MIFMHPKF,0,0,0,Archaea-Poseidoniia MGIIa,83.33,MAG
TARA_SAMEA2620194_METAG_ADAIOPCN,0,0,0,Archaea-Poseidoniia MGIIa,84.94,MAG
TARA_SAMEA2620230_METAG_ENPCEFKL,0,0,0,Actinobacteriota,86.08,MAG
TARA_SAMEA2620230_METAG_MKOCHCLF,0,0,0,Alpha-Puniceispirilla,82.11,MAG
TARA_SAMEA2620230_METAG_HCPGBKDA,0,0,0,Alpha-Rhodobacter,83.56,MAG
TARA_SAMEA2620230_METAG_NJGCEDJO,0,0,0,Gamma-Other,84.26,MAG
TARA_SAMEA2620230_METAG_DJNNFBIH,0,0,0,Gamma-SAR86,78.08,MAG
TARA_SAMEA2620230_METAG_GDIJFAOH,0,0,0,Gamma-Other,79.72,MAG
TARA_SAMEA2620230_METAG_ONNFGMBI,0,0,0,Gamma-SAR86,78.68,MAG
TARA_SAMEA2619548_METAG_LHEPMIMC,0,0,0,Archaea-Poseidoniia MGIIa,75.56,MAG
TARA_SAMEA2619548_METAG_DEFOCFDP,0,0,0,Archaea-Poseidoniia MGIIa,79.96,MAG
TARA_SAMEA2619548_METAG_GGLCBKJB,0,0,0,Archaea-Poseidoniia MGIIb,80.25,MAG
TARA_SAMEA2622119_METAG_AHJCKKBI,1,1,1,Gamma-Alteromonas,82.79,MAG
TARA_SAMEA2622119_METAG_LFNMKJBM,0,0,0,Alpha-Pelagibacter,90.98,MAG
TARA_SAMEA2622119_METAG_OAHCFGEN,0,0,0,Marinisomatota,89.36,MAG
TARA_SAMEA2622119_METAG_EJKNBPHM,0,0,0,Bacteroidota,89.72,MAG
TARA_SAMEA2622119_METAG_JJHIIELP,0,0,0,Bacteroidota,89.8,MAG
TARA_SAMEA2622119_METAG_FOFNJJMH,0,0,0,Verrucomicrobiota,84.84,MAG
TARA_SAMEA2622119_METAG_AHEJKBJA,0,0,0,Alpha-Pelagibacter,81.21,MAG
TARA_SAMEA2622119_METAG_JDCKEPFJ,0,0,0,Bacteria-Other,82.66,MAG
TARA_SAMEA2622119_METAG_ALBHMOEJ,0,0,0,Bacteroidota,76.17,MAG
TARA_SAMEA2622119_METAG_KKNMFNEB,0,0,0,Gamma-Other,82.22,MAG
TARA_SAMEA2622119_METAG_CGGCPLDC,0,0,0,Bacteroidota,75.47,MAG
TARA_SAMEA2623808_METAG_IEJMJGKD,0,0,0,Archaea-Poseidoniia MGIIa,82.72,MAG
TARA_SAMEA2622796_METAG_AJLNCKLL,0,0,0,Actinobacteriota,94.98,MAG
TARA_SAMEA2622796_METAG_EAKHFFIO,0,0,0,Chloroflexota,91.96,MAG
TARA_SAMEA2622796_METAG_NPJHAAOM,0,0,0,Alpha-Other,89.16,MAG
TARA_SAMEA2622796_METAG_IKJAKAAM,0,0,0,Bacteroidota,92.36,MAG
TARA_SAMEA2622796_METAG_DHDIMJGJ,0,0,0,Chloroflexota,89.64,MAG
TARA_SAMEA2622796_METAG_BJILEHAC,0,0,0,Chloroflexota,87.43,MAG
TARA_SAMEA2622796_METAG_PMLCDCFH,0,0,0,Gamma-Other,83.93,MAG
TARA_SAMEA2622796_METAG_BMCPFCHL,0,0,0,Gamma-Other,90.02,MAG
TARA_SAMEA2622796_METAG_PIOPEJJG,0,0,0,Bacteroidota,85.62,MAG
TARA_SAMEA2622796_METAG_HLJBIPLK,0,0,0,Marinisomatota,81.8,MAG
TARA_SAMEA2623734_METAG_IIIOHHAD,0,0,0,Archaea-Poseidoniia MGIIa,88.6,MAG
TARA_SAMEA2622796_METAG_HMMPDIMK,0,0,0,Alpha-Other,82.56,MAG
TARA_SAMEA2622796_METAG_BCNMAHBF,0,0,0,Marinisomatota,79.4,MAG
TARA_SAMEA2622796_METAG_OIOMPBDK,0,0,0,Marinisomatota,84.02,MAG
TARA_SAMEA2622796_METAG_GCALCIJD,0,0,0,Gamma-Other,88.28,MAG
TARA_SAMEA2623734_METAG_JCFANOOL,0,0,0,Archaea-Poseidoniia MGIIa,83.88,MAG
TARA_SAMEA2622796_METAG_PBLMDPAI,0,0,0,Marinisomatota,79.98,MAG
TARA_SAMEA2622796_METAG_GEACENHI,0,0,0,Dadabacteria,80.11,MAG
TARA_SAMEA2622923_METAG_KMHDOFEL,0,0,0,Archaea-Poseidoniia MGIIb,84.3,MAG
TARA_SAMEA2622923_METAG_BFHAICHJ,0,0,0,Archaea-Poseidoniia MGIIa,82.37,MAG
TARA_SAMEA2622796_METAG_KOBPOOKL,0,0,0,Bacteroidota,82.86,MAG
TARA_SAMEA2622796_METAG_JJODEEKE,0,0,0,Chloroflexota,78.42,MAG
TARA_SAMEA2622796_METAG_POAHBAHP,0,0,0,Alpha-Other,75.14,MAG
TARA_SAMEA2622796_METAG_DOJCEKEF,0,0,0,Bacteroidota,76.88,MAG
TARA_SAMEA2622817_METAG_FLEMMNKF,0,0,0,Archaea-Poseidoniia MGIIb,81.87,MAG
TARA_SAMEA2622796_METAG_DAJJLALG,0,0,0,Gamma-Other,80.59,MAG
TARA_SAMEA2622796_METAG_COOJDGEM,0,0,0,Bacteria-Other,77.28,MAG
TARA_SAMEA2622817_METAG_OGFMHNGF,0,0,0,Archaea-Poseidoniia MGIIb,81.46,MAG
TARA_SAMEA2622796_METAG_FPDOHKPP,0,0,0,Gamma-Other,76.22,MAG
TARA_SAMEA2620217_METAG_CBDFJFED,0,0,0,Archaea-Poseidoniia MGIIa,84.01,MAG
TARA_SAMEA2620217_METAG_HACJEKLJ,0,0,0,Archaea-Poseidoniia MGIIb,80.53,MAG
TARA_SAMEA2620217_METAG_MIFKDNGK,0,0,0,Archaea-Poseidoniia MGIIa,76.61,MAG
TARA_SAMEA2623059_METAG_PABHAION,0,0,0,Archaea-Poseidoniia MGIIa,75.64,MAG
TARA_SAMEA2623850_METAG_CEBGFOCO,0,0,0,Archaea-Poseidoniia MGIIa,84.8,MAG
TARA_SAMEA2623886_METAG_AMIEIFLM,0,0,0,Bacteroidota,98.2,MAG
TARA_SAMEA2623886_METAG_CNIBGFNF,0,0,0,Bacteroidota,89.3,MAG
TARA_SAMEA2623886_METAG_NIAIFGDO,0,0,0,Alpha-Rhodobacter,89.4,MAG
TARA_SAMEA2623886_METAG_IJMCCKJP,0,0,0,Bacteroidota,91.69,MAG
TARA_SAMEA2623886_METAG_AAODFIIA,0,0,0,Alpha-Other,90.72,MAG
TARA_SAMEA2623886_METAG_LGOMNCIM,0,0,0,Bacteroidota,91.7,MAG
TARA_SAMEA2623850_METAG_IJJHBNPH,0,0,0,Archaea-Poseidoniia MGIIa,83.99,MAG
TARA_SAMEA2623850_METAG_GHEJGCGO,0,0,0,Archaea-Poseidoniia MGIIa,79.76,MAG
TARA_SAMEA2623850_METAG_CCIIBCGF,0,0,0,Archaea-Poseidoniia MGIIa,78.56,MAG
TARA_SAMEA2623886_METAG_FIDHPHGB,0,0,0,Gamma-Other,77.8,MAG
TARA_SAMEA2623734_METAG_PJGEFNLF,0,0,0,Bacteroidota,97.79,MAG
TARA_SAMEA2623734_METAG_APMFAIAJ,0,0,0,Bacteroidota,97.66,MAG
TARA_SAMEA2623734_METAG_BKOMCCBJ,0,0,0,Alpha-Other,87.94,MAG
TARA_SAMEA2623734_METAG_IBDAAHJD,0,0,0,Alpha-Pelagibacter,90.08,MAG
TARA_SAMEA2623734_METAG_OEAFOKKM,0,0,0,Marinisomatota,88.64,MAG
TARA_SAMEA2623734_METAG_GBKPBJIJ,0,0,0,Alpha-Pelagibacter,88.82,MAG
TARA_SAMEA2623734_METAG_ACLAJGAL,0,0,0,Chloroflexota,87.7,MAG
TARA_SAMEA2623734_METAG_FJLDPPCC,0,0,0,Marinisomatota,75,MAG
TARA_SAMEA2623734_METAG_MOOJPMEE,0,0,0,Actinobacteriota,81.08,MAG
TARA_SAMEA2623734_METAG_MLCEIHPJ,0,0,0,Bacteroidota,85.92,MAG
TARA_SAMEA2623734_METAG_LEBLBAKJ,0,0,0,Alpha-Pelagibacter,78.31,MAG
TARA_SAMEA2623734_METAG_DLEGHBEP,0,0,0,Alpha-Pelagibacter,75.76,MAG
TARA_SAMEA2623734_METAG_KCHMNJNE,0,0,0,Gamma-Other,83.74,MAG
TARA_SAMEA2623734_METAG_BBBJCDAL,0,0,0,Gamma-Other,83.04,MAG
TARA_SAMEA2623734_METAG_LHEAHHCN,0,0,0,Bacteroidota,75.3,MAG
TARA_SAMEA2621092_METAG_KGLJGIJP,0,0,0,Acidobacteriota,92.43,MAG
TARA_SAMEA2621092_METAG_OJDCCICI,1,1,1,Gamma-Other,95.28,MAG
TARA_SAMEA2621092_METAG_CILOBFFB,0,0,0,Gemmatimonadota,87.45,MAG
TARA_SAMEA2621092_METAG_KECNCOEL,0,0,0,Gemmatimonadota,83.42,MAG
TARA_SAMEA2619879_METAG_NMDFONBM,0,0,0,Archaea-Poseidoniia MGIIa,81.22,MAG
TARA_SAMEA2622923_METAG_LEAAOPGF,0,0,0,Alpha-Other,99.42,MAG
TARA_SAMEA2622923_METAG_FFMAPNPA,1,1,1,Gamma-Alteromonas,89,MAG
TARA_SAMEA2622923_METAG_IMABAHAK,1,1,1,Verrucomicrobiota,82.96,MAG
TARA_SAMEA2622923_METAG_OPAGPFKD,0,0,0,Actinobacteriota,84.68,MAG
TARA_SAMEA2622923_METAG_EKBDKBDM,0,0,0,Marinisomatota,86.3,MAG
TARA_SAMEA2622923_METAG_LHEECLNO,0,0,0,Bacteroidota,86.84,MAG
TARA_SAMEA2622923_METAG_PGFKAJHM,0,0,0,Bacteria-Other,82.66,MAG
TARA_SAMEA2620259_METAG_ABBOIOHA,0,0,0,Archaea-Poseidoniia MGIIa,83.88,MAG
TARA_SAMEA2622923_METAG_NPJHDCIC,0,0,0,Bacteroidota,77.63,MAG
TARA_SAMEA2622923_METAG_JJKNJHDI,0,0,0,Alpha-Rhodobacter,79.04,MAG
TARA_SAMEA2622923_METAG_BFJKIJBN,0,0,0,Gamma-Other,80.11,MAG
TARA_SAMEA2622923_METAG_OEFCOOBD,0,0,0,Gamma-Other,78.78,MAG
TARA_SAMEA2623826_METAG_OPGDCJIH,0,0,0,Archaea-Poseidoniia MGIIa,83.76,MAG
TARA_SAMEA2623826_METAG_BJIDBCID,0,0,0,Archaea-Poseidoniia MGIIa,83.12,MAG
TARA_SAMEA2622817_METAG_NKKBFGCO,0,0,0,Bacteroidota,98.65,MAG
TARA_SAMEA2622817_METAG_ANKMHOAM,0,0,0,Planctomycetota,97.43,MAG
TARA_SAMEA2622817_METAG_JJOEDODB,0,0,0,Bacteroidota,92.94,MAG
TARA_SAMEA2622817_METAG_EFMEHGLI,0,0,0,Actinobacteriota,90.12,MAG
TARA_SAMEA2622817_METAG_JJIOEMDO,0,0,0,Alpha-Other,93.39,MAG
TARA_SAMEA2622817_METAG_BNKFNKNO,0,0,0,Bacteroidota,87.01,MAG
TARA_SAMEA2622817_METAG_EFPDLPLA,0,0,0,Alpha-Other,91.48,MAG
TARA_SAMEA2622817_METAG_BKLHIENC,0,0,0,Marinisomatota,87.84,MAG
TARA_SAMEA2622817_METAG_OOEPDGHF,0,0,0,Alpha-Pelagibacter,79.84,MAG
TARA_SAMEA2622652_METAG_PHJFPPAH,0,0,0,Archaea-Poseidoniia MGIIa,86.34,MAG
TARA_SAMEA2622817_METAG_PMMGCODK,0,0,0,Bacteroidota,80.72,MAG
TARA_SAMEA2622817_METAG_IMPNGPAL,0,0,0,Actinobacteriota,80.62,MAG
TARA_SAMEA2622652_METAG_IIJBOBCB,0,0,0,Archaea-Poseidoniia MGIIa,85.18,MAG
TARA_SAMEA2622817_METAG_MJJHFBDG,0,0,0,Marinisomatota,80.68,MAG
TARA_SAMEA2622652_METAG_PDHMHHLO,0,0,0,Archaea-Poseidoniia MGIIb,77.31,MAG
TARA_SAMEA2622817_METAG_GAICGEIA,0,0,0,Bacteroidota,75.1,MAG
TARA_SAMEA2622817_METAG_DENIMPNI,0,0,0,Gamma-Other,83,MAG
TARA_SAMEA2622817_METAG_NJKGGDIF,0,0,0,Gamma-Other,80.01,MAG
TARA_SAMEA2622817_METAG_ONAHKKJO,0,0,0,Gamma-Other,76.57,MAG
TARA_SAMEA2620217_METAG_NAHCNIBB,0,0,0,Marinisomatota,95.46,MAG
TARA_SAMEA2620217_METAG_NPKHCHOI,0,0,0,Gamma-Other,92.49,MAG
TARA_SAMEA2620217_METAG_NNIMABAL,0,0,0,Actinobacteriota,82.44,MAG
TARA_SAMEA2620217_METAG_OEJOLLHB,0,0,0,Actinobacteriota,86.82,MAG
TARA_SAMEA2620217_METAG_OAJDCMCK,0,0,0,Actinobacteriota,82.78,MAG
TARA_SAMEA2620217_METAG_EGIFBKOA,0,0,0,Marinisomatota,86.36,MAG
TARA_SAMEA2622766_METAG_EHGNLLIP,0,0,0,Archaea-Poseidoniia MGIIa,85.7,MAG
TARA_SAMEA2622766_METAG_PEOBMOMG,0,0,0,Archaea-Poseidoniia MGIIa,86.12,MAG
TARA_SAMEA2620217_METAG_PDLDKGDC,0,0,0,Gamma-Other,77.38,MAG
TARA_SAMEA2622766_METAG_NFJLGGLP,0,0,0,Archaea-Poseidoniia MGIIb,78.02,MAG
TARA_SAMEA2623275_METAG_ABMJHONH,0,0,0,Archaea-Poseidoniia MGIIa,82.76,MAG
TARA_SAMEA2623275_METAG_BAPICNMG,0,0,0,Archaea-Poseidoniia MGIIa,81.1,MAG
TARA_SAMEA2623059_METAG_ABEJAINB,0,0,0,Bacteria-Other,98.02,MAG
TARA_SAMEA2623059_METAG_FJBFNHMP,0,0,0,Alpha-Other,94.18,MAG
TARA_SAMEA2623059_METAG_EJJJHNLO,0,0,0,Bacteroidota,93.09,MAG
TARA_SAMEA2623059_METAG_NOCDOODJ,0,0,0,Verrucomicrobiota,89.84,MAG
TARA_SAMEA2623059_METAG_JNNADOBH,0,0,0,Bacteroidota,90.44,MAG
TARA_SAMEA2623059_METAG_INLCHAAC,0,0,0,Alpha-Other,88.65,MAG
TARA_SAMEA2623059_METAG_NHBFBDNK,0,0,0,Bacteroidota,85.11,MAG
TARA_SAMEA2623059_METAG_LJAOIDDN,0,0,0,Verrucomicrobiota,80.78,MAG
TARA_SAMEA2623059_METAG_CCLBOEAI,0,0,0,Gamma-Other,75.66,MAG
TARA_SAMEA2623059_METAG_NKMCJJAI,0,0,0,Bacteroidota,76.12,MAG
TARA_SAMEA2623059_METAG_JNCGMAHA,0,0,0,Gamma-SAR86,75.63,MAG
TARA_SAMEA2623868_METAG_MMHACAKM,0,0,0,Archaea-Poseidoniia MGIIa,84.61,MAG
TARA_SAMEA2622429_METAG_HILDLNPK,0,0,0,Alpha-Other,80.54,MAG
TARA_SAMEA2622429_METAG_LAPPBBMN,0,0,0,SAR324,87.18,MAG
TARA_SAMEA2622429_METAG_MOMNCIJP,0,0,0,Alpha-Rhodobacter,79.76,MAG
TARA_SAMEA2622429_METAG_IOCJLNJP,0,0,0,Chloroflexota,75.84,MAG
TARA_SAMEA2622402_METAG_OAKMNGPI,0,0,0,Archaea-Poseidoniia MGIIa,87.91,MAG
TARA_SAMEA2622402_METAG_JGKDKCLK,0,0,0,Archaea-Poseidoniia MGIIa,86.24,MAG
TARA_SAMEA2622402_METAG_KBMDOBLI,0,0,0,Archaea-Poseidoniia MGIIa,82.88,MAG
TARA_SAMEA2620970_METAG_NEIGMOFD,0,0,0,Bacteroidota,94.48,MAG
TARA_SAMEA2620970_METAG_BAMIOPMG,0,0,0,Gamma-SAR92,89.52,MAG
TARA_SAMEA2620970_METAG_PLMMBPNK,0,0,0,Bacteroidota,92.22,MAG
TARA_SAMEA2620970_METAG_GGGAAFKL,0,0,0,Alpha-Other,84.09,MAG
TARA_SAMEA2620970_METAG_BHGLBEAF,0,0,0,Alpha-Other,86.31,MAG
TARA_SAMEA2620970_METAG_BEMBFLFL,0,0,0,Bacteria-Other,82.3,MAG
TARA_SAMEA2622402_METAG_BMNALNCN,0,0,0,Archaea-Poseidoniia MGIIa,82.18,MAG
TARA_SAMEA2620570_METAG_JFCILMGE,0,0,0,Alpha-Pelagibacter,80.41,MAG
TARA_SAMEA2620570_METAG_IDEBCNFM,0,0,0,Marinisomatota,79.89,MAG
TARA_SAMEA2620570_METAG_EHBAIJHL,0,0,0,Bacteroidota,83.81,MAG
TARA_SAMEA2622402_METAG_DDNIIICB,0,0,0,Archaea-Poseidoniia MGIIb,83.6,MAG
TARA_SAMEA2620570_METAG_NGINBADE,0,0,0,Cyano-Other,80.66,MAG
TARA_SAMEA2622402_METAG_KNGBIHKM,0,0,0,Archaea-Poseidoniia MGIIb,78.66,MAG
TARA_SAMEA2620570_METAG_OPNMADFG,0,0,0,Bacteroidota,82.87,MAG
TARA_SAMEA2622097_METAG_NOJCBHLI,0,0,0,Archaea-Poseidoniia MGIIa,84.89,MAG
TARA_SAMEA2622097_METAG_FHFIELAB,0,0,0,Archaea-Poseidoniia MGIIb,82.08,MAG
TARA_SAMEA2622219_METAG_CMKMKFEO,0,0,0,Archaea-Poseidoniia MGIIa,78.13,MAG
TARA_SAMEA2622901_METAG_JNEDAGAE,0,0,0,Archaea-Poseidoniia MGIIa,86,MAG
TARA_SAMEA2622901_METAG_GGBEDMAF,0,0,0,Archaea-Poseidoniia MGIIb,84.3,MAG
TARA_SAMEA2620950_METAG_PKIDFLJG,0,0,0,Bacteroidota,85.69,MAG
TARA_SAMEA2620950_METAG_EPLBFJPE,0,0,0,Bacteroidota,84.51,MAG
TARA_SAMEA2620542_METAG_OBLOLEGM,0,0,0,Archaea-Poseidoniia MGIIa,85.1,MAG
TARA_SAMEA2621216_METAG_NKOBPKGB,0,0,0,Chloroflexota,96.18,MAG
TARA_SAMEA2621216_METAG_ANKHBPBN,1,1,1,Gamma-Alteromonas,80.57,MAG
TARA_SAMEA2621216_METAG_DBGOPMHO,0,0,0,Chloroflexota,92.9,MAG
TARA_SAMEA2621216_METAG_DBODLHOP,1,1,1,Planctomycetota,92.56,MAG
TARA_SAMEA2621216_METAG_HBPPHFIC,0,0,0,Verrucomicrobiota,92.18,MAG
TARA_SAMEA2621216_METAG_MPAIDOGO,0,0,0,Gemmatimonadota,90.42,MAG
TARA_SAMEA2621216_METAG_LPGNMGOD,1,1,1,Alpha-Other,82.69,MAG
TARA_SAMEA2620542_METAG_LIAEEFIP,0,0,0,Archaea-Poseidoniia MGIIa,79.03,MAG
TARA_SAMEA2619399_METAG_AILCFMHG,0,0,0,Archaea-Poseidoniia MGIIa,80.04,MAG
TARA_SAMEA2619531_METAG_FKOCDNIL,0,0,0,Archaea-Poseidoniia MGIIa,80.72,MAG
TARA_SAMEA2621066_METAG_IFDKCHCD,0,0,0,Archaea-Poseidoniia MGIIa,85.62,MAG
TARA_SAMEA2623850_METAG_DMENNHJN,0,0,0,Bacteroidota,93.5,MAG
TARA_SAMEA2623850_METAG_CPABFIAD,0,0,0,Bacteroidota,81.62,MAG
TARA_SAMEA2623850_METAG_NNJCCPCM,0,0,0,Bacteroidota,91.02,MAG
TARA_SAMEA2623850_METAG_LGFKOLNF,0,0,0,Alpha-Pelagibacter,86.16,MAG
TARA_SAMEA2623850_METAG_NLIPAHLB,0,0,0,Bacteroidota,80.81,MAG
TARA_SAMEA2623850_METAG_KJNKAADA,0,0,0,Cyano-Pro,81.13,MAG
TARA_SAMEA2623850_METAG_JNOEMOEG,0,0,0,Alpha-Rhodobacter,85.79,MAG
TARA_SAMEA2623850_METAG_FKKEHPMI,0,0,0,Gamma-Other,85.24,MAG
TARA_SAMEA2621066_METAG_OKFMIMCB,0,0,0,Archaea-Poseidoniia MGIIa,84.6,MAG
TARA_SAMEA2623850_METAG_DPDGAPLL,0,0,0,Bacteroidota,76.94,MAG
TARA_SAMEA2623850_METAG_LJIPCEHC,0,0,0,Bacteroidota,76.04,MAG
TARA_SAMEA2623850_METAG_NADLKMKF,0,0,0,Actinobacteriota,80.82,MAG
TARA_SAMEA2621066_METAG_LGJFFIJE,0,0,0,Archaea-Poseidoniia MGIIa,81.88,MAG
TARA_SAMEA2623350_METAG_ABNBOOEK,0,0,0,Archaea-Poseidoniia MGIIa,75.45,MAG
TARA_SAMEA2623350_METAG_JEIKOFID,0,0,0,Archaea-Poseidoniia MGIIa,77.3,MAG
TARA_SAMEA2622545_METAG_BJBHFFMN,0,0,0,Archaea-Poseidoniia MGIIa,77.18,MAG
TARA_SAMEA4396971_METAG_PHIKKMFH,0,0,0,Archaea-Poseidoniia MGIIa,85.11,MAG
TARA_SAMEA4396971_METAG_CPLBECPE,0,0,0,Archaea-Poseidoniia MGIIa,86.69,MAG
TARA_SAMEA4396971_METAG_IONKBFJI,0,0,0,Archaea-Poseidoniia MGIIa,87.24,MAG
TARA_SAMEA2619879_METAG_EMACDLHK,0,0,0,SAR324,90.18,MAG
TARA_SAMEA2619879_METAG_FKKHLKKL,0,0,0,Actinobacteriota,88.7,MAG
TARA_SAMEA2619879_METAG_NCJONGGE,0,0,0,Alpha-Other,90.75,MAG
TARA_SAMEA4396496_METAG_OAEMDFLN,0,0,0,Archaea-Poseidoniia MGIIa,83.11,MAG
TARA_SAMEA4397930_METAG_HKAPJPGM,0,0,0,Archaea-Poseidoniia MGIIa,82.22,MAG
TARA_SAMEA2619879_METAG_PFBFHBIF,0,0,0,Bacteroidota,87.6,MAG
TARA_SAMEA2619879_METAG_INPBGMMK,0,0,0,Gamma-Other,85.3,MAG
TARA_SAMEA2619879_METAG_EAGODMKI,0,0,0,Alpha-Rhodobacter-LowGC,82.96,MAG
TARA_SAMEA2619879_METAG_JCCAFMLK,0,0,0,Bacteroidota,76.74,MAG
TARA_SAMEA4398296_METAG_HHNPECAE,0,0,0,Archaea-Poseidoniia MGIIa,86.69,MAG
TARA_SAMEA2619879_METAG_BPCDPPPA,0,0,0,Gamma-SAR86,75.13,MAG
TARA_SAMEA4398094_METAG_GOBAKJBO,0,0,0,Archaea-Poseidoniia MGIIa,81.24,MAG
TARA_SAMEA4398370_METAG_AEHNDJMJ,0,0,0,Archaea-Poseidoniia MGIIa,86.6,MAG
TARA_SAMEA4398370_METAG_PBAEOGLE,0,0,0,Archaea-Poseidoniia MGIIa,84.28,MAG
TARA_SAMEA2620259_METAG_OHBFMFFC,1,1,1,Gamma-Alteromonas,96.1,MAG
TARA_SAMEA2620259_METAG_BKJHBOGD,0,0,0,Actinobacteriota,90.12,MAG
TARA_SAMEA2620259_METAG_MMKPFBMC,0,0,0,Marinisomatota,92.52,MAG
TARA_SAMEA2620259_METAG_DPLDGIFI,0,0,0,Bacteroidota,87.84,MAG
TARA_SAMEA2620259_METAG_OGPFJPAE,0,0,0,Gamma-Other,93.16,MAG
TARA_SAMEA2620259_METAG_PEKLGJMC,0,0,0,Actinobacteriota,87.38,MAG
TARA_SAMEA4398413_METAG_HEMGKNBL,0,0,0,Archaea-Other,88.66,MAG
TARA_SAMEA4398413_METAG_LMHNOIDB,0,0,0,Archaea-Poseidoniia MGIIb,85.18,MAG
TARA_SAMEA2620259_METAG_CKEGMDJE,0,0,0,Bacteria-Other,80.3,MAG
TARA_SAMEA2620259_METAG_LLDJFFLC,0,0,0,Marinisomatota,79.78,MAG
TARA_SAMEA2620259_METAG_GDKHAGBA,0,0,0,Cyano-Pro,80.43,MAG
TARA_SAMEA4396538_METAG_HNFNJKLH,0,0,0,Archaea-Poseidoniia MGIIa,86.84,MAG
TARA_SAMEA4398341_METAG_HKHBNFCD,0,0,0,Archaea-Poseidoniia MGIIa,86.2,MAG
TARA_SAMEA4398341_METAG_MKDOLPEM,0,0,0,Archaea-Poseidoniia MGIIa,82.2,MAG
BGEO_SAMN07136951_METAG_IOLOPKDF,0,0,0,Archaea-Poseidoniia MGIIa,84.74,MAG
BGEO_SAMN07136492_METAG_JBPIEDDC,0,0,0,Archaea-Poseidoniia MGIIa,82.08,MAG
BGEO_SAMN07136957_METAG_MKCKJPEN,0,0,0,Archaea-Poseidoniia MGIIa,78.52,MAG
TARA_SAMEA2623756_METAG_DMBINDKP,1,1,1,Gamma-Alteromonas,99.64,MAG
TARA_SAMEA2623756_METAG_DKEICAIH,0,0,0,Gemmatimonadota,92.52,MAG
TARA_SAMEA2623756_METAG_HDODALJM,0,0,0,Bacteria-Other,91.88,MAG
TARA_SAMEA2623756_METAG_EILEHNFN,0,0,0,Chloroflexota,91.94,MAG
TARA_SAMEA2623756_METAG_KEOMHLBK,0,0,0,Alpha-Other,76.34,MAG
TARA_SAMEA2623756_METAG_KHHGJCKK,0,0,0,Chloroflexota,85.52,MAG
TARA_SAMEA2623756_METAG_FDADPHPN,0,0,0,Planctomycetota,82.88,MAG
BGEO_SAMN07136953_METAG_KHOFBFBC,0,0,0,Archaea-Poseidoniia MGIIa,80.52,MAG
BGEO_SAMN07136485_METAG_DMOPGOCO,0,0,0,Archaea-Poseidoniia MGIIa,85.46,MAG
TARA_SAMEA2623756_METAG_FOPKGLGB,0,0,0,Gemmatimonadota,76.92,MAG
TARA_SAMEA2623756_METAG_MPKNDHJM,0,0,0,Chloroflexota,76.96,MAG
BGEO_SAMN07136948_METAG_ONCDHBHP,0,0,0,Archaea-Poseidoniia MGIIa,78.13,MAG
BGEO_SAMN07136486_METAG_PKNHFFDB,0,0,0,Archaea-Poseidoniia MGIIa,76.72,MAG
BATS_SAMN07137092_METAG_HLMFKHHG,0,0,0,Archaea-Poseidoniia MGIIa,86.14,MAG
BGEO_SAMN07136910_METAG_BDPICMJP,0,0,0,Archaea-Poseidoniia MGIIa,82.08,MAG
BGEO_SAMN07136681_METAG_PKLJAHED,0,0,0,Archaea-Poseidoniia MGIIa,78.24,MAG
TARA_SAMEA2623295_METAG_CHHADNEF,0,0,0,Acidobacteriota,98,MAG
TARA_SAMEA2623295_METAG_KGMCJEGK,0,0,0,Chloroflexota,95.4,MAG
TARA_SAMEA2623295_METAG_JAJGGAMP,1,1,1,Gamma-Alteromonas,82.32,MAG
TARA_SAMEA2623295_METAG_PLOLJKDM,0,0,0,Bacteria-Other,93.11,MAG
TARA_SAMEA2623295_METAG_APLIELOC,0,0,0,Gamma-Other,85.49,MAG
TARA_SAMEA2623295_METAG_OKJLELPM,0,0,0,Chloroflexota,89.44,MAG
TARA_SAMEA2623295_METAG_PFBBBJMD,0,0,0,Alpha-Other,87.54,MAG
TARA_SAMEA2623295_METAG_HCCLONHJ,0,0,0,Acidobacteriota,91.11,MAG
TARA_SAMEA2623295_METAG_CMPEFAGD,0,0,0,Alpha-Other,87.64,MAG
TARA_SAMEA2623295_METAG_LAMOPEEP,0,0,0,Gamma-Other,85.06,MAG
BGEO_SAMN07136713_METAG_DLPEAFAF,0,0,0,Archaea-Poseidoniia MGIIb,81.58,MAG
TARA_SAMEA2623295_METAG_KEJKPAHG,0,0,0,Gamma-Other,87.38,MAG
TARA_SAMEA2623295_METAG_OKANKKMB,0,0,0,Acidobacteriota,76.24,MAG
BGEO_SAMN07136491_METAG_CNFJCJEK,0,0,0,Archaea-Poseidoniia MGIIa,84.8,MAG
TARA_SAMEA2623314_METAG_AJNKELNF,0,0,0,Gamma-Other,96.02,MAG
TARA_SAMEA2623314_METAG_CFDOJBOP,0,0,0,Gamma-Other,94.85,MAG
TARA_SAMEA2623314_METAG_LLDKFMFG,0,0,0,Gamma-Other,93.6,MAG
TARA_SAMEA2623314_METAG_OAILOJKB,0,0,0,Gamma-Other,91.3,MAG
TARA_SAMEA2623314_METAG_NPNCOIBP,0,0,0,Chloroflexota,90.46,MAG
TARA_SAMEA2623314_METAG_IDOGILND,0,0,0,SAR324,91.84,MAG
TARA_SAMEA2623314_METAG_PLODEHAJ,0,0,0,Acidobacteriota,90.9,MAG
TARA_SAMEA2623314_METAG_KPOFDOAL,0,0,0,SAR324,88.48,MAG
BGEO_SAMN07136914_METAG_CAIJLIFL,0,0,0,Archaea-Poseidoniia MGIIa,82,MAG
TARA_SAMEA2623314_METAG_ABJLBLJK,0,0,0,Chloroflexota,83,MAG
TARA_SAMEA2623314_METAG_NFOKJOOI,0,0,0,Gemmatimonadota,82.05,MAG
TARA_SAMEA2623314_METAG_BEAHLGLB,0,0,0,Acidobacteriota,85.9,MAG
TARA_SAMEA2623314_METAG_LJBBKJEL,0,0,0,Acidobacteriota,78.09,MAG
TARA_SAMEA2623314_METAG_DBCNMGJA,0,0,0,Alpha-Other,76.9,MAG
TARA_SAMEA2623314_METAG_EKPOCGKG,0,0,0,Gamma-Other,75.23,MAG
TARA_SAMEA2619802_METAG_ABEHAKBN,0,0,0,Verrucomicrobiota,76.6,MAG
TARA_SAMEA2619802_METAG_NLNHDIMK,0,0,0,Marinisomatota,79.72,MAG
TARA_SAMN05326650_METAG_MED00079,0,0,0,Archaea-Poseidoniia MGIIa,78.36,MAG
TARA_SAMN05326650_METAG_MED00095,0,0,0,Archaea-Poseidoniia MGIIb,76.94,MAG
TARA_SAMEA2619802_METAG_LDPJMMHG,0,0,0,Gamma-Other,80.34,MAG
TARA_SAMN05326646_METAG_PSW00055,0,0,0,Archaea-Poseidoniia MGIIa,81.34,MAG
TARA_SAMEA2623826_METAG_OCIHHAIO,1,1,1,Gamma-Alteromonas,93.28,MAG
TARA_SAMEA2623826_METAG_CCJGCNPM,1,1,1,Verrucomicrobiota,88.43,MAG
TARA_SAMEA2623826_METAG_FBPPGNKK,1,1,1,Alpha-Other,94.32,MAG
TARA_SAMEA2623826_METAG_CDHFDGAM,0,0,0,Actinobacteriota,86.22,MAG
TARA_SAMEA2623826_METAG_MPCEGCCN,0,0,0,Cyano-Pro,88.6,MAG
TARA_SAMEA2623826_METAG_LEFOAHNC,0,0,0,Bacteroidota,89.82,MAG
TARA_SAMEA2623826_METAG_MINAPPNB,0,0,0,Actinobacteriota,85.06,MAG
TARA_SAMEA2623826_METAG_FDMACKGH,0,0,0,Bacteria-Other,78.64,MAG
TARA_SAMEA2623826_METAG_CCKPONJB,0,0,0,Alpha-Rhodobacter,80.4,MAG
TARA_SAMEA2623826_METAG_PGAKDBDF,0,0,0,Bacteroidota,81.06,MAG
TARA_SAMN05326646_METAG_PSW00057,0,0,0,Archaea-Poseidoniia MGIIb,79.25,MAG
TARA_SAMEA2623826_METAG_MAEBGPLK,0,0,0,Bacteroidota,78.05,MAG
TARA_SAMEA2623826_METAG_DLIHIEHK,0,0,0,Gamma-Other,83.59,MAG
TARA_SAMEA2623826_METAG_BMLFKAJL,0,0,0,Gamma-Other,79.42,MAG
TARA_SAMEA2623826_METAG_MGADAENG,0,0,0,Gamma-SAR86,76.12,MAG
TARA_SAMEA2622652_METAG_AJAGJPHE,0,0,0,Marinisomatota,87.41,MAG
TARA_SAMEA2622652_METAG_NHABKKKL,1,1,1,Gamma-Alteromonas,77.96,MAG
TARA_SAMEA2622652_METAG_IODHCJFC,0,0,0,Bacteroidota,79.04,MAG
TARA_SAMN05326646_METAG_PSW00075,0,0,0,Archaea-Poseidoniia MGIIb,79.34,MAG
TARA_SAMEA2622652_METAG_KBHKMKMI,0,0,0,Gamma-Other,81.11,MAG
TARA_SAMN05326648_METAG_IOS00039,0,0,0,Archaea-Poseidoniia MGIIb,75.92,MAG
TARA_SAMEA2622766_METAG_CCDAFOBI,0,0,0,Bacteroidota,98.65,MAG
TARA_SAMEA2622766_METAG_ILAMPCFE,0,0,0,Actinobacteriota,96.34,MAG
TARA_SAMEA2622766_METAG_EPEBAONN,0,0,0,Marinisomatota,92.84,MAG
TARA_SAMEA2622766_METAG_APIKJLNH,0,0,0,Alpha-Other,91.93,MAG
TARA_SAMEA2622766_METAG_NPIKBFEM,0,0,0,Bacteria-Other,92.96,MAG
TARA_SAMEA2622766_METAG_LMDFGENC,0,0,0,Bacteroidota,86.65,MAG
TARA_SAMEA2622766_METAG_ICABGDLO,0,0,0,Alpha-Pelagibacter,86.66,MAG
TARA_SAMEA2622766_METAG_BBDPGBMJ,0,0,0,Gamma-Other,92.77,MAG
TARA_SAMEA2622766_METAG_BBJMIBCF,0,0,0,Gamma-Other,87.32,MAG
TARA_SAMEA2622766_METAG_NHOJPNOF,0,0,0,Bacteria-Other,88.08,MAG
TARA_SAMEA2622766_METAG_DKGCECGG,0,0,0,Bacteroidota,88.21,MAG
TARA_SAMEA2622766_METAG_BNCNLLJJ,0,0,0,Marinisomatota,86.33,MAG
TARA_SAMEA2622766_METAG_DOCCCNCG,0,0,0,Gamma-Other,84.62,MAG
TARA_SAMEA2622766_METAG_GBAOJDGL,0,0,0,Alpha-Other,83.58,MAG
TARA_SAMEA2622766_METAG_OHOJPFHK,0,0,0,Dadabacteria,84.45,MAG
TARA_SAMEA2622766_METAG_PJKJDIMK,0,0,0,Bacteria-Other,86.35,MAG
TARA_SAMEA2622766_METAG_CADJBMGN,0,0,0,Bacteroidota,79.85,MAG
TARA_SAMEA2622766_METAG_JKJGBHBG,0,0,0,Bacteroidota,80.26,MAG
TARA_SAMEA2622766_METAG_NFCOHIAK,0,0,0,Gamma-Other,78.26,MAG
TARA_SAMEA2622766_METAG_MJCKHNBC,0,0,0,Marinisomatota,75.93,MAG
TARA_SAMEA2622766_METAG_KILPEAHP,0,0,0,Bacteroidota,75.59,MAG
TARA_SAMN05326640_METAG_ANE00024,0,0,0,Archaea-Poseidoniia MGIIa,83.75,MAG
TARA_SAMEA2622766_METAG_FGGLAKDF,0,0,0,Gamma-Other,79.71,MAG
TARA_SAMEA2622766_METAG_IGKAAAGB,0,0,0,Bacteroidota,77.15,MAG
TARA_SAMEA2622766_METAG_KEACLOBL,0,0,0,Gamma-Other,80.14,MAG
TARA_SAMN05326640_METAG_ANE00027,0,0,0,Archaea-Poseidoniia MGIIa,82.08,MAG
TARA_SAMEA2621839_METAG_AMINNHCB,0,0,0,Alpha-Other,96.57,MAG
TARA_SAMEA2621839_METAG_CJCIEDNA,0,0,0,Bacteroidota,93.09,MAG
TARA_SAMEA2621839_METAG_MKAHMAJH,0,0,0,Bacteroidota,92.95,MAG
TARA_SAMEA2621839_METAG_DEIPNAFO,0,0,0,Gamma-Other,95.2,MAG
TARA_SAMEA2621839_METAG_LMFFHMLM,0,0,0,Bacteroidota,91.16,MAG
TARA_SAMEA2621839_METAG_AKAMICPA,0,0,0,Gamma-Other,94.46,MAG
TARA_SAMEA2621839_METAG_PIIHAHGL,0,0,0,Gamma-Other,95.04,MAG
TARA_SAMEA2621839_METAG_DLDEDGEC,0,0,0,Alpha-Puniceispirilla,80.72,MAG
TARA_SAMEA2621839_METAG_KCMDICPG,0,0,0,Bacteroidota,90.43,MAG
TARA_SAMEA2621839_METAG_HILMGKBK,0,0,0,Gamma-Other,81.35,MAG
TARA_SAMEA2621839_METAG_MPOMBCBP,0,0,0,Gamma-Other,79.02,MAG
TARA_SAMEA2621839_METAG_FBGMGKOC,0,0,0,Bacteroidota,88.01,MAG
TARA_SAMEA2621839_METAG_BGPIDKKL,0,0,0,Gamma-Other,89.4,MAG
TARA_SAMEA2621839_METAG_GCNKNAHO,0,0,0,Verrucomicrobiota,80.85,MAG
TARA_SAMEA2621839_METAG_ICOGKKCB,0,0,0,Bacteroidota,84.46,MAG
TARA_SAMEA2621839_METAG_IDMLDCOD,0,0,0,Alpha-Other,87.06,MAG
TARA_SAMEA2621839_METAG_OONDINLB,0,0,0,Bacteroidota,75.51,MAG
TARA_SAMEA2621839_METAG_DIDEDDPD,0,0,0,Actinobacteriota,79.61,MAG
TARA_SAMEA2621839_METAG_IANCHAII,0,0,0,Bacteroidota,81.81,MAG
TARA_SAMEA2621839_METAG_FGHNHKFG,0,0,0,Gamma-Other,79.65,MAG
TARA_SAMEA2621839_METAG_JKOLEEFE,0,0,0,Bacteroidota,79.16,MAG
TARA_SAMEA2621839_METAG_CHKPNCKL,0,0,0,Gamma-Other,85.4,MAG
TARA_SAMEA2623275_METAG_FLGPPBMM,0,0,0,Bacteroidota,89.68,MAG
TARA_SAMEA2623275_METAG_GOMFOALF,0,0,0,Marinisomatota,80.66,MAG
TARA_SAMEA2623275_METAG_OPNFCMMM,0,0,0,Bacteroidota,88.74,MAG
TARA_SAMEA2623275_METAG_MBCFDLOA,0,0,0,Alpha-Rhodobacter,79.21,MAG
TARA_SAMEA2623275_METAG_AKCCHGEA,0,0,0,Marinisomatota,76.06,MAG
TARA_SAMEA2623275_METAG_BGOPNKLO,0,0,0,Bacteroidota,82.36,MAG
TARA_SAMEA2623275_METAG_KFDGJLLK,0,0,0,Bacteroidota,77.26,MAG
TARA_SAMN05326640_METAG_ANE00042,0,0,0,Archaea-Poseidoniia MGIIa,78.12,MAG
TARA_SAMN05326641_METAG_ANW00024,0,0,0,Archaea-Poseidoniia MGIIa,83.56,MAG
TARA_SAMEA2623868_METAG_GPJFODKB,0,0,0,Actinobacteriota,96.64,MAG
TARA_SAMEA2623868_METAG_JEEIHONJ,0,0,0,Gemmatimonadota,94.24,MAG
TARA_SAMEA2623868_METAG_FIADHPBB,0,0,0,Chloroflexota,90.69,MAG
TARA_SAMEA2623868_METAG_GJODOFID,0,0,0,Alpha-Rhodobacter-LowGC,86.74,MAG
TARA_SAMEA2623868_METAG_EOIHPBAI,0,0,0,Alpha-Pelagibacter,87.68,MAG
TARA_SAMEA2623868_METAG_DKHLHKPN,0,0,0,SAR324,90.56,MAG
TARA_SAMEA2623868_METAG_EEFJNHDN,0,0,0,Alpha-Other,88.01,MAG
TARA_SAMEA2623868_METAG_AOLFLAKD,0,0,0,Bacteroidota,84.99,MAG
TARA_SAMEA2622843_METAG_HGIIGMCN,0,0,0,Archaea-Other,84.88,MAG
TARA_SAMEA2623868_METAG_PJMANKAH,0,0,0,Bacteroidota,81.43,MAG
TARA_SAMEA2623868_METAG_HGNFINKC,0,0,0,Alpha-Rhodobacter,84.36,MAG
TARA_SAMEA2623868_METAG_BBAFKDIC,0,0,0,Marinisomatota,76.32,MAG
TARA_SAMEA2623868_METAG_MNLELPPJ,0,0,0,Gamma-Other,77.31,MAG
TARA_SAMEA2623868_METAG_IJLCNBIN,0,0,0,Gamma-Other,78.6,MAG
TARA_SAMEA2622843_METAG_DIBFGDKN,0,0,0,Archaea-Poseidoniia MGIIb,80.28,MAG
TARA_SAMEA2622695_METAG_HFEHKLND,0,0,0,Archaea-Other,76.78,MAG
TARA_SAMEA2622764_METAG_DAJEDHNO,0,0,0,Archaea-Poseidoniia MGIIb,85.22,MAG
TARA_SAMEA2622842_METAG_PDIHADFC,0,0,0,Archaea-Poseidoniia MGIIb,77.96,MAG
TARA_SAMEA2622842_METAG_NKBMBPIH,0,0,0,Archaea-Other,75.14,MAG
TARA_SAMEA2620786_METAG_LKHJIEAD,0,0,0,Marinisomatota,94.31,MAG
TARA_SAMEA2620786_METAG_COJBNFED,0,0,0,Bacteroidota,90.12,MAG
TARA_SAMEA2620786_METAG_CJNENOHM,0,0,0,Verrucomicrobiota,84.04,MAG
TARA_SAMEA2620786_METAG_FIJADCCL,0,0,0,Chloroflexota,84.32,MAG
TARA_SAMEA2620786_METAG_FMAPCHDA,0,0,0,Bacteroidota,87.71,MAG
TARA_SAMEA2620786_METAG_DAOKECPL,0,0,0,Bacteroidota,85.83,MAG
TARA_SAMEA2622842_METAG_JONLMDOJ,0,0,0,Archaea-Poseidoniia MGIIb,84.52,MAG
TARA_SAMEA2622800_METAG_EPKIAFBB,0,0,0,Archaea-Poseidoniia MGIIb,84.92,MAG
TARA_SAMEA2621278_METAG_MJBDNEEM,0,0,0,Archaea-Poseidoniia MGIIb,85.32,MAG
TARA_SAMEA2622499_METAG_AGKMCDCN,1,1,1,Gamma-Alteromonas,81.24,MAG
TARA_SAMEA2622499_METAG_JIADBOCB,1,1,1,Bacteroidota,93.2,MAG
TARA_SAMEA2622499_METAG_CDJKDFPA,0,0,0,Gemmatimonadota,87.12,MAG
TARA_SAMEA2622499_METAG_JGAJEKGC,0,0,0,Chloroflexota,78.52,MAG
TARA_SAMEA2622499_METAG_PMMOBHME,0,0,0,Alpha-Other,86.3,MAG
TARA_SAMEA2622499_METAG_OGICAGKO,0,0,0,Acidobacteriota,84.28,MAG
TARA_SAMEA2622499_METAG_OFBFEAEJ,0,0,0,Gamma-Other,87.17,MAG
TARA_SAMEA2621278_METAG_FOJCFOBN,0,0,0,Archaea-Poseidoniia MGIIa,87.4,MAG
TARA_SAMEA2622499_METAG_GMGOFDNF,0,0,0,Chloroflexota,79.14,MAG
TARA_SAMEA2622499_METAG_ICCHPCFB,0,0,0,Gamma-Other,83.62,MAG
TARA_SAMEA2621020_METAG_NOBKGHMJ,0,0,0,Archaea-Poseidoniia MGIIb,79.81,MAG
TARA_SAMEA2622402_METAG_IKPHBABN,1,1,1,Gamma-Alteromonas,86.14,MAG
TARA_SAMEA2622402_METAG_HIOLIFEP,0,0,0,Bacteria-Other,83.52,MAG
TARA_SAMEA2622402_METAG_MGOGGEKB,0,0,0,Bacteroidota,85.24,MAG
TARA_SAMEA2621020_METAG_IJLLOCNP,0,0,0,Archaea-Poseidoniia MGIIb,84.92,MAG
TARA_SAMEA2622402_METAG_DHCNFIGG,0,0,0,Alpha-Rhodobacter,85.06,MAG
TARA_SAMEA2622402_METAG_GMIALIPJ,0,0,0,Bacteroidota,77.44,MAG
TARA_SAMEA2621076_METAG_GJFOBDHN,0,0,0,Archaea-Poseidoniia MGIIb,83.26,MAG
TARA_SAMEA2622402_METAG_PGNCIBKG,0,0,0,Bacteroidota,75.31,MAG
TARA_SAMEA2622402_METAG_LLOKPPDK,0,0,0,Gamma-Other,83,MAG
TARA_SAMEA2622402_METAG_IKHINMIK,0,0,0,Gamma-Other,83.38,MAG
TARA_SAMEA2621076_METAG_GAGLMAHK,0,0,0,Archaea-Poseidoniia MGIIb,87.31,MAG
TARA_SAMEA2621254_METAG_LECKILHI,0,0,0,Bacteroidota,85.71,MAG
TARA_SAMEA2621254_METAG_KMJMGLDI,0,0,0,Gamma-Other,82.89,MAG
TARA_SAMEA2622074_METAG_DBJEHILP,0,0,0,Alpha-Pelagibacter,96.65,MAG
TARA_SAMEA2622074_METAG_OKPMBIFH,0,0,0,Bacteroidota,93,MAG
TARA_SAMEA2622074_METAG_JDGAKLBG,0,0,0,Bacteroidota,86.51,MAG
TARA_SAMEA2622074_METAG_ILKMGLDH,0,0,0,Bacteroidota,83.23,MAG
TARA_SAMEA2622074_METAG_IELCEBLO,0,0,0,Gamma-Other,83.89,MAG
TARA_SAMEA2622074_METAG_OLMHELMO,0,0,0,Bacteroidota,81.16,MAG
TARA_SAMEA2622765_METAG_DFIPNCPJ,0,0,0,Archaea-Poseidoniia MGIIa,80.1,MAG
TARA_SAMEA2623794_METAG_HCKPMHFL,0,0,0,Alpha-Other,81.77,MAG
TARA_SAMEA2623794_METAG_GGPBJABH,0,0,0,Gamma-Other,91.6,MAG
TARA_SAMEA2622765_METAG_FDHFJAOD,0,0,0,Archaea-Poseidoniia MGIIb,86.34,MAG
TARA_SAMEA2622097_METAG_HBPMPIGL,1,1,1,Gamma-Alteromonas,96.18,MAG
TARA_SAMEA2622097_METAG_CBGOIALJ,1,1,1,Gamma-Alteromonas,79.11,MAG
TARA_SAMEA2622097_METAG_BMEACDEL,0,0,0,Bacteroidota,97.04,MAG
TARA_SAMEA2622097_METAG_PEGOJAHG,0,0,0,Bacteroidota,92.28,MAG
TARA_SAMEA2622097_METAG_HMNDCNBK,0,0,0,Bacteroidota,94.51,MAG
TARA_SAMEA2622097_METAG_PNKFOLCJ,0,0,0,Alpha-Pelagibacter,91.24,MAG
TARA_SAMEA2622097_METAG_HAJBCCJL,0,0,0,Alpha-Other,87.57,MAG
TARA_SAMEA2622097_METAG_DMMKGHCB,0,0,0,Bacteroidota,87.24,MAG
TARA_SAMEA2622097_METAG_JIKLHBEF,0,0,0,Alpha-Pelagibacter,90.27,MAG
TARA_SAMEA2622097_METAG_BBADCCBB,0,0,0,Bacteroidota,93.09,MAG
TARA_SAMEA2622097_METAG_JNANGMHD,0,0,0,Gamma-Other,95.9,MAG
TARA_SAMEA2622097_METAG_HGHINCJN,0,0,0,Alpha-Pelagibacter,86.84,MAG
TARA_SAMEA2622097_METAG_HGADEAJE,0,0,0,Bacteroidota,92.22,MAG
TARA_SAMEA2622097_METAG_NPDIAAFP,0,0,0,Verrucomicrobiota,85.66,MAG
TARA_SAMEA2622097_METAG_FLNINHCA,0,0,0,Alpha-Puniceispirilla,78.96,MAG
TARA_SAMEA2622097_METAG_BIKMHFNB,0,0,0,Alpha-Pelagibacter,80.3,MAG
TARA_SAMEA2622097_METAG_AJGPEBIE,0,0,0,Bacteroidota,80.84,MAG
TARA_SAMEA2622097_METAG_NPMLOKCP,0,0,0,Bacteroidota,79.6,MAG
TARA_SAMEA2622097_METAG_IKIBMOFL,0,0,0,Bacteroidota,75.34,MAG
TARA_SAMEA2622097_METAG_IAMGCKJD,0,0,0,Alpha-Other,81.53,MAG
TARA_SAMEA2621779_METAG_HEKBCCJH,0,0,0,Gamma-Other,93.36,MAG
TARA_SAMEA2621779_METAG_DLNKCJJJ,0,0,0,Alpha-Pelagibacter,92.48,MAG
TARA_SAMEA2621779_METAG_OMECKAFD,0,0,0,Bacteroidota,95.56,MAG
TARA_SAMEA2621779_METAG_ELBJOAEF,0,0,0,Bacteroidota,91.84,MAG
TARA_SAMEA2621779_METAG_LIIIAOMG,0,0,0,Gamma-Other,90.32,MAG
TARA_SAMEA2621779_METAG_JPIKFFIH,0,0,0,Alpha-Rhodobacter,89.44,MAG
TARA_SAMEA2621779_METAG_FLBLFKBK,0,0,0,Gamma-Other,89.16,MAG
TARA_SAMEA2621779_METAG_OIOGCHIG,0,0,0,Alpha-Other,89.46,MAG
TARA_SAMEA2621779_METAG_BKFIFFGF,0,0,0,Bacteroidota,89.09,MAG
TARA_SAMEA2621779_METAG_BKOBJOML,1,1,1,Gamma-Alteromonas,80.97,MAG
TARA_SAMEA2621779_METAG_HAHOFLDK,0,0,0,Bacteroidota,78.29,MAG
TARA_SAMEA2621779_METAG_FOEBBEIG,0,0,0,Bacteroidota,77.74,MAG
TARA_SAMEA2621779_METAG_NILHEDOO,0,0,0,Gamma-Other,75.08,MAG
TARA_SAMEA2619766_METAG_PGHMOJPG,0,0,0,Verrucomicrobiota,96.49,MAG
TARA_SAMEA2619766_METAG_MEHLGNLO,0,0,0,Alpha-Other,94.94,MAG
TARA_SAMEA2619766_METAG_PDLHCFHF,0,0,0,Alpha-Puniceispirilla,95.28,MAG
TARA_SAMEA2619766_METAG_AGJMLGCB,0,0,0,Gamma-SAR92,95.63,MAG
TARA_SAMEA2619766_METAG_AEPADPAG,0,0,0,Alpha-Other,95.42,MAG
TARA_SAMEA2619766_METAG_PIAPAGPC,0,0,0,Bacteroidota,94.34,MAG
TARA_SAMEA2619766_METAG_PNCHGECM,0,0,0,Gamma-Other,95.22,MAG
TARA_SAMEA2619766_METAG_GANBJGDD,0,0,0,Alpha-Rhodobacter-LowGC,94.38,MAG
TARA_SAMEA2619766_METAG_DNMPBJJD,0,0,0,Gamma-Other,94.6,MAG
TARA_SAMEA2619766_METAG_OMMCPKKB,0,0,0,Gamma-Other,94.36,MAG
TARA_SAMEA2619766_METAG_NPLFICJK,0,0,0,Alpha-Other,90.22,MAG
TARA_SAMEA2619766_METAG_COEPJAOG,0,0,0,Gamma-Other,79.92,MAG
TARA_SAMEA2619766_METAG_JFLADLLE,0,0,0,Gamma-Other,89.68,MAG
TARA_SAMEA2619766_METAG_GGOAMOFM,0,0,0,Dadabacteria,91.39,MAG
TARA_SAMEA2619766_METAG_AIDPDELB,0,0,0,Alpha-Other,83.97,MAG
TARA_SAMEA2619766_METAG_DKPKHNKI,0,0,0,Gamma-Other,84.13,MAG
TARA_SAMEA2619766_METAG_JKMOKFGM,0,0,0,Gamma-Other,84.62,MAG
TARA_SAMEA2619766_METAG_MPAPHDDH,0,0,0,Gamma-SAR86,82.73,MAG
TARA_SAMEA2619766_METAG_HDEFFBOG,0,0,0,Bacteroidota,80.6,MAG
TARA_SAMEA2619766_METAG_MOLMMEJI,0,0,0,Alpha-Other,78.91,MAG
TARA_SAMEA2619766_METAG_NNKCIFNH,0,0,0,Gamma-SAR86,78.08,MAG
TARA_SAMEA2622219_METAG_BCNDIPPI,0,0,0,Bacteroidota,97.06,MAG
TARA_SAMEA2622219_METAG_CBPANGGE,0,0,0,Actinobacteriota,94.48,MAG
TARA_SAMEA2622219_METAG_PPKFNHCK,0,0,0,Bacteroidota,92.27,MAG
TARA_SAMEA2622219_METAG_OMDBNCJK,0,0,0,Bacteroidota,94.92,MAG
TARA_SAMEA2622219_METAG_GIOFANNH,0,0,0,Bacteroidota,92.1,MAG
TARA_SAMEA2622219_METAG_GJKCCBDG,0,0,0,Alpha-Rhodobacter,93.22,MAG
TARA_SAMEA2622219_METAG_FGDKILBA,0,0,0,Gamma-Other,89.21,MAG
TARA_SAMEA2622219_METAG_GEPCKMEH,0,0,0,Actinobacteriota,89.74,MAG
TARA_SAMEA2622219_METAG_JHGOMPBC,0,0,0,Alpha-Rhodobacter-LowGC,86.9,MAG
TARA_SAMEA2622219_METAG_CMEDDACP,0,0,0,Alpha-Other,88.76,MAG
TARA_SAMEA2622219_METAG_EICAIODG,0,0,0,Bacteroidota,86.34,MAG
TARA_SAMEA2622219_METAG_KBFNOACN,0,0,0,Bacteroidota,83.79,MAG
TARA_SAMEA2621260_METAG_CPDGLFIF,0,0,0,Archaea-Poseidoniia MGIIa,79.66,MAG
TARA_SAMEA2622219_METAG_EDOKAMBI,0,0,0,Verrucomicrobiota,79.63,MAG
TARA_SAMEA2622219_METAG_IMNHPEHP,0,0,0,Chloroflexota,80.54,MAG
TARA_SAMEA2621260_METAG_PGCMGLNP,0,0,0,Archaea-Poseidoniia MGIIb,85.54,MAG
TARA_SAMEA2621259_METAG_NGKLMMLI,0,0,0,Archaea-Poseidoniia MGIIb,84.84,MAG
TARA_SAMEA2621222_METAG_JBHPJLMB,0,0,0,Archaea-Poseidoniia MGIIa,85.58,MAG
TARA_SAMEA2622696_METAG_DNODOPFH,0,0,0,Archaea-Poseidoniia MGIIb,86.43,MAG
TARA_SAMEA2622696_METAG_GMKHDKPI,0,0,0,Archaea-Poseidoniia MGIIb,82.9,MAG
TARA_SAMEA2622901_METAG_OIDPKCHG,0,0,0,Marinisomatota,84.86,MAG
TARA_SAMEA2622901_METAG_PAECKCPM,0,0,0,Bacteroidota,88.03,MAG
TARA_SAMEA2622901_METAG_DGHDOPOK,0,0,0,Bacteria-Other,82.66,MAG
TARA_SAMEA2622901_METAG_NNBBNBEA,0,0,0,Verrucomicrobiota,75.03,MAG
TARA_SAMEA2622901_METAG_NCAEHOPD,0,0,0,Bacteroidota,81.11,MAG
TARA_SAMEA2622901_METAG_GPFMPGDL,0,0,0,Bacteroidota,78.82,MAG
TARA_SAMEA2622901_METAG_ILEAHMLF,0,0,0,Alpha-Rhodobacter,80.12,MAG
TARA_SAMEA2621044_METAG_EEGBKALK,0,0,0,Archaea-Poseidoniia MGIIb,76.75,MAG
TARA_SAMEA2621044_METAG_BBPHMNME,0,0,0,Archaea-Poseidoniia MGIIb,81.87,MAG
TARA_SAMEA2621044_METAG_BLOLJLON,0,0,0,Archaea-Other,75.51,MAG
TARA_SAMEA2622048_METAG_LGMIBKNM,0,0,0,Chloroflexota,90.1,MAG
TARA_SAMEA2622048_METAG_ENHCJFFL,0,0,0,Alpha-Other,91.01,MAG
TARA_SAMEA2622048_METAG_PHCPDPAP,0,0,0,Chloroflexota,90.21,MAG
TARA_SAMEA2622048_METAG_NCDIGJJK,0,0,0,Planctomycetota,89.97,MAG
TARA_SAMEA2622048_METAG_IMLALHCJ,1,1,1,Gamma-Alteromonas,81.33,MAG
TARA_SAMEA2622048_METAG_IIFOMHMK,0,0,0,Bacteroidota,82.82,MAG
TARA_SAMEA2622048_METAG_KPJKIDNI,0,0,0,Planctomycetota,78.12,MAG
TARA_SAMEA2622716_METAG_DEOMNEJI,0,0,0,Archaea-Poseidoniia MGIIa,82.04,MAG
TARA_SAMEA2622048_METAG_MKCCBCEH,0,0,0,SAR324,78.2,MAG
TARA_SAMEA2591108_METAG_KPBEGJIK,0,0,0,Verrucomicrobiota,92.9,MAG
TARA_SAMEA2591108_METAG_OILDIEGJ,0,0,0,Bacteroidota,93.96,MAG
TARA_SAMEA2591108_METAG_LACPHABA,0,0,0,Bacteroidota,93.8,MAG
TARA_SAMEA2591108_METAG_GEIMHHGA,0,0,0,Bacteroidota,91.74,MAG
TARA_SAMEA2591108_METAG_LOAPOFCH,0,0,0,Alpha-Puniceispirilla,84.74,MAG
TARA_SAMEA2591108_METAG_KBLPPDBM,0,0,0,Gamma-Other,93.13,MAG
TARA_SAMEA2591108_METAG_ECNHNKLG,0,0,0,Gamma-Other,85.48,MAG
TARA_SAMEA2591108_METAG_OGKJFKGM,0,0,0,Gamma-Other,90.64,MAG
TARA_SAMEA2591108_METAG_JFMOFKIF,0,0,0,Gamma-Other,85.04,MAG
TARA_SAMEA2591108_METAG_BKPONEPF,0,0,0,Bacteroidota,88.36,MAG
TARA_SAMEA2591108_METAG_BEOLONJP,0,0,0,Marinisomatota,80.54,MAG
TARA_SAMEA2591108_METAG_GBEJNBGJ,0,0,0,Gamma-Other,87.58,MAG
TARA_SAMEA2591108_METAG_HOBCHEIH,0,0,0,Gamma-SAR86,80.5,MAG
TARA_SAMEA2621272_METAG_FFCCJPDE,0,0,0,Gamma-Other,99.25,MAG
TARA_SAMEA2621272_METAG_LKFMFFDI,0,0,0,Alpha-Other,98.74,MAG
TARA_SAMEA2621272_METAG_HGBKLAMB,0,0,0,Gemmatimonadota,94.89,MAG
TARA_SAMEA2621272_METAG_GNEPODJB,0,0,0,Chloroflexota,94.57,MAG
TARA_SAMEA2622716_METAG_FIJJIGGP,0,0,0,Archaea-Poseidoniia MGIIa,78.16,MAG
TARA_SAMEA2621272_METAG_EKLMMPJH,0,0,0,Bacteria-Other,86.38,MAG
TARA_SAMEA2621272_METAG_BNMFLDBG,0,0,0,Alpha-Other,80.48,MAG
TARA_SAMEA2621272_METAG_EAEHPIBE,0,0,0,Bacteroidota,80.87,MAG
TARA_SAMEA2622716_METAG_OKHAGFDA,0,0,0,Archaea-Poseidoniia MGIIb,86.02,MAG
TARA_SAMEA2621272_METAG_MODGICJE,0,0,0,Gamma-Other,83.52,MAG
TARA_SAMEA2621272_METAG_JIMIJJCG,0,0,0,Bacteroidota,79.17,MAG
TARA_SAMEA2621272_METAG_DIKIOEPJ,0,0,0,Chloroflexota,76.74,MAG
TARA_SAMEA2622715_METAG_AGLCJBPO,0,0,0,Archaea-Poseidoniia MGIIb,84.61,MAG
TARA_SAMEA2620542_METAG_GCPDHIHM,0,0,0,Alpha-Other,93.28,MAG
TARA_SAMEA2620542_METAG_MHHMBIHC,0,0,0,Verrucomicrobiota,91.21,MAG
TARA_SAMEA2620542_METAG_APGFNOIH,0,0,0,Marinisomatota,83.72,MAG
TARA_SAMEA2620542_METAG_NDNHDKHM,0,0,0,Alpha-Rhodobacter,85.62,MAG
TARA_SAMEA2620542_METAG_BOKLEOBI,0,0,0,Alpha-Other,85.3,MAG
TARA_SAMEA2620542_METAG_HNMGFEEG,0,0,0,Gamma-Other,77.48,MAG
TARA_SAMEA2622823_METAG_KAMPFIIN,0,0,0,Archaea-Other,77.17,MAG
TARA_SAMEA2623649_METAG_NNCJKNOI,0,0,0,Bacteria-Other,93.08,MAG
TARA_SAMEA2623649_METAG_MPEOCJHB,0,0,0,Gemmatimonadota,93.96,MAG
TARA_SAMEA2623649_METAG_FONNEAOA,0,0,0,Alpha-Other,92,MAG
TARA_SAMEA2623649_METAG_EJBMLLJL,0,0,0,Marinisomatota,94.08,MAG
TARA_SAMEA2623649_METAG_OOOLDOJK,0,0,0,Acidobacteriota,93.3,MAG
TARA_SAMEA2623649_METAG_MLFNCAEH,0,0,0,Gamma-Other,92.07,MAG
TARA_SAMEA2623649_METAG_PIPLCODE,0,0,0,Acidobacteriota,89.44,MAG
TARA_SAMEA2623649_METAG_MIFIFFBK,0,0,0,Bacteria-Other,83.98,MAG
TARA_SAMEA2623649_METAG_LFKFDLGF,0,0,0,Marinisomatota,86.56,MAG
TARA_SAMEA2621277_METAG_AFFBPLFN,0,0,0,Archaea-Poseidoniia MGIIb,86.43,MAG
TARA_SAMEA2623649_METAG_EBBNLIID,0,0,0,Alpha-Other,85.21,MAG
TARA_SAMEA2623649_METAG_JJMDEADN,0,0,0,Gamma-Other,86.48,MAG
TARA_SAMEA2621021_METAG_IOMEBGII,0,0,0,Archaea-Poseidoniia MGIIb,85.01,MAG
TARA_SAMEA2623649_METAG_NKNPCGMA,0,0,0,Gamma-SAR86,75,MAG
TARA_SAMEA2623426_METAG_BLJPLECD,0,0,0,Actinobacteriota,92.42,MAG
TARA_SAMEA2623426_METAG_CDDIFCLD,0,0,0,Verrucomicrobiota,91.28,MAG
TARA_SAMEA2623426_METAG_DGIPDJPC,0,0,0,Verrucomicrobiota,91.23,MAG
TARA_SAMEA2623426_METAG_EAKNEHMN,0,0,0,Alpha-Rhodobacter-LowGC,84.73,MAG
TARA_SAMEA2622657_METAG_DCPLCNKD,0,0,0,Archaea-Poseidoniia MGIIa,83.36,MAG
TARA_SAMEA2623426_METAG_LDHDLALB,0,0,0,Verrucomicrobiota,79.56,MAG
TARA_SAMEA2623426_METAG_KAEABNLA,0,0,0,Alpha-Rhodobacter-LowGC,75.09,MAG
TARA_SAMEA2623426_METAG_JBANHAII,0,0,0,Gamma-Other,81.63,MAG
TARA_SAMEA2621075_METAG_KCIFHEEL,0,0,0,Archaea-Poseidoniia MGIIb,84.26,MAG
TARA_SAMEA2622837_METAG_FADLFKGB,0,0,0,Actinobacteriota,95.27,MAG
TARA_SAMEA2622837_METAG_PHBJNJNA,0,0,0,Alpha-Other,98.04,MAG
TARA_SAMEA2622837_METAG_AOCBMCKK,0,0,0,Gemmatimonadota,95.29,MAG
TARA_SAMEA2622837_METAG_HLHPBMON,0,0,0,Bacteria-Other,94.34,MAG
TARA_SAMEA2622837_METAG_PHBMICNI,0,0,0,Gemmatimonadota,94.7,MAG
TARA_SAMEA2622837_METAG_OEMBKAEG,0,0,0,Actinobacteriota,91.84,MAG
TARA_SAMEA2622837_METAG_OAMJIEAJ,0,0,0,Alpha-Other,91.83,MAG
TARA_SAMEA2622837_METAG_MANGALKA,0,0,0,Chloroflexota,92.91,MAG
TARA_SAMEA2622837_METAG_HBAPHKBN,0,0,0,Gemmatimonadota,91.01,MAG
TARA_SAMEA2622837_METAG_DIBDDNCD,0,0,0,Chloroflexota,93.38,MAG
TARA_SAMEA2622837_METAG_HCCFFGLD,0,0,0,Chloroflexota,92.68,MAG
TARA_SAMEA2622837_METAG_HIELLEOM,0,0,0,Alpha-Other,80.24,MAG
TARA_SAMEA2622837_METAG_FAAEJNDF,0,0,0,Chloroflexota,92.64,MAG
TARA_SAMEA2622837_METAG_ILFMKCJK,0,0,0,Marinisomatota,87.1,MAG
TARA_SAMEA2622837_METAG_EFCGNKDL,0,0,0,Verrucomicrobiota,88.58,MAG
TARA_SAMEA2622837_METAG_AKJLBMMJ,0,0,0,Chloroflexota,85.04,MAG
TARA_SAMEA2622837_METAG_OKCFCDBN,0,0,0,Gamma-Other,88.38,MAG
TARA_SAMEA2622837_METAG_GGLDJBBJ,0,0,0,Marinisomatota,82.8,MAG
TARA_SAMEA2622837_METAG_AKJPIGHC,0,0,0,Alpha-Pelagibacter,76.19,MAG
TARA_SAMEA2622837_METAG_KEBKNECM,0,0,0,Alpha-Other,75.6,MAG
TARA_SAMEA2622801_METAG_CHECMGDH,0,0,0,Archaea-Other,84,MAG
TARA_SAMEA2622837_METAG_CNGCPJAN,0,0,0,Acidobacteriota,77,MAG
TARA_SAMEA2622801_METAG_FHOEEJLG,0,0,0,Archaea-Poseidoniia MGIIb,80.97,MAG
TARA_SAMEA2621045_METAG_GCHOIFEH,0,0,0,Archaea-Poseidoniia MGIIa,84.46,MAG
TARA_SAMEA2621045_METAG_KGEELJMN,0,0,0,Archaea-Poseidoniia MGIIb,84.74,MAG
TARA_SAMEA2622518_METAG_GACCFMAO,0,0,0,Archaea-Poseidoniia MGIIb,78.9,MAG
TARA_SAMEA2619399_METAG_EMOJAKLB,0,0,0,Actinobacteriota,92.66,MAG
TARA_SAMEA2619399_METAG_EFLJOKDC,0,0,0,Bacteroidota,89.26,MAG
TARA_SAMEA2619399_METAG_GLCECAEA,0,0,0,Alpha-Other,92.34,MAG
TARA_SAMEA2619399_METAG_ENMNKKCP,0,0,0,Alpha-Rhodobacter-LowGC,86.46,MAG
TARA_SAMEA2619399_METAG_HJOADIIJ,0,0,0,Alpha-Pelagibacter,83.58,MAG
TARA_SAMEA2619399_METAG_OEMCHJKJ,0,0,0,Bacteroidota,88.5,MAG
TARA_SAMEA2619399_METAG_DBNMHHPA,0,0,0,Bacteroidota,86.98,MAG
TARA_SAMEA2619399_METAG_BLDMGNJJ,0,0,0,Alpha-Other,78.5,MAG
TARA_SAMEA2619399_METAG_ICINHGND,0,0,0,Gamma-Other,85.15,MAG
TARA_SAMEA2622452_METAG_HMJJMKOC,0,0,0,Archaea-Poseidoniia MGIIa,76.04,MAG
TARA_SAMEA2622452_METAG_LECKHBAH,0,0,0,Archaea-Poseidoniia MGIIa,84.2,MAG
TARA_SAMEA2619399_METAG_PPFONMJB,0,0,0,Bacteroidota,77.92,MAG
TARA_SAMEA2619399_METAG_LGMNINMO,0,0,0,Gamma-SAR86,78.44,MAG
TARA_SAMEA2622452_METAG_JALCOOAI,0,0,0,Archaea-Poseidoniia MGIIb,78.93,MAG
TARA_SAMEA2619857_METAG_PDEENFOI,0,0,0,Archaea-Poseidoniia MGIIa,76.06,MAG
TARA_SAMEA2620734_METAG_LPFLDMAL,0,0,0,Marinisomatota,95.28,MAG
TARA_SAMEA2620734_METAG_CDBINKLM,0,0,0,Bacteria-Other,89.12,MAG
TARA_SAMEA2622316_METAG_CJFPPMBP,0,0,0,Archaea-Poseidoniia MGIIb,85.09,MAG
TARA_SAMEA2620734_METAG_PMGOCDCB,0,0,0,Bacteroidota,83.2,MAG
TARA_SAMEA2623463_METAG_LKKCACOO,0,0,0,Archaea-Other,83.84,MAG
TARA_SAMEA2620855_METAG_ELCGICEG,0,0,0,Marinisomatota,87.29,MAG
TARA_SAMEA2623463_METAG_BMMMAGJA,0,0,0,Archaea-Other,81.63,MAG
TARA_SAMEA2620855_METAG_BKMFHFMJ,0,0,0,Bacteroidota,77.16,MAG
TARA_SAMEA2620855_METAG_CIPACOHH,0,0,0,Bacteroidota,75.93,MAG
TARA_SAMEA2623463_METAG_MMOJNEFP,0,0,0,Archaea-Poseidoniia MGIIb,80.98,MAG
TARA_SAMEA2621287_METAG_FFNGLIJO,0,0,0,Gamma-Other,99.36,MAG
TARA_SAMEA2621287_METAG_LAMLNGLJ,0,0,0,Alpha-Other,96.29,MAG
TARA_SAMEA2621287_METAG_KCCPFHJK,0,0,0,Gamma-Other,96.06,MAG
TARA_SAMEA2621287_METAG_DFAHAMKF,0,0,0,Gamma-Other,93.84,MAG
TARA_SAMEA2621287_METAG_OHIOPKFN,0,0,0,Gemmatimonadota,91.79,MAG
TARA_SAMEA2621287_METAG_FIELKBND,0,0,0,Gamma-Other,86.52,MAG
TARA_SAMEA2621287_METAG_BNJOIOHH,0,0,0,Bacteria-Other,83.84,MAG
TARA_SAMEA2621287_METAG_KGPFDGHK,0,0,0,Acidobacteriota,83.94,MAG
TARA_SAMEA2621287_METAG_KJICHNBL,1,1,1,Gamma-Other,78.3,MAG
TARA_SAMEA2621287_METAG_KENFPDBI,0,0,0,Alpha-Other,78.23,MAG
TARA_SAMEA2622733_METAG_BPPPFJCN,0,0,0,Archaea-Other,81.32,MAG
TARA_SAMEA2619531_METAG_LADHKJJF,0,0,0,Alpha-Other,99.7,MAG
TARA_SAMEA2619531_METAG_CGBMIEPN,0,0,0,Alpha-Other,99.26,MAG
TARA_SAMEA2619531_METAG_BDDCJDBH,0,0,0,Alpha-Other,97.15,MAG
TARA_SAMEA2619531_METAG_HGKJGEEB,0,0,0,Bacteroidota,97.22,MAG
TARA_SAMEA2619531_METAG_NCMMPLFF,0,0,0,Alpha-Other,98.56,MAG
TARA_SAMEA2619531_METAG_INIHIEAI,0,0,0,Bacteroidota,96.12,MAG
TARA_SAMEA2619531_METAG_HPHEDOMH,0,0,0,Bacteroidota,95.38,MAG
TARA_SAMEA2619531_METAG_PDJLLHGG,0,0,0,Alpha-Puniceispirilla,88.54,MAG
TARA_SAMEA2619531_METAG_GJAMMKPP,0,0,0,Alpha-Other,89.62,MAG
TARA_SAMEA2619531_METAG_LKKOAJNF,0,0,0,Verrucomicrobiota,93.99,MAG
TARA_SAMEA2619531_METAG_IKJDIMJO,0,0,0,Alpha-Other,94.33,MAG
TARA_SAMEA2619531_METAG_JLJLBAEN,0,0,0,Alpha-Puniceispirilla,91.88,MAG
TARA_SAMEA2619531_METAG_PJILNKKJ,0,0,0,Alpha-Rhodobacter,94.38,MAG
TARA_SAMEA2619531_METAG_AAAMGGHK,0,0,0,Gamma-Other,94.64,MAG
TARA_SAMEA2619531_METAG_ADCGAODL,0,0,0,Gamma-Other,94.6,MAG
TARA_SAMEA2619531_METAG_CNMMCJFL,0,0,0,Alpha-Other,86.82,MAG
TARA_SAMEA2619531_METAG_DGCHEAEP,0,0,0,Alpha-Rhodobacter,91.64,MAG
TARA_SAMEA2619531_METAG_HKPOGKEI,0,0,0,Bacteroidota,90,MAG
TARA_SAMEA2619531_METAG_EHNECMGD,0,0,0,Alpha-Other,90.88,MAG
TARA_SAMEA2619531_METAG_FMAFHOJF,0,0,0,Alpha-Other,88.94,MAG
TARA_SAMEA2619531_METAG_FDPELOGO,0,0,0,Bacteroidota,89.57,MAG
TARA_SAMEA2619531_METAG_JOAIBEIM,0,0,0,Gamma-Other,84.1,MAG
TARA_SAMEA2619531_METAG_LEPIDGAG,0,0,0,Verrucomicrobiota,81.03,MAG
TARA_SAMEA2619531_METAG_BHIHGDMF,0,0,0,Gamma-Other,91.26,MAG
TARA_SAMEA2619531_METAG_EJIFMJFP,0,0,0,Gamma-Other,87.3,MAG
TARA_SAMEA2619531_METAG_NLDHABCJ,0,0,0,Bacteroidota,83.53,MAG
TARA_SAMEA2619531_METAG_KPGAFOOA,0,0,0,Bacteroidota,84.16,MAG
TARA_SAMEA2619531_METAG_OKLKELBO,0,0,0,Bacteroidota,88.32,MAG
TARA_SAMEA2619531_METAG_LANMJBKP,0,0,0,Gamma-Other,79.41,MAG
TARA_SAMEA2619531_METAG_IJNCPMKK,0,0,0,Bacteria-Other,85.43,MAG
TARA_SAMEA2619531_METAG_PKFANCED,0,0,0,Bacteroidota,82.52,MAG
TARA_SAMEA2619531_METAG_GFEDGDLC,0,0,0,Bacteroidota,85.04,MAG
TARA_SAMEA2619531_METAG_CDJDEOGJ,0,0,0,Gamma-Other,87.11,MAG
TARA_SAMEA2619531_METAG_AMNKICMA,0,0,0,Bacteroidota,84.1,MAG
TARA_SAMEA2619531_METAG_JOLABGIJ,0,0,0,Gamma-Other,87.24,MAG
TARA_SAMEA2619531_METAG_APJADHJG,0,0,0,Bacteroidota,84.11,MAG
TARA_SAMEA2619531_METAG_PHLIFPEM,0,0,0,Alpha-Puniceispirilla,77.72,MAG
TARA_SAMEA2619531_METAG_ALLAPMBM,0,0,0,Gamma-Other,75.49,MAG
TARA_SAMEA2619531_METAG_KCJFOFGN,0,0,0,Gamma-SAR86,75.37,MAG
TARA_SAMEA2621066_METAG_EHDOKGKK,1,1,1,Gamma-Alteromonas,87.25,MAG
TARA_SAMEA2621066_METAG_OPLLPBJA,0,0,0,Alpha-Other,90.17,MAG
TARA_SAMEA2621066_METAG_OOKCDPIO,1,1,1,Verrucomicrobiota,78.52,MAG
TARA_SAMEA2623774_METAG_OHCOKAMK,0,0,0,Archaea-Poseidoniia MGIIa,87,MAG
TARA_SAMEA2623774_METAG_HFMHOAHN,0,0,0,Archaea-Poseidoniia MGIIb,83.33,MAG
TARA_SAMEA2620890_METAG_NMFGNBHK,0,0,0,Marinisomatota,92.33,MAG
TARA_SAMEA2620890_METAG_PFFOFEEC,0,0,0,Verrucomicrobiota,87.8,MAG
TARA_SAMEA2620890_METAG_LPCONKED,0,0,0,Actinobacteriota,84.65,MAG
TARA_SAMEA2623774_METAG_HDFJIPOL,0,0,0,Archaea-Poseidoniia MGIIb,82.16,MAG
TARA_SAMEA2620890_METAG_LJFPGIHN,0,0,0,Bacteroidota,79.2,MAG
TARA_SAMEA2623774_METAG_EGKEDOPH,0,0,0,Archaea-Poseidoniia MGIIa,81.26,MAG
TARA_SAMEA2623774_METAG_JHLEAIMG,0,0,0,Archaea-Poseidoniia MGIIa,82.72,MAG
TARA_SAMEA2621812_METAG_DEHNEPKE,0,0,0,Gamma-Other,94.4,MAG
TARA_SAMEA2621812_METAG_OFBJBHIP,0,0,0,Gamma-Other,94.31,MAG
TARA_SAMEA2621812_METAG_MKDLJMLM,0,0,0,Gamma-Other,92.82,MAG
TARA_SAMEA2621812_METAG_CLGODNHH,0,0,0,Gamma-Other,88.96,MAG
TARA_SAMEA2621812_METAG_IICOKHHK,0,0,0,Bacteroidota,81.72,MAG
TARA_SAMEA2621812_METAG_LMIMOLBP,0,0,0,Bacteroidota,87.55,MAG
TARA_SAMEA2621812_METAG_EOAMDMJK,0,0,0,Alpha-Other,83.29,MAG
TARA_SAMEA2621812_METAG_OHHPEAHB,0,0,0,Alpha-Other,87.4,MAG
TARA_SAMEA2621812_METAG_HLJLMDHB,0,0,0,Alpha-Rhodobacter,82.54,MAG
TARA_SAMEA2621812_METAG_BOPIFFLK,0,0,0,Bacteroidota,83.62,MAG
TARA_SAMEA2621812_METAG_GBDELEPJ,0,0,0,Gamma-Other,80.28,MAG
TARA_SAMEA2621812_METAG_DMKNCGLF,0,0,0,Gamma-Other,86.52,MAG
TARA_SAMEA2619782_METAG_AEJGIIHC,0,0,0,Actinobacteriota,97.02,MAG
TARA_SAMEA2619782_METAG_PAAEHBLG,0,0,0,Alpha-Other,95.3,MAG
TARA_SAMEA2619782_METAG_PAKDINJI,0,0,0,Marinisomatota,88.28,MAG
TARA_SAMEA2619782_METAG_GJBHPBIJ,0,0,0,SAR324,90.3,MAG
TARA_SAMEA2619782_METAG_JLJABLKP,0,0,0,Dadabacteria,90.4,MAG
TARA_SAMEA2619782_METAG_ACNGIMBE,0,0,0,Alpha-Other,90.89,MAG
TARA_SAMEA2619782_METAG_OOMJCIGP,0,0,0,Alpha-Rhodobacter,86.12,MAG
TARA_SAMEA2619782_METAG_PLPNNCCJ,0,0,0,Alpha-Pelagibacter,80.96,MAG
TARA_SAMEA2619782_METAG_EEDKLJKA,0,0,0,Alpha-Other,80.96,MAG
TARA_SAMEA2623774_METAG_JOGBELFF,0,0,0,Archaea-Poseidoniia MGIIb,77.67,MAG
TARA_SAMEA2619782_METAG_LADEANHP,0,0,0,Gamma-Other,84.28,MAG
TARA_SAMEA2623774_METAG_OGACPEIM,0,0,0,Archaea-Poseidoniia MGIIa,77.62,MAG
TARA_SAMEA2619782_METAG_PBNGFPAK,0,0,0,Gamma-Other,75.62,MAG
TARA_SAMEA2622690_METAG_CHELOBDL,0,0,0,Actinobacteriota,95.58,MAG
TARA_SAMEA2622690_METAG_PNNGBJFH,0,0,0,Chloroflexota,95.7,MAG
TARA_SAMEA2622690_METAG_GDMBAPFE,0,0,0,Bacteria-Other,92.12,MAG
TARA_SAMEA2622690_METAG_JFJFMNPO,0,0,0,Chloroflexota,93.51,MAG
TARA_SAMEA2622690_METAG_BHOFBPFK,0,0,0,Alpha-Pelagibacter,89.31,MAG
TARA_SAMEA2622690_METAG_ABJKNBCO,0,0,0,Alpha-Pelagibacter,90.15,MAG
TARA_SAMEA2622690_METAG_LNKNDGCJ,0,0,0,Alpha-Pelagibacter,89.24,MAG
TARA_SAMEA2622690_METAG_CPHHHLJM,0,0,0,Alpha-Pelagibacter,83.04,MAG
TARA_SAMEA2622690_METAG_CABHOMGD,0,0,0,Bacteroidota,88.01,MAG
TARA_SAMEA2622690_METAG_MAFGLCDI,0,0,0,Actinobacteriota,84.4,MAG
TARA_SAMEA2622690_METAG_LOFECNHM,0,0,0,Marinisomatota,80.22,MAG
TARA_SAMEA2622690_METAG_LNDOEAJF,0,0,0,Marinisomatota,88.08,MAG
TARA_SAMEA2622690_METAG_LOKDFPFO,0,0,0,Actinobacteriota,78.4,MAG
TARA_SAMEA2622690_METAG_EPALCKKM,0,0,0,Bacteroidota,85.6,MAG
TARA_SAMEA2622690_METAG_NMDGLJKM,0,0,0,Gamma-SAR86,78.61,MAG
TARA_SAMEA2591057_METAG_HOJFLIKL,0,0,0,Archaea-Poseidoniia MGIIa,80.64,MAG
TARA_SAMEA2622690_METAG_HFIGJEGC,0,0,0,Gamma-Other,79.77,MAG
TARA_SAMEA2621013_METAG_EAEMKDMM,0,0,0,Archaea-Poseidoniia MGIIb,75.33,MAG
TARA_SAMEA2622690_METAG_FEMMKEEK,0,0,0,Gamma-SAR86,76.28,MAG
TARA_SAMEA2622690_METAG_AEMOGBNH,0,0,0,Gamma-Other,75.5,MAG
TARA_SAMEA2622021_METAG_BHOOHFPL,0,0,0,Archaea-Other,85.2,MAG
TARA_SAMEA2622021_METAG_PODNECKL,0,0,0,Archaea-Other,85.04,MAG
TARA_SAMEA2622021_METAG_OOECPOGP,0,0,0,Archaea-Poseidoniia MGIIb,75.12,MAG
TARA_SAMEA2623370_METAG_EFAFKFJG,0,0,0,Archaea-Poseidoniia MGIIa,83.26,MAG
TARA_SAMEA2621990_METAG_CKNIILJE,0,0,0,Alpha-Pelagibacter,95.58,MAG
TARA_SAMEA2621990_METAG_AHAJKNHN,0,0,0,Bacteroidota,88.84,MAG
TARA_SAMEA2621990_METAG_NEGMJBBN,0,0,0,Bacteroidota,76.42,MAG
TARA_SAMEA2621990_METAG_ENDMPDDL,0,0,0,Bacteroidota,75.62,MAG
TARA_SAMEA2621990_METAG_OMFNCAAD,0,0,0,Bacteroidota,81.02,MAG
TARA_SAMEA2623350_METAG_KEFLBBDN,0,0,0,Alpha-Other,85.78,MAG
TARA_SAMEA2623350_METAG_GEKMKFOP,0,0,0,Bacteria-Other,82.66,MAG
TARA_SAMEA2623350_METAG_FEDPHGPG,0,0,0,Bacteroidota,86.78,MAG
TARA_SAMEA2623350_METAG_LBDKCDHO,0,0,0,Gamma-Other,77.61,MAG
TARA_SAMEA2623350_METAG_FFMBHNBE,0,0,0,Gamma-Other,76.64,MAG
TARA_SAMEA2623370_METAG_AOOPJKCA,0,0,0,Archaea-Poseidoniia MGIIb,76.28,MAG
TARA_SAMEA2622197_METAG_BFPJEENM,0,0,0,Alpha-Other,96.7,MAG
TARA_SAMEA2622197_METAG_GALLFCOI,1,1,1,Gamma-Alteromonas,90.61,MAG
TARA_SAMEA2622197_METAG_CGIMDGAD,0,0,0,SAR324,94.09,MAG
TARA_SAMEA2622197_METAG_HPJNGGAK,0,0,0,Actinobacteriota,90.73,MAG
TARA_SAMEA2622197_METAG_POGCHEGL,0,0,0,SAR324,89.86,MAG
TARA_SAMEA2622197_METAG_GLNMOPMD,0,0,0,Gemmatimonadota,85.78,MAG
TARA_SAMEA2622197_METAG_FPJCLCMK,0,0,0,Alpha-Other,76.46,MAG
TARA_SAMEA2620097_METAG_AKFOENMH,0,0,0,Alpha-Other,96.76,MAG
TARA_SAMEA2620097_METAG_GCEMFKDB,0,0,0,Acidobacteriota,96.36,MAG
TARA_SAMEA2620097_METAG_PPHCBMNA,0,0,0,Gamma-Other,95,MAG
TARA_SAMEA2620097_METAG_HMMJHBHP,0,0,0,Chloroflexota,89.06,MAG
TARA_SAMEA2619678_METAG_PIOGOECC,0,0,0,Archaea-Poseidoniia MGIIb,87.93,MAG
TARA_SAMEA2620097_METAG_NOLANOEG,0,0,0,Actinobacteriota,82.55,MAG
TARA_SAMEA2620097_METAG_HHKCCOLM,0,0,0,SAR324,83.5,MAG
TARA_SAMEA2621037_METAG_BOIEAKJP,1,1,1,Gamma-Alteromonas,81.18,MAG
TARA_SAMEA2621037_METAG_IDLHNHID,0,0,0,Gamma-Other,77.39,MAG
TARA_SAMEA2621037_METAG_ADMBMCGE,0,0,0,Marinisomatota,82.37,MAG
TARA_SAMEA2620651_METAG_HAKCGCNF,0,0,0,Marinisomatota,90.42,MAG
TARA_SAMEA2620651_METAG_FOJIOAGC,0,0,0,Alpha-Other,86.78,MAG
TARA_SAMEA2620651_METAG_BCBNOJOJ,0,0,0,Bacteroidota,81.26,MAG
TARA_SAMEA2622545_METAG_KEGJKDAO,1,1,1,Gamma-Alteromonas,99.64,MAG
TARA_SAMEA2622545_METAG_DIHGGOHN,0,0,0,Alpha-Other,90.85,MAG
TARA_SAMEA2622545_METAG_OECGPLDK,1,1,1,Planctomycetota,81.68,MAG
TARA_SAMEA2622545_METAG_JPLBMHHP,0,0,0,Chloroflexota,92.86,MAG
TARA_SAMEA2622545_METAG_NNEAECLE,0,0,0,Alpha-Pelagibacter,89.78,MAG
TARA_SAMEA2622545_METAG_MNOLOBFD,1,1,1,Bacteroidota,88.9,MAG
TARA_SAMEA2621423_METAG_ECKONNPL,0,0,0,Archaea-Poseidoniia MGIIa,76.78,MAG
TARA_SAMEA2622545_METAG_BKEEJGGO,0,0,0,Gemmatimonadota,83.01,MAG
TARA_SAMEA2622545_METAG_AAEDBNED,0,0,0,Bacteroidota,82.61,MAG
TARA_SAMEA2621423_METAG_JEOOCIIK,0,0,0,Archaea-Poseidoniia MGIIa,83.53,MAG
TARA_SAMEA2622545_METAG_NPGLCHCG,0,0,0,Marinisomatota,78.52,MAG
TARA_SAMEA2622545_METAG_AOMLOCMG,0,0,0,Bacteroidota,80.56,MAG
TARA_SAMEA2622545_METAG_LGKHAALJ,0,0,0,Bacteroidota,75.63,MAG
TARA_SAMEA2622545_METAG_KHIJGDEE,0,0,0,Bacteroidota,78.24,MAG
TARA_SAMEA2620756_METAG_GFFFKBAB,0,0,0,Archaea-Poseidoniia MGIIb,84.76,MAG
TARA_SAMEA2591074_METAG_MBKAEJDD,0,0,0,Gamma-Other,94.44,MAG
TARA_SAMEA2591074_METAG_ACKLKDBL,0,0,0,Bacteroidota,87.06,MAG
TARA_SAMEA2591074_METAG_KCLMPPKO,0,0,0,Alpha-Rhodobacter,78.56,MAG
TARA_SAMEA2623116_METAG_LDBLAHPF,0,0,0,Archaea-Poseidoniia MGIIb,84.34,MAG
TARA_SAMEA2622478_METAG_MLIFAFCH,0,0,0,Archaea-Poseidoniia MGIIb,83.6,MAG
TARA_SAMEA2619667_METAG_FOLFFDGD,0,0,0,Archaea-Poseidoniia MGIIb,85.8,MAG
TARA_SAMEA2623919_METAG_FBOFJEFE,0,0,0,Actinobacteriota,92.98,MAG
TARA_SAMEA2623919_METAG_BIOMPLEH,0,0,0,Alpha-Rhodobacter,89.79,MAG
TARA_SAMEA2623919_METAG_KKCIALGG,0,0,0,Bacteria-Other,86.16,MAG
TARA_SAMEA2623919_METAG_OMBNNKHF,0,0,0,Alpha-Other,91.07,MAG
TARA_SAMEA2623919_METAG_BKNCDKPD,0,0,0,Bacteroidota,78.62,MAG
TARA_SAMEA2621155_METAG_CCOCMPOI,0,0,0,Archaea-Poseidoniia MGIIb,84.84,MAG
TARA_SAMEA2621155_METAG_ECMILOHL,0,0,0,Archaea-Poseidoniia MGIIb,75.82,MAG
TARA_SAMEA2623488_METAG_MJNGMDPF,0,0,0,Archaea-Other,88.02,MAG
TARA_SAMEA2623919_METAG_BDIHCLHL,0,0,0,Bacteroidota,80.87,MAG
TARA_SAMEA2623919_METAG_BLJMNHJH,0,0,0,Bacteroidota,80.46,MAG
TARA_SAMEA2623488_METAG_PNHCIBIC,0,0,0,Archaea-Other,84.64,MAG
TARA_SAMEA2623919_METAG_HKKAOOFB,0,0,0,Gamma-Other,76.44,MAG
TARA_SAMEA2623919_METAG_GPFOBGAO,0,0,0,Bacteroidota,77.1,MAG
TARA_SAMEA2623488_METAG_NNDGLAHP,0,0,0,Archaea-Poseidoniia MGIIb,82.62,MAG
TARA_SAMEA2623488_METAG_OAFMBKGN,0,0,0,Archaea-Other,76.89,MAG
TARA_SAMEA2622710_METAG_DGMJHIMO,0,0,0,Archaea-Poseidoniia MGIIb,86.65,MAG
TARA_SAMEA2619840_METAG_OLJMHCKE,0,0,0,Chloroflexota,97.32,MAG
TARA_SAMEA2619840_METAG_HFJDGBKI,0,0,0,Bacteria-Other,96.91,MAG
TARA_SAMEA2619840_METAG_EDOKFFDD,0,0,0,Gemmatimonadota,95.63,MAG
TARA_SAMEA2619840_METAG_NIEKPPID,0,0,0,Chloroflexota,95.43,MAG
TARA_SAMEA2622710_METAG_BFHLCONM,0,0,0,Archaea-Poseidoniia MGIIa,81.9,MAG
TARA_SAMEA2619840_METAG_ENPPFNBH,0,0,0,Actinobacteriota,92.06,MAG
TARA_SAMEA2619840_METAG_LAAINMDO,0,0,0,Chloroflexota,91.06,MAG
TARA_SAMEA2619840_METAG_NBEAPLHI,0,0,0,Chloroflexota,92.46,MAG
TARA_SAMEA2619840_METAG_GHMKJPCJ,0,0,0,Marinisomatota,91.74,MAG
TARA_SAMEA2619840_METAG_IPMGOADC,0,0,0,Alpha-Other,92.34,MAG
TARA_SAMEA2619840_METAG_JFOBIBDO,0,0,0,Marinisomatota,89.56,MAG
TARA_SAMEA2619840_METAG_FBAOMGDB,0,0,0,Marinisomatota,89.06,MAG
TARA_SAMEA2619840_METAG_MKDJIJFG,0,0,0,Gamma-Other,88.26,MAG
TARA_SAMEA2619840_METAG_FIHPDKNA,0,0,0,Bacteroidota,91.27,MAG
TARA_SAMEA2619840_METAG_AODCDJEB,0,0,0,Gamma-Other,90.68,MAG
TARA_SAMEA2619840_METAG_FGMKDAFM,0,0,0,Chloroflexota,83.91,MAG
TARA_SAMEA2619840_METAG_JBJCNNME,0,0,0,Alpha-Other,88.17,MAG
TARA_SAMEA2619840_METAG_GGHHFCNP,0,0,0,Marinisomatota,87.64,MAG
TARA_SAMEA2619840_METAG_KGAGHBLK,0,0,0,Actinobacteriota,82.54,MAG
TARA_SAMEA2619840_METAG_IFIOOJLE,0,0,0,Chloroflexota,82.52,MAG
TARA_SAMEA2619840_METAG_CEPFDLHP,0,0,0,Chloroflexota,82.8,MAG
TARA_SAMEA2619840_METAG_HEAOACLD,0,0,0,Alpha-Other,81.04,MAG
TARA_SAMEA2619840_METAG_MHFPLFBB,0,0,0,SAR324,83.82,MAG
TARA_SAMEA2619840_METAG_GAKAAMKB,0,0,0,Actinobacteriota,85.5,MAG
TARA_SAMEA2623079_METAG_JBHFOJCK,0,0,0,Archaea-Other,80.81,MAG
TARA_SAMEA2623079_METAG_JEJPCLMN,0,0,0,Archaea-Poseidoniia MGIIb,76.66,MAG
TARA_SAMEA2623098_METAG_PMKJNGCL,0,0,0,Gamma-Other,95.09,MAG
TARA_SAMEA2623098_METAG_HGPGGPGN,0,0,0,Gamma-Other,91.94,MAG
TARA_SAMEA2623098_METAG_NMGHHEPL,0,0,0,Alpha-Other,87.76,MAG
TARA_SAMEA2623098_METAG_NBPMLBBA,0,0,0,Chloroflexota,87.4,MAG
TARA_SAMEA2623098_METAG_JBKNBFLG,1,1,1,Bacteroidota,75.35,MAG
TARA_SAMEA2623098_METAG_BFNDOAOF,0,0,0,Gamma-Other,83.85,MAG
TARA_SAMEA4397157_METAG_BIHGPMNO,0,0,0,Bacteroidota,99.01,MAG
TARA_SAMEA4397157_METAG_IMGAHLPJ,0,0,0,Bacteroidota,97.1,MAG
TARA_SAMEA4397157_METAG_LBBINFMH,0,0,0,Bacteroidota,95.78,MAG
TARA_SAMEA4397157_METAG_NGHKFCOJ,0,0,0,Alpha-Rhodobacter,94.56,MAG
TARA_SAMEA4397157_METAG_PIHBEONH,0,0,0,Bacteroidota,83.36,MAG
TARA_SAMEA4397157_METAG_BBMAFOOL,0,0,0,Bacteroidota,81.44,MAG
TARA_SAMEA4397157_METAG_MEILKJMO,0,0,0,Bacteria-Other,92.83,MAG
TARA_SAMEA4397157_METAG_MELLBGEK,0,0,0,Bacteroidota,92.1,MAG
TARA_SAMEA4397157_METAG_OPILLMEJ,0,0,0,Bacteroidota,78.7,MAG
TARA_SAMEA4397705_METAG_AKOBCEME,0,0,0,Bacteroidota,97.76,MAG
TARA_SAMEA4397705_METAG_EOMBNCHF,0,0,0,Bacteroidota,97.58,MAG
TARA_SAMEA4397705_METAG_EGANHIBL,0,0,0,Gamma-Other,97.18,MAG
TARA_SAMEA4397705_METAG_CBHMPCAE,0,0,0,Alpha-Rhodobacter,93.03,MAG
TARA_SAMEA4397705_METAG_NMFOJBPI,0,0,0,Bacteroidota,92.32,MAG
TARA_SAMEA4397705_METAG_PCBPBMPC,0,0,0,Gamma-SAR92,77.54,MAG
TARA_SAMEA4397705_METAG_KLEBHMBN,0,0,0,Alpha-Other,80.09,MAG
TARA_SAMEA4397705_METAG_BLGPBKEO,0,0,0,Bacteroidota,77.8,MAG
TARA_SAMEA4397705_METAG_FGJJMANC,0,0,0,Alpha-Rhodobacter,75.85,MAG
TARA_SAMEA4397705_METAG_PADFJKCF,0,0,0,Alpha-Other,82.14,MAG
TARA_SAMEA4397705_METAG_OOFALCOI,0,0,0,Alpha-Pelagibacter,79.94,MAG
TARA_SAMEA4397516_METAG_FLFMOOJJ,0,0,0,Bacteroidota,95.71,MAG
TARA_SAMEA4397516_METAG_ODHMDPHJ,1,1,1,Gamma-Alteromonas,82.32,MAG
TARA_SAMEA4397516_METAG_MGMAALPC,0,0,0,Bacteroidota,89.82,MAG
TARA_SAMEA4397516_METAG_JOOBJBNH,0,0,0,Bacteroidota,89.9,MAG
TARA_SAMEA4397516_METAG_GOKBCAFM,0,0,0,Bacteroidota,92.46,MAG
TARA_SAMEA4397516_METAG_NKGFDDAA,0,0,0,Gamma-SAR92,85.57,MAG
TARA_SAMEA4397516_METAG_FMMDGJLF,0,0,0,Alpha-Rhodobacter,90.08,MAG
TARA_SAMEA4397516_METAG_JDNABDEL,0,0,0,Bacteroidota,75.28,MAG
TARA_SAMEA4397516_METAG_GNHIGIFJ,0,0,0,Alpha-Pelagibacter,85.71,MAG
TARA_SAMEA4397516_METAG_KIEAOOHG,0,0,0,Alpha-Pelagibacter,84.72,MAG
TARA_SAMEA4397516_METAG_FKGBAKDC,0,0,0,Alpha-Pelagibacter,85.98,MAG
TARA_SAMEA4397516_METAG_BINMNKIB,0,0,0,Alpha-Pelagibacter,80.53,MAG
TARA_SAMEA4397516_METAG_OPNJJJGI,0,0,0,Bacteroidota,77.61,MAG
TARA_SAMEA4397516_METAG_GGJKOJOC,0,0,0,Gamma-Other,85.64,MAG
TARA_SAMEA4396971_METAG_BBONIEKG,0,0,0,Alpha-Rhodobacter-LowGC,86.86,MAG
TARA_SAMEA4396971_METAG_JKCHOKNP,0,0,0,Bacteroidota,89.98,MAG
TARA_SAMEA4396971_METAG_KAOGEPJL,0,0,0,Bacteroidota,90.08,MAG
TARA_SAMEA4396971_METAG_KAABBBPD,0,0,0,Bacteroidota,82.18,MAG
TARA_SAMEA4396971_METAG_IMHHPPAD,0,0,0,Actinobacteriota,83.58,MAG
TARA_SAMEA4396496_METAG_GCJHCOEM,0,0,0,Bacteroidota,98.15,MAG
TARA_SAMEA4396496_METAG_BFMMGJFH,0,0,0,Gamma-Other,96.42,MAG
TARA_SAMEA4396496_METAG_LFMCOEMD,0,0,0,Alpha-Rhodobacter,91.4,MAG
TARA_SAMEA4396496_METAG_NAPEMECK,0,0,0,Bacteroidota,87.44,MAG
TARA_SAMEA4396496_METAG_HMLMIAAJ,0,0,0,Bacteroidota,86.9,MAG
TARA_SAMEA4396496_METAG_OBNJLCJC,0,0,0,Alpha-Other,86.93,MAG
TARA_SAMEA4396496_METAG_NCPOMPMP,0,0,0,Bacteroidota,86.13,MAG
TARA_SAMEA4396496_METAG_CPOGFNPL,0,0,0,Bacteroidota,83.7,MAG
TARA_SAMEA4396496_METAG_NKBDFCML,0,0,0,Bacteroidota,79.12,MAG
TARA_SAMEA4397239_METAG_OPHPAIBJ,0,0,0,Bacteroidota,98.07,MAG
TARA_SAMEA4397239_METAG_GJMAACPK,0,0,0,Bacteroidota,97.58,MAG
TARA_SAMEA4397239_METAG_KEFKMAJN,0,0,0,Gamma-SAR92,97.15,MAG
TARA_SAMEA4397239_METAG_IMAKFBHM,0,0,0,Gamma-Other,96.91,MAG
TARA_SAMEA4397239_METAG_GDBAGMAK,0,0,0,Bacteroidota,95.02,MAG
TARA_SAMEA4397239_METAG_COHLBNIA,0,0,0,Alpha-Rhodobacter,95.6,MAG
TARA_SAMEA4397239_METAG_FGFLPHEI,0,0,0,Gamma-SAR92,75.08,MAG
TARA_SAMEA4397239_METAG_NMODAMJE,0,0,0,Bacteroidota,86.3,MAG
TARA_SAMEA4397239_METAG_LJMNOBHF,0,0,0,Alpha-Other,78.1,MAG
TARA_SAMEA4397930_METAG_BDFHPEIC,0,0,0,Bacteroidota,97.66,MAG
TARA_SAMEA4397930_METAG_DJGFMGJC,0,0,0,Bacteroidota,93.98,MAG
TARA_SAMEA4397930_METAG_MGMHFLLA,0,0,0,Bacteroidota,97.58,MAG
TARA_SAMEA4397930_METAG_HBILJANA,0,0,0,Bacteroidota,86.29,MAG
TARA_SAMEA4397930_METAG_DHCENOEG,0,0,0,Alpha-Rhodobacter,94.93,MAG
TARA_SAMEA4397930_METAG_NDLBHLEN,0,0,0,Verrucomicrobiota,90.46,MAG
TARA_SAMEA4397930_METAG_FAICNEAA,0,0,0,Bacteroidota,81.12,MAG
TARA_SAMEA4397930_METAG_DOOIMFJC,0,0,0,Gamma-Other,78.11,MAG
TARA_SAMEA4397930_METAG_JMPIFLJK,0,0,0,Bacteroidota,83.82,MAG
TARA_SAMEA4397930_METAG_AADIENDB,0,0,0,Alpha-Other,80.02,MAG
TARA_SAMEA4397930_METAG_ALLINNMH,0,0,0,Alpha-Other,87.24,MAG
TARA_SAMEA4397930_METAG_OHBEFDGH,0,0,0,Bacteroidota,78.8,MAG
TARA_SAMEA4397930_METAG_COHHNAHJ,0,0,0,Gamma-Other,86.9,MAG
TARA_SAMEA4397930_METAG_MMLONIKG,0,0,0,Bacteroidota,76.03,MAG
TARA_SAMEA4397930_METAG_NGAJMGJB,0,0,0,Gamma-Other,82.56,MAG
TARA_SAMEA4397611_METAG_OPKKEMFO,0,0,0,Bacteroidota,97.22,MAG
TARA_SAMEA4397611_METAG_BEMMOMHJ,0,0,0,Gamma-Other,97.18,MAG
TARA_SAMEA4397611_METAG_OJKNINFE,0,0,0,Bacteroidota,92.21,MAG
TARA_SAMEA4397611_METAG_AODKDAIO,0,0,0,Bacteroidota,89.11,MAG
TARA_SAMEA4397611_METAG_HFCOEFHO,0,0,0,Actinobacteriota,92.48,MAG
TARA_SAMEA4397611_METAG_KJJKLMJK,0,0,0,Bacteroidota,94.08,MAG
TARA_SAMEA4397611_METAG_EGDHJDHM,1,1,1,Gamma-Other,76.11,MAG
TARA_SAMEA4397611_METAG_JFPKBLLN,0,0,0,Bacteroidota,93.27,MAG
TARA_SAMEA4397611_METAG_OIMMFBHC,0,0,0,Alpha-Rhodobacter,89.89,MAG
TARA_SAMEA4397611_METAG_DFPNKDNH,0,0,0,Gamma-SAR92,77.96,MAG
TARA_SAMEA4397611_METAG_EOJFKCMK,0,0,0,Alpha-Rhodobacter,88,MAG
TARA_SAMEA4397611_METAG_ELKLGHFI,0,0,0,Alpha-Other,83.93,MAG
TARA_SAMEA4397611_METAG_OIICNHMF,0,0,0,Bacteroidota,89.52,MAG
TARA_SAMEA4397611_METAG_OBHMADEI,0,0,0,Gamma-Other,86.24,MAG
TARA_SAMEA4397611_METAG_EOKPFKIA,0,0,0,Bacteroidota,78.6,MAG
TARA_SAMEA4397611_METAG_BOCBIONG,0,0,0,Bacteroidota,78.24,MAG
TARA_SAMEA4397756_METAG_HIKANLNH,0,0,0,Bacteroidota,93.33,MAG
TARA_SAMEA4397756_METAG_HGMNLHLG,0,0,0,Bacteroidota,96.3,MAG
TARA_SAMEA4397756_METAG_NIPPAAKB,0,0,0,Gamma-Other,95.12,MAG
TARA_SAMEA4397756_METAG_JNHJNHBD,0,0,0,Alpha-Other,91.65,MAG
TARA_SAMEA4397756_METAG_IEPDNIMO,0,0,0,Bacteroidota,88.86,MAG
TARA_SAMEA4397756_METAG_BADHEGMP,0,0,0,Bacteroidota,89.48,MAG
TARA_SAMEA4397756_METAG_HCMFDHCK,0,0,0,Bacteroidota,84.03,MAG
TARA_SAMEA4397756_METAG_BOLNEFGB,0,0,0,Alpha-Other,86.52,MAG
TARA_SAMEA4397756_METAG_GBPMCEGO,0,0,0,Bacteroidota,80.34,MAG
TARA_SAMEA4397756_METAG_BLEADDDH,0,0,0,Alpha-Pelagibacter,75.52,MAG
TARA_SAMEA4398296_METAG_BLGABLEO,0,0,0,Bacteroidota,96.72,MAG
TARA_SAMEA4398296_METAG_BNCPOJNL,0,0,0,Bacteroidota,84.74,MAG
TARA_SAMEA4398296_METAG_PCOLMPAO,0,0,0,Bacteroidota,95.84,MAG
TARA_SAMEA4398296_METAG_MAKPEPCI,0,0,0,Gamma-Other,88.78,MAG
TARA_SAMEA4398296_METAG_ECGFKPJO,0,0,0,Gamma-Other,95.58,MAG
TARA_SAMEA4398296_METAG_CNOHPKIF,0,0,0,Bacteroidota,94.57,MAG
TARA_SAMEA4398296_METAG_MFMGEACE,0,0,0,Bacteroidota,91.52,MAG
TARA_SAMEA4398296_METAG_GKEOPECK,0,0,0,Alpha-Rhodobacter,94.19,MAG
TARA_SAMEA4398296_METAG_IMKPAFPC,0,0,0,Bacteroidota,80.1,MAG
TARA_SAMEA4398296_METAG_ACBKHLKI,0,0,0,Bacteroidota,83.5,MAG
TARA_SAMEA4398296_METAG_NGENKIKG,0,0,0,Gamma-Other,85.56,MAG
TARA_SAMEA4398296_METAG_OOHJJBBE,0,0,0,Alpha-Other,85.38,MAG
TARA_SAMEA4398296_METAG_EDIGMFOE,0,0,0,Bacteroidota,85.92,MAG
TARA_SAMEA4398296_METAG_DOEIMCIP,0,0,0,Bacteroidota,77.82,MAG
TARA_SAMEA4398296_METAG_CHCDFDFG,0,0,0,Bacteroidota,87.92,MAG
TARA_SAMEA4398296_METAG_FCJGHBME,0,0,0,Alpha-Other,85.98,MAG
TARA_SAMEA4398296_METAG_KGIPGGAI,0,0,0,Bacteroidota,81.68,MAG
TARA_SAMEA4398296_METAG_DKBFOABO,0,0,0,Bacteroidota,76.75,MAG
TARA_SAMEA4397196_METAG_OICENOJE,0,0,0,Bacteroidota,96.84,MAG
TARA_SAMEA4397196_METAG_FDLJKNGG,0,0,0,Gamma-SAR92,94.91,MAG
TARA_SAMEA4397196_METAG_KCMCGEFP,0,0,0,Alpha-Rhodobacter,94.37,MAG
TARA_SAMEA4397196_METAG_GHDIDCLF,1,1,1,Verrucomicrobiota,91.04,MAG
TARA_SAMEA4397196_METAG_BPCIBJHE,0,0,0,Bacteroidota,77.86,MAG
TARA_SAMEA4397196_METAG_BCIKPBIJ,0,0,0,Gamma-SAR92,93.4,MAG
TARA_SAMEA4397196_METAG_LDOCDFIK,0,0,0,Bacteroidota,77.87,MAG
TARA_SAMEA4397196_METAG_BJJKONJD,0,0,0,Bacteroidota,87.65,MAG
TARA_SAMEA4397196_METAG_FLADCENL,0,0,0,Bacteroidota,83.4,MAG
TARA_SAMEA4397196_METAG_CJLFBNGG,0,0,0,Bacteroidota,85.7,MAG
TARA_SAMEA4397196_METAG_DPPAODPO,0,0,0,Gamma-Other,90.64,MAG
TARA_SAMEA4397196_METAG_HJEJNNIH,0,0,0,Bacteroidota,85.84,MAG
TARA_SAMEA4397196_METAG_NDCPKPDH,0,0,0,Alpha-Other,86.19,MAG
TARA_SAMEA4397196_METAG_NFMBLGLF,0,0,0,Bacteroidota,79.69,MAG
TARA_SAMEA4397983_METAG_ILMGEOFM,0,0,0,Bacteroidota,96.94,MAG
TARA_SAMEA4397983_METAG_DLINKCHG,0,0,0,Bacteroidota,90.43,MAG
TARA_SAMEA4397983_METAG_JCILCIEA,0,0,0,Gamma-SAR92,83.04,MAG
TARA_SAMEA4397983_METAG_EENHDDMM,0,0,0,Alpha-Other,87.7,MAG
TARA_SAMEA4397983_METAG_MHGGIEBF,0,0,0,Bacteroidota,82.56,MAG
TARA_SAMEA4397983_METAG_JLLENCKD,0,0,0,Alpha-Other,82.65,MAG
TARA_SAMEA2619548_METAG_EPOHAPFP,0,0,0,Archaea-Poseidoniia MGIIb,88.02,MAG
TARA_SAMEA2619548_METAG_NADGNBJK,0,0,0,Archaea-Poseidoniia MGIIa,85.28,MAG
TARA_SAMEA4398094_METAG_KOBLDEML,0,0,0,Bacteroidota,97.04,MAG
TARA_SAMEA4398094_METAG_OADJDGIB,0,0,0,Bacteroidota,96.95,MAG
TARA_SAMEA4398094_METAG_DFDNNFKK,0,0,0,Gamma-Other,96.68,MAG
TARA_SAMEA4398094_METAG_OGOPJADH,0,0,0,Gamma-Other,96.58,MAG
TARA_SAMEA4398094_METAG_HLGDABHH,0,0,0,Gamma-Other,89.7,MAG
TARA_SAMEA4398094_METAG_LOFDCBHC,0,0,0,Gamma-SAR92,88.94,MAG
TARA_SAMEA4398094_METAG_EINFCOHD,0,0,0,Bacteroidota,91.32,MAG
TARA_SAMEA4398094_METAG_GLFNIPGN,0,0,0,Bacteroidota,91.43,MAG
TARA_SAMEA4398094_METAG_JECLGJDH,0,0,0,Gamma-Other,94.62,MAG
TARA_SAMEA4398094_METAG_IGLJNCKG,0,0,0,Alpha-Other,84.24,MAG
TARA_SAMEA4398094_METAG_OAPMBJDN,0,0,0,Bacteroidota,81.36,MAG
TARA_SAMEA4398094_METAG_KMHDOGDN,0,0,0,Gamma-Other,85.79,MAG
TARA_SAMEA4398094_METAG_PNGLNGMF,0,0,0,Bacteroidota,81.54,MAG
TARA_SAMEA4398094_METAG_FOHPKHMD,0,0,0,Alpha-Other,81.52,MAG
TARA_SAMEA4398094_METAG_DEFGPIAH,0,0,0,Bacteroidota,82.92,MAG
TARA_SAMEA4398094_METAG_GPNANEBM,0,0,0,Bacteroidota,77.88,MAG
TARA_SAMEA4398150_METAG_AIPKEIIO,0,0,0,Gamma-SAR92,96.72,MAG
TARA_SAMEA4398150_METAG_CAKKLGGM,0,0,0,Gamma-Other,96.55,MAG
TARA_SAMEA4398150_METAG_EFLACHLO,0,0,0,Alpha-Other,87.02,MAG
TARA_SAMEA4398150_METAG_JNBNHJFO,0,0,0,Gamma-SAR92,76.63,MAG
TARA_SAMEA2619548_METAG_LBPBNLMG,0,0,0,Archaea-Poseidoniia MGIIb,85.81,MAG
TARA_SAMEA4398150_METAG_BNPLFBJA,0,0,0,Alpha-Pelagibacter,78.17,MAG
TARA_SAMEA2619548_METAG_NAELEPGM,0,0,0,Archaea-Poseidoniia MGIIb,81.68,MAG
TARA_SAMEA2619548_METAG_FDDAIPCA,0,0,0,Archaea-Poseidoniia MGIIa,75.5,MAG
TARA_SAMEA2619548_METAG_IOPMBKBL,0,0,0,Archaea-Poseidoniia MGIIa,75.05,MAG
TARA_SAMEA4397842_METAG_KICLFKGG,0,0,0,Alpha-Other,98.73,MAG
TARA_SAMEA4397842_METAG_HCDNFEAF,0,0,0,Bacteroidota,96.06,MAG
TARA_SAMEA4397842_METAG_CKDMFFCM,0,0,0,Gamma-Other,96.05,MAG
TARA_SAMEA4397842_METAG_MONCHMGJ,0,0,0,Gamma-SAR92,77.63,MAG
TARA_SAMEA4397842_METAG_FDPMEIDB,0,0,0,Gamma-Other,91.12,MAG
TARA_SAMEA4397842_METAG_EHLLDDBD,0,0,0,Bacteroidota,88.92,MAG
TARA_SAMEA4397842_METAG_IIIPANAC,0,0,0,Bacteroidota,87.37,MAG
TARA_SAMEA4397842_METAG_BIPILDKO,0,0,0,Gamma-Other,91.6,MAG
TARA_SAMEA4397842_METAG_LINPKOPL,0,0,0,Alpha-Other,77.72,MAG
TARA_SAMEA4397842_METAG_HOGOLJBH,0,0,0,Bacteroidota,89.91,MAG
TARA_SAMEA4397842_METAG_EEJKHJIL,0,0,0,Bacteroidota,77.32,MAG
TARA_SAMEA4397842_METAG_EEAOKFDK,0,0,0,Alpha-Rhodobacter,82.28,MAG
TARA_SAMEA4397842_METAG_FGMOFAPL,0,0,0,Alpha-Puniceispirilla,77.41,MAG
TARA_SAMEA4397842_METAG_OPBDLKDE,0,0,0,Bacteroidota,80.16,MAG
TARA_SAMEA4397034_METAG_ANPPJHKJ,0,0,0,Bacteroidota,95.79,MAG
TARA_SAMEA4397034_METAG_FLGPBIMI,0,0,0,Gamma-Other,96.27,MAG
TARA_SAMEA4397034_METAG_KHGLEGHM,0,0,0,Alpha-Rhodobacter,87.66,MAG
TARA_SAMEA4397034_METAG_MFLKNJMB,0,0,0,Bacteroidota,88.27,MAG
TARA_SAMEA4397034_METAG_BDIJPJKP,0,0,0,Gamma-Other,79.62,MAG
TARA_SAMEA4397426_METAG_ECEJBGCD,0,0,0,Bacteroidota,97.48,MAG
TARA_SAMEA4397426_METAG_PMIMMIKC,0,0,0,Gamma-SAR92,80.26,MAG
TARA_SAMEA4397426_METAG_KFEOLMON,0,0,0,Gamma-Other,96.55,MAG
TARA_SAMEA4397426_METAG_DDEDKPON,0,0,0,Alpha-Rhodobacter,93.42,MAG
TARA_SAMEA4397426_METAG_IDNFABFP,0,0,0,Gamma-Other,89.76,MAG
TARA_SAMEA4397426_METAG_JPDADBFL,0,0,0,Alpha-Other,94.06,MAG
TARA_SAMEA4397426_METAG_MKLHFKNF,0,0,0,Bacteroidota,88.34,MAG
TARA_SAMEA4397426_METAG_CDHLHLBH,0,0,0,Gamma-SAR92,76.5,MAG
TARA_SAMEA4397426_METAG_IPJKNBMN,0,0,0,Alpha-Other,77.52,MAG
TARA_SAMEA4397426_METAG_JEBIGGCL,0,0,0,Alpha-Rhodobacter,84.08,MAG
TARA_SAMEA4397426_METAG_EDBKJOIN,0,0,0,Alpha-Rhodobacter,79.25,MAG
TARA_SAMEA4397426_METAG_LEIHCCIF,0,0,0,Bacteroidota,79.09,MAG
TARA_SAMEA4396424_METAG_MJGENPMN,0,0,0,Bacteroidota,98.78,MAG
TARA_SAMEA4396424_METAG_DBMPIENH,0,0,0,Bacteroidota,95.33,MAG
TARA_SAMEA4396424_METAG_DBLANIEM,0,0,0,Gamma-Other,81.77,MAG
TARA_SAMEA4396424_METAG_JFMONMHP,0,0,0,Bacteroidota,87.92,MAG
TARA_SAMEA4396424_METAG_FNJMGOAP,0,0,0,Bacteroidota,90.87,MAG
TARA_SAMEA4396424_METAG_JFMLOPIA,0,0,0,Alpha-Rhodobacter,88.09,MAG
TARA_SAMEA4396424_METAG_DKHFBLCC,0,0,0,Alpha-Other,86.8,MAG
TARA_SAMEA4396424_METAG_POGHPGNP,0,0,0,Alpha-Rhodobacter,76.88,MAG
TARA_SAMEA4398219_METAG_PMMHAMPC,0,0,0,Bacteroidota,97.08,MAG
TARA_SAMEA4398219_METAG_GLKDDLFG,0,0,0,Bacteroidota,96.68,MAG
TARA_SAMEA4398219_METAG_JBMAJLJB,0,0,0,Chloroflexota,92.04,MAG
TARA_SAMEA4398219_METAG_JMKLKHNA,0,0,0,Bacteroidota,90.44,MAG
TARA_SAMEA4398219_METAG_GANJDCFF,0,0,0,Gamma-Other,93.32,MAG
TARA_SAMEA4398219_METAG_JPOKABPI,0,0,0,Alpha-Rhodobacter,94.27,MAG
TARA_SAMEA4398219_METAG_AFECMBHJ,0,0,0,Marinisomatota,90.74,MAG
TARA_SAMEA4398219_METAG_IPFBDJMC,0,0,0,Gamma-SAR92,88.26,MAG
TARA_SAMEA4398219_METAG_CCGANODC,0,0,0,Bacteroidota,80.69,MAG
TARA_SAMEA4398219_METAG_MOEGACHC,0,0,0,Bacteroidota,80.4,MAG
TARA_SAMEA4398219_METAG_DHGCCHBN,0,0,0,Alpha-Other,88.46,MAG
TARA_SAMEA4398219_METAG_LNINLLKB,0,0,0,Bacteria-Other,78.66,MAG
TARA_SAMEA4398219_METAG_FMDMOBND,0,0,0,Gamma-Other,80.62,MAG
TARA_SAMEA2623627_METAG_DIGMBDIO,0,0,0,Archaea-Poseidoniia MGIIa,84.54,MAG
TARA_SAMEA4398219_METAG_AEAMKDKH,0,0,0,Bacteroidota,75.02,MAG
TARA_SAMEA4397390_METAG_BGAKPFKM,0,0,0,Bacteroidota,98.75,MAG
TARA_SAMEA4397390_METAG_OAJNPHCG,0,0,0,Bacteroidota,98.02,MAG
TARA_SAMEA4397390_METAG_NDCDCLLO,0,0,0,Bacteroidota,96.32,MAG
TARA_SAMEA4397390_METAG_EJBOOLAH,0,0,0,Bacteroidota,96.9,MAG
TARA_SAMEA4397390_METAG_GEOJAJDH,0,0,0,Gamma-SAR92,87.29,MAG
TARA_SAMEA4397390_METAG_OFKEJNNI,0,0,0,Gamma-Other,92.58,MAG
TARA_SAMEA4397390_METAG_LIIMPECH,0,0,0,Alpha-Rhodobacter,93.51,MAG
TARA_SAMEA4397390_METAG_NFBKNHCA,0,0,0,Gamma-Other,93.18,MAG
TARA_SAMEA4397390_METAG_KONFPMPI,0,0,0,Alpha-Rhodobacter,75.18,MAG
TARA_SAMEA4397390_METAG_FJKHOIBA,0,0,0,Gamma-SAR92,88.54,MAG
TARA_SAMEA4397390_METAG_OJJDELFC,0,0,0,Alpha-Rhodobacter,77.02,MAG
TARA_SAMEA4397390_METAG_GNIBONKL,0,0,0,Bacteroidota,75.42,MAG
TARA_SAMEA4397903_METAG_PBADCJMF,0,0,0,Bacteroidota,98.29,MAG
TARA_SAMEA4397903_METAG_NCPFNKJH,0,0,0,Bacteroidota,92.27,MAG
TARA_SAMEA4397903_METAG_LOOHAGAM,0,0,0,Alpha-Other,92.83,MAG
TARA_SAMEA4397903_METAG_FFBFMOMN,1,1,1,Verrucomicrobiota,93.38,MAG
TARA_SAMEA4397903_METAG_APBLAGJG,0,0,0,Gamma-Other,94.24,MAG
TARA_SAMEA4397903_METAG_NBEIKLOB,0,0,0,Gamma-Other,95.61,MAG
TARA_SAMEA4397903_METAG_LPFLJANI,0,0,0,Bacteroidota,94.75,MAG
TARA_SAMEA4397903_METAG_GLJNOFJD,0,0,0,Gamma-Other,78.41,MAG
TARA_SAMEA4397903_METAG_JNGPJPOH,0,0,0,Actinobacteriota,90.58,MAG
TARA_SAMEA4397903_METAG_KCNKIHNJ,0,0,0,Bacteroidota,87.26,MAG
TARA_SAMEA4397903_METAG_EKFAFKJL,0,0,0,Alpha-Other,86.74,MAG
TARA_SAMEA4397903_METAG_LGNJAHBM,0,0,0,Alpha-Pelagibacter,87.73,MAG
TARA_SAMEA4397903_METAG_KOHGMMBD,0,0,0,Bacteroidota,92.22,MAG
TARA_SAMEA4397903_METAG_PGAAPDPH,0,0,0,Bacteroidota,91.54,MAG
TARA_SAMEA4397903_METAG_DADGMDCI,0,0,0,Gamma-SAR92,77.12,MAG
TARA_SAMEA4397903_METAG_CPCDBIPO,0,0,0,Bacteroidota,90,MAG
TARA_SAMEA4397903_METAG_PBEFKDMC,0,0,0,Alpha-Rhodobacter,89.95,MAG
TARA_SAMEA4397903_METAG_IDOAPFKO,0,0,0,Gamma-Other,78.92,MAG
TARA_SAMEA4397903_METAG_NANDEFED,0,0,0,SAR324,84.48,MAG
TARA_SAMEA2623627_METAG_ABNAJPMA,0,0,0,Archaea-Poseidoniia MGIIb,75.49,MAG
TARA_SAMEA2623627_METAG_OGBJLOIK,0,0,0,Archaea-Poseidoniia MGIIb,75.09,MAG
TARA_SAMEA4398370_METAG_GLKBCGPI,0,0,0,Gamma-Other,96.3,MAG
TARA_SAMEA4398370_METAG_BGMOHGHA,0,0,0,Bacteroidota,94.78,MAG
TARA_SAMEA4398370_METAG_MNMEJKON,0,0,0,Bacteroidota,83.24,MAG
TARA_SAMEA4398370_METAG_IFHLNADC,0,0,0,Bacteroidota,86.04,MAG
TARA_SAMEA4398370_METAG_BHIOPPFJ,0,0,0,Alpha-Rhodobacter,94.81,MAG
TARA_SAMEA4398370_METAG_EOKHKIPB,0,0,0,Alpha-Other,89.62,MAG
TARA_SAMEA4398370_METAG_MENKMJDJ,0,0,0,Gamma-Other,87.04,MAG
TARA_SAMEA4398370_METAG_FADMFFDB,0,0,0,Bacteroidota,79.04,MAG
TARA_SAMEA4398370_METAG_NDFPHCGF,0,0,0,Bacteroidota,80.54,MAG
TARA_SAMEA4398370_METAG_EOHNAFNA,0,0,0,Gamma-Other,87.84,MAG
TARA_SAMEA4398370_METAG_BHCIICJH,0,0,0,Bacteroidota,85.84,MAG
TARA_SAMEA4398370_METAG_BNHHFPPA,0,0,0,Alpha-Pelagibacter,83.19,MAG
TARA_SAMEA4398370_METAG_KGDIPHJI,0,0,0,Bacteroidota,78.59,MAG
TARA_SAMEA4398009_METAG_JJNFINBJ,0,0,0,Bacteroidota,99.01,MAG
TARA_SAMEA4398009_METAG_MFADIIAH,0,0,0,Bacteroidota,96.86,MAG
TARA_SAMEA4398009_METAG_GCBFKJME,0,0,0,Bacteroidota,95.58,MAG
TARA_SAMEA4398009_METAG_FHODJJLD,0,0,0,Gamma-SAR92,89.78,MAG
TARA_SAMEA4398009_METAG_KCOEEOMD,0,0,0,Bacteroidota,95.43,MAG
TARA_SAMEA4398009_METAG_HNNLMDJM,0,0,0,Gamma-SAR92,91.94,MAG
TARA_SAMEA4398009_METAG_ALCMKCEI,0,0,0,SAR324,91.56,MAG
TARA_SAMEA4398009_METAG_KPFLPLMH,0,0,0,Gamma-Other,92.96,MAG
TARA_SAMEA4398009_METAG_KKJKLPFK,0,0,0,Alpha-Pelagibacter,86.82,MAG
TARA_SAMEA4398009_METAG_JNODABMA,0,0,0,Alpha-Other,86.18,MAG
TARA_SAMEA4398009_METAG_FKPMKJEM,0,0,0,Alpha-Other,85.67,MAG
TARA_SAMEA4398009_METAG_AEEGHGGN,0,0,0,Bacteroidota,82.94,MAG
TARA_SAMEA2623808_METAG_DPPBKJDA,0,0,0,Archaea-Poseidoniia MGIIb,80.98,MAG
TARA_SAMEA4398009_METAG_JKFDDHKA,0,0,0,Bacteroidota,75.9,MAG
TARA_SAMEA4398009_METAG_HCNKJFMG,0,0,0,Bacteroidota,76.57,MAG
TARA_SAMEA4398009_METAG_NJHGNKOC,0,0,0,Bacteroidota,76.14,MAG
TARA_SAMEA4397798_METAG_LPJBMLFE,0,0,0,Bacteroidota,98.92,MAG
TARA_SAMEA4397798_METAG_LJHADJFN,0,0,0,Bacteroidota,97.46,MAG
TARA_SAMEA4397798_METAG_ALIFFGIC,0,0,0,Gamma-Other,96.84,MAG
TARA_SAMEA4397798_METAG_ONECMFCN,0,0,0,Gamma-Other,93.65,MAG
TARA_SAMEA4397798_METAG_JKADGNHD,0,0,0,Alpha-Puniceispirilla,92.8,MAG
TARA_SAMEA4397798_METAG_COIAAHHL,0,0,0,Gamma-Other,94.09,MAG
TARA_SAMEA4397798_METAG_AACOBMGC,0,0,0,Gamma-Other,91.61,MAG
TARA_SAMEA4397798_METAG_FAHPNMPE,0,0,0,Bacteroidota,91.49,MAG
TARA_SAMEA4397798_METAG_KDHKFCGO,0,0,0,Alpha-Other,90.36,MAG
TARA_SAMEA4397798_METAG_HGBHKDBI,0,0,0,Bacteroidota,79.72,MAG
TARA_SAMEA4397798_METAG_EKDCHBPM,0,0,0,Alpha-Other,86.35,MAG
TARA_SAMEA4397798_METAG_GAHEHHCN,0,0,0,Bacteroidota,84.39,MAG
TARA_SAMEA4397798_METAG_CDPBKJKK,0,0,0,Alpha-Pelagibacter,76.04,MAG
TARA_SAMEA4397101_METAG_KBLNFDFD,0,0,0,Bacteroidota,96.3,MAG
TARA_SAMEA4397101_METAG_BKIBJGFN,0,0,0,Bacteroidota,83.19,MAG
TARA_SAMEA4397101_METAG_NFHPKJOG,0,0,0,Alpha-Rhodobacter,92.6,MAG
TARA_SAMEA4397101_METAG_HNJMAKPE,0,0,0,Alpha-Rhodobacter,87.5,MAG
TARA_SAMEA4397101_METAG_GAPCAMIF,0,0,0,Bacteroidota,90.13,MAG
TARA_SAMEA4397101_METAG_DAJNAAKG,0,0,0,Gamma-Other,89,MAG
TARA_SAMEA4397101_METAG_NAJHINJB,0,0,0,Alpha-Pelagibacter,79.94,MAG
TARA_SAMEA4397101_METAG_JDEFCBFD,0,0,0,Bacteroidota,80.75,MAG
TARA_SAMEA4397101_METAG_GMHNMKNJ,0,0,0,Alpha-Other,80.22,MAG
TARA_SAMEA4397101_METAG_EMLDAMMM,0,0,0,Bacteroidota,76.38,MAG
TARA_SAMEA4397072_METAG_AOKLNJHN,0,0,0,Actinobacteriota,93.82,MAG
TARA_SAMEA4397072_METAG_FKILDBKM,0,0,0,Gamma-Other,97.1,MAG
TARA_SAMEA4397072_METAG_EHPLLIJG,0,0,0,Gamma-SAR92,94.91,MAG
TARA_SAMEA4397072_METAG_BJIAFCAO,0,0,0,Alpha-Other,93.92,MAG
TARA_SAMEA4397072_METAG_JNJCCBLE,0,0,0,Gamma-Other,92.75,MAG
TARA_SAMEA2623808_METAG_PEOJNKKH,0,0,0,Archaea-Poseidoniia MGIIa,79.03,MAG
TARA_SAMEA4397072_METAG_EDKOJFOG,0,0,0,Gamma-Other,89.71,MAG
TARA_SAMEA4397072_METAG_FAKAHFOM,0,0,0,Bacteroidota,83.2,MAG
TARA_SAMEA2623808_METAG_DCJDEBGF,0,0,0,Archaea-Poseidoniia MGIIa,78.18,MAG
TARA_SAMEA4397072_METAG_GBJBNDHE,0,0,0,Verrucomicrobiota,84.96,MAG
TARA_SAMEA4397072_METAG_NMCOLCDE,0,0,0,Gamma-Other,89.56,MAG
TARA_SAMEA4397072_METAG_FLNGHCJB,0,0,0,Bacteroidota,84.16,MAG
TARA_SAMEA4397072_METAG_BILNMGBC,0,0,0,Gamma-Other,80,MAG
TARA_SAMEA4397072_METAG_ANFBOPBN,0,0,0,Chloroflexota,78.28,MAG
TARA_SAMEA4397072_METAG_COMKJPFM,0,0,0,Gamma-Other,80,MAG
TARA_SAMEA2620929_METAG_IBEGDBHC,0,0,0,Archaea-Poseidoniia MGIIb,77.06,MAG
TARA_SAMEA4397072_METAG_PFLFENNJ,0,0,0,Gamma-SAR86,78.77,MAG
TARA_SAMEA4397311_METAG_IBCMHNBM,0,0,0,Bacteroidota,97.4,MAG
TARA_SAMEA4397311_METAG_NJFCIEDB,0,0,0,Bacteroidota,97.58,MAG
TARA_SAMEA4397311_METAG_JHGHEFAC,0,0,0,Bacteroidota,96,MAG
TARA_SAMEA4397311_METAG_MOPPHLCF,0,0,0,Gamma-Other,96.72,MAG
TARA_SAMEA4397311_METAG_NGBFAPNO,0,0,0,Alpha-Rhodobacter,94,MAG
TARA_SAMEA4397311_METAG_IAEDMILH,0,0,0,Bacteroidota,92.1,MAG
TARA_SAMEA4397311_METAG_ALJCCPPC,0,0,0,Alpha-Rhodobacter,76.92,MAG
TARA_SAMEA4397311_METAG_OCNBNPFB,0,0,0,Gamma-Other,92.62,MAG
TARA_SAMEA4397311_METAG_AFDPLNOO,0,0,0,Bacteroidota,89.93,MAG
TARA_SAMEA4397311_METAG_PJAEEJPN,0,0,0,Bacteroidota,86.7,MAG
TARA_SAMEA4397311_METAG_EPDFJKDC,0,0,0,Bacteroidota,81.15,MAG
TARA_SAMEA4398176_METAG_LOHPMJMP,0,0,0,Bacteroidota,98.74,MAG
TARA_SAMEA4398176_METAG_JDCNIMON,0,0,0,Bacteroidota,96.72,MAG
TARA_SAMEA4398176_METAG_BMCAPIFG,0,0,0,Bacteroidota,97.03,MAG
TARA_SAMEA4398176_METAG_MIIFOFGB,0,0,0,Gamma-Other,90.57,MAG
TARA_SAMEA4398176_METAG_MHCPDBIL,0,0,0,Alpha-Rhodobacter,94.89,MAG
TARA_SAMEA4398176_METAG_MMCNCHGC,0,0,0,Gamma-Other,94.6,MAG
TARA_SAMEA4398176_METAG_KOPNFLFC,0,0,0,Gamma-Other,93.47,MAG
TARA_SAMEA4398176_METAG_FDEGFFEC,0,0,0,Alpha-Puniceispirilla,91.22,MAG
TARA_SAMEA4398176_METAG_CAKCHFGO,0,0,0,Bacteroidota,90.75,MAG
TARA_SAMEA4398176_METAG_KMDBJEHG,0,0,0,Gamma-Other,84.78,MAG
TARA_SAMEA4398176_METAG_LEBFDCNC,0,0,0,Bacteroidota,78.16,MAG
TARA_SAMEA4398176_METAG_AMFLGGCN,0,0,0,Bacteroidota,82.9,MAG
TARA_SAMEA4398176_METAG_BLOBHMDN,0,0,0,Gamma-Other,90.85,MAG
TARA_SAMEA4398176_METAG_AABKHIGP,0,0,0,Alpha-Other,90.82,MAG
TARA_SAMEA4398176_METAG_MDENBKJF,0,0,0,Alpha-Other,84.1,MAG
TARA_SAMEA4398176_METAG_AJFJENDN,0,0,0,Bacteroidota,86.18,MAG
TARA_SAMEA4398176_METAG_ALNPOFCF,0,0,0,Gamma-Other,85.2,MAG
TARA_SAMEA4398176_METAG_DGJGKIEJ,0,0,0,Alpha-Other,78.38,MAG
TARA_SAMEA4397355_METAG_NJHOEOAH,0,0,0,Alpha-Other,96.12,MAG
TARA_SAMEA4397355_METAG_BCPMNKPD,0,0,0,Chloroflexota,93.97,MAG
TARA_SAMEA4397355_METAG_BLOIAPCO,0,0,0,Bacteroidota,86.03,MAG
TARA_SAMEA4397355_METAG_KGNDFNFL,0,0,0,Bacteroidota,91.08,MAG
TARA_SAMEA4397355_METAG_MOIDOOJL,1,1,1,Verrucomicrobiota,86.06,MAG
TARA_SAMEA4397355_METAG_EFCBADIH,0,0,0,Gamma-SAR92,79.09,MAG
TARA_SAMEA4397355_METAG_CPLGHLKG,0,0,0,Chloroflexota,85.76,MAG
TARA_SAMEA2620230_METAG_CLGAINMG,0,0,0,Archaea-Poseidoniia MGIIa,78.89,MAG
TARA_SAMEA4397355_METAG_PNHCHALH,0,0,0,Chloroflexota,80.82,MAG
TARA_SAMEA2622119_METAG_GAJFEGDG,0,0,0,Archaea-Poseidoniia MGIIb,84.92,MAG
TARA_SAMEA2622119_METAG_KBEKCLJK,0,0,0,Archaea-Poseidoniia MGIIb,82.66,MAG
TARA_SAMEA4397730_METAG_HDIOLHFC,0,0,0,Gamma-Other,96.44,MAG
TARA_SAMEA4397730_METAG_BPLIOPNH,0,0,0,Alpha-Other,94.97,MAG
TARA_SAMEA4397730_METAG_LPAHEJJI,0,0,0,Bacteroidota,85.22,MAG
TARA_SAMEA4397730_METAG_DFNBNOJF,0,0,0,Bacteria-Other,86.27,MAG
TARA_SAMEA4397730_METAG_ABKLOKKL,0,0,0,Bacteroidota,77.85,MAG
TARA_SAMEA4397730_METAG_LJHBEIBE,0,0,0,Chloroflexota,75.74,MAG
TARA_SAMEA4397730_METAG_FDEAFGMN,0,0,0,Gamma-Other,76.74,MAG
TARA_SAMEA4397730_METAG_BBDEACEF,0,0,0,Bacteroidota,77.88,MAG
TARA_SAMEA4397730_METAG_FIPEKNNL,0,0,0,Gamma-Other,75.7,MAG
TARA_SAMEA2623886_METAG_KDFCBKAA,0,0,0,Archaea-Poseidoniia MGIIb,77.02,MAG
TARA_SAMEA4398067_METAG_AJMOKGGI,0,0,0,Gamma-Other,97.08,MAG
TARA_SAMEA4398067_METAG_KIIJMMBN,0,0,0,Bacteroidota,97.04,MAG
TARA_SAMEA4398067_METAG_ICOMGCGP,0,0,0,Gamma-Other,97.14,MAG
TARA_SAMEA4398067_METAG_KMEKEECE,0,0,0,Gamma-SAR92,97.12,MAG
TARA_SAMEA4398067_METAG_PPDPDCNN,0,0,0,Gamma-Other,96.42,MAG
TARA_SAMEA4398067_METAG_OOBLJPHC,0,0,0,Bacteroidota,93.24,MAG
TARA_SAMEA4398067_METAG_GIHGIGMK,0,0,0,Bacteroidota,85.18,MAG
TARA_SAMEA4398067_METAG_EDBLLLDI,0,0,0,Bacteroidota,84.29,MAG
TARA_SAMEA4398067_METAG_KIGCEEPD,0,0,0,Alpha-Pelagibacter,83.1,MAG
TARA_SAMEA4398067_METAG_GOAIPBPJ,0,0,0,Bacteroidota,81.46,MAG
TARA_SAMEA4398067_METAG_HOAFPCHK,0,0,0,Bacteroidota,80.04,MAG
TARA_SAMEA4398067_METAG_NCMDHHMI,0,0,0,Bacteroidota,84.13,MAG
TARA_SAMEA4398067_METAG_AEBNHOEK,0,0,0,Gamma-Other,77.81,MAG
TARA_SAMEA4397569_METAG_MMEJPIFD,0,0,0,Bacteroidota,96.77,MAG
TARA_SAMEA4397569_METAG_IJKPAJII,0,0,0,Bacteroidota,95.92,MAG
TARA_SAMEA4397569_METAG_OGAHOONA,0,0,0,Gamma-Other,96.68,MAG
TARA_SAMEA4397569_METAG_NLJPGMCP,0,0,0,Bacteroidota,91.91,MAG
TARA_SAMEA4397569_METAG_JPIKAHAA,0,0,0,Gamma-Other,94.39,MAG
TARA_SAMEA4397569_METAG_DJNJDGHF,0,0,0,Alpha-Rhodobacter,79.32,MAG
TARA_SAMEA4397569_METAG_KIKNJMDN,0,0,0,Alpha-Rhodobacter,94.24,MAG
TARA_SAMEA4397569_METAG_PALKDPFL,0,0,0,Bacteroidota,91.82,MAG
TARA_SAMEA4397569_METAG_PMDAMDDD,0,0,0,Gamma-SAR92,76.8,MAG
TARA_SAMEA4397569_METAG_NNBGEEKC,0,0,0,Alpha-Other,92.22,MAG
TARA_SAMEA4397569_METAG_FMCKHJDK,0,0,0,Bacteroidota,87.69,MAG
TARA_SAMEA4397569_METAG_FONAPJMG,0,0,0,Bacteroidota,85.42,MAG
TARA_SAMEA4397569_METAG_PAMBBBNF,0,0,0,Bacteroidota,88.1,MAG
TARA_SAMEA4397569_METAG_LKLFKJIK,0,0,0,Gamma-SAR92,81.78,MAG
TARA_SAMEA4397569_METAG_AFCILABG,0,0,0,Bacteroidota,78.84,MAG
TARA_SAMEA4397472_METAG_CFGONHJG,0,0,0,Bacteroidota,96.63,MAG
TARA_SAMEA4397472_METAG_AAPDLGBE,0,0,0,Gamma-Other,97.54,MAG
TARA_SAMEA4397472_METAG_NBBGKMJH,0,0,0,Gamma-SAR92,97.51,MAG
TARA_SAMEA4397472_METAG_LDLBIIMM,0,0,0,Gamma-SAR92,89.59,MAG
TARA_SAMEA4397472_METAG_PLMEHPPN,0,0,0,Alpha-Rhodobacter,96.63,MAG
TARA_SAMEA4397472_METAG_GOOKOOMA,0,0,0,Bacteroidota,95.1,MAG
TARA_SAMEA4397472_METAG_KKGOKJIE,0,0,0,Gamma-Other,94.8,MAG
TARA_SAMEA4397472_METAG_PEDCECLL,0,0,0,Bacteroidota,93,MAG
TARA_SAMEA4397472_METAG_CPDPGPAH,0,0,0,Gamma-Other,80.54,MAG
TARA_SAMEA4397472_METAG_ODCNGKGH,0,0,0,Alpha-Other,91.26,MAG
TARA_SAMEA4397472_METAG_BEMLHOEH,0,0,0,Bacteroidota,91.94,MAG
TARA_SAMEA4397472_METAG_BNFFHMGC,0,0,0,Bacteroidota,92.99,MAG
TARA_SAMEA4397472_METAG_BFDDCLFA,0,0,0,Actinobacteriota,87.72,MAG
TARA_SAMEA4397472_METAG_MMINHPNB,0,0,0,Alpha-Pelagibacter,83.46,MAG
TARA_SAMEA4397472_METAG_PPIMOOLB,0,0,0,Bacteroidota,83.4,MAG
TARA_SAMEA4397472_METAG_ILHGGPNA,0,0,0,Bacteroidota,78.09,MAG
TARA_SAMEA4397472_METAG_EOAOJNBC,0,0,0,Bacteroidota,80.12,MAG
TARA_SAMEA4397472_METAG_FEDHKCBL,0,0,0,Gamma-SAR86,78.37,MAG
TARA_SAMEA4398413_METAG_AHGHCJIP,0,0,0,Gamma-Other,96,MAG
TARA_SAMEA4398413_METAG_HONOFHEO,0,0,0,Actinobacteriota,92.02,MAG
TARA_SAMEA4398413_METAG_BBKHKGHP,0,0,0,Alpha-Pelagibacter,85.76,MAG
TARA_SAMEA4398413_METAG_FIHPIGOJ,0,0,0,Gamma-Other,89.56,MAG
TARA_SAMEA4398413_METAG_HGLNGBKC,1,1,1,Verrucomicrobiota,81.11,MAG
TARA_SAMEA2623734_METAG_OFDIKDKK,0,0,0,Archaea-Poseidoniia MGIIa,85.69,MAG
TARA_SAMEA4398413_METAG_PFLAFEIM,0,0,0,Marinisomatota,75.98,MAG
TARA_SAMEA4398413_METAG_FJEJCEOF,0,0,0,Planctomycetota,76.44,MAG
TARA_SAMEA2623734_METAG_CFGALPMA,0,0,0,Archaea-Poseidoniia MGIIb,78.5,MAG
TARA_SAMEA4398413_METAG_JCCFFFFA,0,0,0,Bacteroidota,77.48,MAG
TARA_SAMEA2622923_METAG_DPHAKGIE,0,0,0,Archaea-Poseidoniia MGIIa,85.28,MAG
TARA_SAMEA4397004_METAG_IANKJDAB,0,0,0,Bacteria-Other,89.44,MAG
TARA_SAMEA4397004_METAG_NEJOAOBK,0,0,0,SAR324,90.36,MAG
TARA_SAMEA2622923_METAG_AOIIHNHN,0,0,0,Archaea-Poseidoniia MGIIa,82.33,MAG
TARA_SAMEA4397004_METAG_OEMGLDGO,0,0,0,Gamma-Other,87.64,MAG
TARA_SAMEA2622923_METAG_BJNIMKCJ,0,0,0,Archaea-Poseidoniia MGIIa,77.07,MAG
TARA_SAMEA4396468_METAG_JEPGNPPK,0,0,0,Chloroflexota,93.27,MAG
TARA_SAMEA4396468_METAG_JCEDEOBO,0,0,0,Actinobacteriota,87.35,MAG
TARA_SAMEA4396468_METAG_PFMBEAII,0,0,0,Gamma-Other,78.12,MAG
TARA_SAMEA4396468_METAG_KHPFLLML,0,0,0,Marinisomatota,88.73,MAG
TARA_SAMEA4396468_METAG_GOGFDGMM,0,0,0,Bacteroidota,88.03,MAG
TARA_SAMEA4396468_METAG_OGDAGMAP,0,0,0,Chloroflexota,84.77,MAG
TARA_SAMEA4396468_METAG_AKLBPJHF,0,0,0,Chloroflexota,83.63,MAG
TARA_SAMEA4396468_METAG_MJKHDLED,0,0,0,Alpha-Other,84.07,MAG
TARA_SAMEA4396468_METAG_CGJMIMJN,0,0,0,Bacteroidota,85.48,MAG
TARA_SAMEA2622817_METAG_GJGGAABG,0,0,0,Archaea-Poseidoniia MGIIb,81.88,MAG
TARA_SAMEA4396468_METAG_OLPIIGOK,0,0,0,Gamma-SAR86,85.4,MAG
TARA_SAMEA2620217_METAG_LBOFOKIJ,0,0,0,Archaea-Poseidoniia MGIIb,86.02,MAG
TARA_SAMEA4396468_METAG_IANOOICJ,0,0,0,Actinobacteriota,78.15,MAG
TARA_SAMEA4396468_METAG_JIKBIMIA,0,0,0,Gamma-Other,78.18,MAG
TARA_SAMEA4396468_METAG_KCLLOLOM,0,0,0,Bacteroidota,75.26,MAG
TARA_SAMEA4396468_METAG_BMMOLELA,0,0,0,Actinobacteriota,77.02,MAG
TARA_SAMEA2620217_METAG_PFDGOONM,0,0,0,Archaea-Poseidoniia MGIIb,84.72,MAG
TARA_SAMEA2620217_METAG_NFACFMOD,0,0,0,Archaea-Poseidoniia MGIIa,78.9,MAG
TARA_SAMEA4396538_METAG_CDDAKNFK,0,0,0,Bacteroidota,97.24,MAG
TARA_SAMEA4396538_METAG_GIGKEHFN,0,0,0,Alpha-Rhodobacter,94.93,MAG
TARA_SAMEA4396538_METAG_HJHEJGKI,0,0,0,Bacteroidota,92.48,MAG
TARA_SAMEA4396538_METAG_OLMODPLD,0,0,0,Bacteroidota,94.46,MAG
TARA_SAMEA4396538_METAG_LAEGJJCF,0,0,0,Bacteroidota,79.96,MAG
TARA_SAMEA4396538_METAG_HNKNJLIB,0,0,0,Alpha-Rhodobacter,84.72,MAG
TARA_SAMEA4396538_METAG_GDHPJNNF,0,0,0,Bacteroidota,87.3,MAG
TARA_SAMEA4396538_METAG_MJBPLIEB,0,0,0,Alpha-Other,87.92,MAG
TARA_SAMEA4396538_METAG_LHNEPHBC,0,0,0,Actinobacteriota,78,MAG
TARA_SAMEA4397649_METAG_KDOJIJJI,0,0,0,Bacteroidota,98.38,MAG
TARA_SAMEA4397649_METAG_MDOEADJI,0,0,0,Bacteroidota,96.76,MAG
TARA_SAMEA4397649_METAG_CLAEIDEM,0,0,0,Bacteroidota,96.5,MAG
TARA_SAMEA4397649_METAG_IDONJBLK,0,0,0,Bacteroidota,97.04,MAG
TARA_SAMEA4397649_METAG_FEHKBCJA,0,0,0,Alpha-Rhodobacter,94.66,MAG
TARA_SAMEA4397649_METAG_IDDMJGAE,0,0,0,Gamma-SAR92,82.74,MAG
TARA_SAMEA4397649_METAG_NDNDFOAI,0,0,0,Bacteroidota,75.04,MAG
TARA_SAMEA4397649_METAG_HJEMJBHE,0,0,0,Alpha-Other,79.66,MAG
TARA_SAMEA4397649_METAG_DHMMGHOK,0,0,0,Alpha-Other,79.28,MAG
TARA_SAMEA4397649_METAG_CJFPKLMD,0,0,0,Alpha-Other,79.46,MAG
TARA_SAMEA4398341_METAG_NFOOLMGP,0,0,0,Alpha-Rhodobacter,94.93,MAG
TARA_SAMEA4398341_METAG_PGGDNNCO,0,0,0,Bacteria-Other,95.14,MAG
TARA_SAMEA4398341_METAG_NCMPLFMA,0,0,0,Alpha-Rhodobacter-LowGC,81.78,MAG
TARA_SAMEA4398341_METAG_AIAJBAKA,0,0,0,Alpha-Other,91.08,MAG
TARA_SAMEA4398341_METAG_COFOIMBF,0,0,0,Bacteroidota,89.04,MAG
TARA_SAMEA4398341_METAG_ONJCMEGM,0,0,0,Bacteroidota,77.81,MAG
TARA_SAMEA4398341_METAG_CKMBONIO,0,0,0,Bacteroidota,82.66,MAG
TARA_SAMEA4398341_METAG_KIBPOCHA,0,0,0,Alpha-Other,88.88,MAG
TARA_SAMEA4398341_METAG_NELINLKA,1,1,1,Verrucomicrobiota,84.47,MAG
TARA_SAMEA4398341_METAG_JFFOPDLN,0,0,0,Actinobacteriota,77.81,MAG
TARA_SAMEA4398341_METAG_HKOBBLAG,0,0,0,Bacteroidota,81.09,MAG
TARA_SAMEA4398247_METAG_EFGINLON,0,0,0,Bacteroidota,96.63,MAG
TARA_SAMEA4398247_METAG_JHLNHDBE,0,0,0,Alpha-Rhodobacter,94.92,MAG
TARA_SAMEA4398247_METAG_MILKMIHL,0,0,0,Gamma-Other,94.66,MAG
TARA_SAMEA4398247_METAG_NECPMJEP,0,0,0,Bacteroidota,91.58,MAG
TARA_SAMEA4398247_METAG_DLBPKDDE,0,0,0,Alpha-Other,93.15,MAG
TARA_SAMEA4398247_METAG_FCEEBPAD,0,0,0,Bacteroidota,88.34,MAG
TARA_SAMEA4398247_METAG_FDLMIEOP,0,0,0,Gamma-Other,89.62,MAG
TARA_SAMEA4398247_METAG_MLAKMEBK,0,0,0,Actinobacteriota,87.12,MAG
TARA_SAMEA4398247_METAG_OPCKLMHA,0,0,0,Bacteroidota,87.4,MAG
TARA_SAMEA4398247_METAG_KDKKNCJC,0,0,0,Alpha-Other,89.63,MAG
TARA_SAMEA4398247_METAG_IBEOCAJF,0,0,0,Gamma-Other,88.58,MAG
TARA_SAMEA4398247_METAG_HIJACECM,0,0,0,Alpha-Puniceispirilla,80.97,MAG
TARA_SAMEA4398247_METAG_FDKDLECO,0,0,0,Gamma-Other,78.22,MAG
BGEO_SAMN07136687_METAG_HGPPKMNF,0,0,0,Gamma-Other,80.73,MAG
BGEO_SAMN07136687_METAG_CCMNCBBB,0,0,0,Actinobacteriota,75.71,MAG
TARA_SAMEA2622429_METAG_KOKKIAOO,0,0,0,Archaea-Poseidoniia MGIIa,79.63,MAG
BGEO_SAMN07136947_METAG_JIGHMCMM,0,0,0,Actinobacteriota,77.63,MAG
BGEO_SAMN07136582_METAG_EIKGILFC,0,0,0,Gamma-Other,94.84,MAG
BGEO_SAMN07136561_METAG_HPOAIBHM,0,0,0,Marinisomatota,77.14,MAG
BGEO_SAMN07136562_METAG_CDGBKGGL,0,0,0,Chloroflexota,87.7,MAG
TARA_SAMEA2620570_METAG_CPBCCBPO,0,0,0,Archaea-Poseidoniia MGIIb,83.86,MAG
TARA_SAMEA2620570_METAG_OGHPNCNI,0,0,0,Archaea-Other,77.66,MAG
TARA_SAMEA2623850_METAG_OABLIJLN,0,0,0,Archaea-Poseidoniia MGIIb,78.53,MAG
TARA_SAMEA2623850_METAG_IMONFFKG,0,0,0,Archaea-Other,75.62,MAG
BATS_SAMN07137091_METAG_BBLHOBIK,0,0,0,Bacteroidota,88.05,MAG
HOTS_SAMN07137035_METAG_IDFEMBEB,0,0,0,Alpha-Other,77.48,MAG
BGEO_SAMN07136624_METAG_AOJNBKIF,0,0,0,Bacteroidota,75.81,MAG
TARA_SAMEA2619879_METAG_ADAIKINO,0,0,0,Archaea-Poseidoniia MGIIa,77.04,MAG
BGEO_SAMN07136762_METAG_NEEIAEMO,0,0,0,Gamma-SAR86,79.43,MAG
BGEO_SAMN07136523_METAG_NAOEEIJK,0,0,0,Alpha-Rhodobacter-LowGC,77.59,MAG
BGEO_SAMN07136523_METAG_JPILPLHL,0,0,0,Alpha-Rhodobacter,80.63,MAG
BGEO_SAMN07136523_METAG_APAOEKCM,0,0,0,Gamma-SAR86,82.39,MAG
BGEO_SAMN07136523_METAG_ICIGLONB,0,0,0,Gamma-SAR86,83.06,MAG
BGEO_SAMN07136570_METAG_GEODPHEK,0,0,0,Cyano-Pro,83.76,MAG
BGEO_SAMN07136657_METAG_PAGDPLMI,0,0,0,Chloroflexota,85.92,MAG
TARA_SAMEA2623756_METAG_IEFKNLGM,0,0,0,Archaea-Poseidoniia MGIIb,83.76,MAG
TARA_SAMEA2623756_METAG_PBPNDPGI,0,0,0,Archaea-Poseidoniia MGIIb,81.37,MAG
TARA_SAMEA2623756_METAG_CFLICHKA,0,0,0,Archaea-Poseidoniia MGIIb,77.84,MAG
TARA_SAMEA2623826_METAG_KKGMNOPN,0,0,0,Archaea-Poseidoniia MGIIa,85.16,MAG
BGEO_SAMN07136799_METAG_LGFLFODG,0,0,0,Gamma-Other,82.82,MAG
TARA_SAMEA2623826_METAG_GDHGGJDD,0,0,0,Archaea-Poseidoniia MGIIb,84.61,MAG
BGEO_SAMN07136568_METAG_LDKKLJDJ,0,0,0,Alpha-Pelagibacter,78.55,MAG
BGEO_SAMN07136568_METAG_NNECHPFH,0,0,0,Alpha-Other,75.66,MAG
TARA_SAMEA2623826_METAG_PADKDIPJ,0,0,0,Archaea-Poseidoniia MGIIa,81.03,MAG
TARA_SAMEA2623826_METAG_HKLJCBBM,0,0,0,Archaea-Other,78.14,MAG
BGEO_SAMN07136628_METAG_JEJHAHFH,0,0,0,Alpha-Pelagibacter,81.12,MAG
BGEO_SAMN07136727_METAG_NJJBANHK,0,0,0,SAR324,79.62,MAG
BATS_SAMN07137123_METAG_IOIOCBJP,0,0,0,Chloroflexota,88.55,MAG
BATS_SAMN07137123_METAG_IKPIDAGN,0,0,0,Actinobacteriota,77.7,MAG
TARA_SAMEA2622652_METAG_GBHNAAHA,0,0,0,Archaea-Poseidoniia MGIIa,86.72,MAG
TARA_SAMEA2622652_METAG_MAJEMGBG,0,0,0,Archaea-Poseidoniia MGIIa,80.59,MAG
BATS_SAMN07137101_METAG_NKPGGILM,0,0,0,Bacteroidota,79.14,MAG
BATS_SAMN07137089_METAG_INMJCONJ,0,0,0,Cyano-Pro,87.04,MAG
BATS_SAMN07137089_METAG_FDODAMEC,0,0,0,Actinobacteriota,79.5,MAG
BGEO_SAMN07136643_METAG_GFJCAPGJ,0,0,0,Alpha-Puniceispirilla,84.98,MAG
BGEO_SAMN07136660_METAG_AHHBKAAC,0,0,0,Marinisomatota,88.94,MAG
BGEO_SAMN07136689_METAG_ILHNONHB,0,0,0,Alpha-Rhodobacter,81.72,MAG
BGEO_SAMN07136710_METAG_AFAMJGBL,1,1,1,Gamma-Alteromonas,80.96,MAG
BGEO_SAMN07136904_METAG_CNHFDCDL,0,0,0,Cyano-Pro,87.58,MAG
BGEO_SAMN07136571_METAG_JDACFJJD,0,0,0,Marinisomatota,79.67,MAG
BGEO_SAMN07136705_METAG_ENDJLAMA,0,0,0,Gamma-Other,93.62,MAG
TARA_SAMEA2622766_METAG_MICMDEOH,0,0,0,Archaea-Poseidoniia MGIIa,84.43,MAG
BATS_SAMN07137075_METAG_AKJHGNLI,0,0,0,Actinobacteriota,76.06,MAG
TARA_SAMEA2622766_METAG_IBDOIBPG,0,0,0,Archaea-Poseidoniia MGIIa,76.58,MAG
TARA_SAMEA2622766_METAG_OCDMOENM,0,0,0,Archaea-Poseidoniia MGIIb,76.82,MAG
TARA_SAMEA2623868_METAG_KGGIIGAI,0,0,0,Archaea-Poseidoniia MGIIb,81.88,MAG
BATS_SAMN08390925_METAG_EOIDLNJP,0,0,0,Marinisomatota,92.08,MAG
BATS_SAMN08390925_METAG_FDOANEMM,0,0,0,Marinisomatota,89.49,MAG
BATS_SAMN08390925_METAG_JBNEONHF,0,0,0,Marinisomatota,87.37,MAG
BATS_SAMN08390925_METAG_NPNHKMIP,0,0,0,Alpha-Other,75.58,MAG
TARA_SAMEA2623868_METAG_HDHNEMKE,0,0,0,Archaea-Poseidoniia MGIIa,81.82,MAG
BATS_SAMN08390925_METAG_PDJJPGJA,0,0,0,Gamma-Other,82.43,MAG
BATS_SAMN08390925_METAG_BJAOANMI,0,0,0,Bacteroidota,81.12,MAG
BGEO_SAMN07136494_METAG_BKHJKFDD,0,0,0,Alpha-Other,94.97,MAG
BGEO_SAMN07136838_METAG_CAFFFCBB,0,0,0,Cyano-Pro,78.59,MAG
TARA_SAMEA2620786_METAG_PHONGBPL,0,0,0,Archaea-Poseidoniia MGIIb,83.73,MAG
TARA_SAMEA2620786_METAG_DFJMLCAM,0,0,0,Archaea-Poseidoniia MGIIb,78.46,MAG
BGEO_SAMN07136876_METAG_PNFMIHEM,0,0,0,Cyano-Pro,75.96,MAG
BGEO_SAMN07136955_METAG_IOLJKEAC,0,0,0,Alpha-Rhodobacter,79.65,MAG
TARA_SAMEA2622402_METAG_BHJCLIHB,0,0,0,Archaea-Poseidoniia MGIIb,83.81,MAG
BGEO_SAMN07136791_METAG_MPFOPKFO,0,0,0,Cyano-Pro,81.81,MAG
BGEO_SAMN07136882_METAG_INDACKDP,0,0,0,Cyano-Pro,76.55,MAG
HOTS_SAMN07137008_METAG_KAFCEOGF,0,0,0,Alpha-Other,76.98,MAG
BGEO_SAMN07136707_METAG_JMIAAANL,0,0,0,Alpha-Other,90.19,MAG
BGEO_SAMN07136707_METAG_BDGJKNGO,0,0,0,SAR324,89.46,MAG
BGEO_SAMN07136707_METAG_ODHOEHNG,0,0,0,Gamma-Other,82.56,MAG
BGEO_SAMN07136707_METAG_GABPOPKG,0,0,0,Actinobacteriota,80.93,MAG
BGEO_SAMN07136763_METAG_MKNAMGBP,0,0,0,Gamma-Other,81.04,MAG
TARA_SAMEA2622219_METAG_GGKABGCK,0,0,0,Archaea-Poseidoniia MGIIb,86.29,MAG
BGEO_SAMN07136678_METAG_AJMEEOBJ,0,0,0,Gamma-Other,92.76,MAG
BGEO_SAMN07136678_METAG_LJLEJDCN,0,0,0,Bacteroidota,76.12,MAG
BGEO_SAMN07136678_METAG_OLKDKPNE,0,0,0,Gamma-Other,76.81,MAG
TARA_SAMEA2622219_METAG_MIBOIKLJ,0,0,0,Archaea-Poseidoniia MGIIb,85.6,MAG
BGEO_SAMN07136554_METAG_DJONFNOL,0,0,0,Actinobacteriota,83.96,MAG
BATS_SAMN07137094_METAG_OKFBDJMM,0,0,0,Alpha-Pelagibacter,84.09,MAG
BATS_SAMN07137064_METAG_BDCGNAHA,0,0,0,Bacteroidota,78.91,MAG
BATS_SAMN07137064_METAG_DMDDONGP,0,0,0,Gamma-SAR86,77.98,MAG
TARA_SAMEA2622901_METAG_OOAFKOGI,0,0,0,Archaea-Poseidoniia MGIIa,85.4,MAG
BGEO_SAMN07136790_METAG_PELNBPME,0,0,0,Cyano-Pro,84.12,MAG
TARA_SAMEA2622901_METAG_BHBDPLPJ,0,0,0,Archaea-Poseidoniia MGIIb,85.22,MAG
BGEO_SAMN07136517_METAG_HJDFKLOJ,1,1,1,Planctomycetota,87.22,MAG
TARA_SAMEA2622901_METAG_KHCDJNKM,0,0,0,Archaea-Poseidoniia MGIIb,81.46,MAG
BGEO_SAMN07136517_METAG_PPGDMJGO,0,0,0,Actinobacteriota,75.13,MAG
TARA_SAMEA2621272_METAG_MKLEGMLG,0,0,0,Archaea-Poseidoniia MGIIb,83.46,MAG
TARA_SAMEA2620542_METAG_LGBLHCBC,0,0,0,Archaea-Poseidoniia MGIIa,80.64,MAG
BATS_SAMN07137087_METAG_MJFPPJJK,0,0,0,Marinisomatota,79.8,MAG
TARA_SAMEA2620542_METAG_FNLEFLPJ,0,0,0,Archaea-Poseidoniia MGIIa,80.38,MAG
TARA_SAMEA2619399_METAG_MDEDMKFI,0,0,0,Archaea-Poseidoniia MGIIa,82,MAG
TARA_SAMEA2619399_METAG_KNPMIPJC,0,0,0,Archaea-Poseidoniia MGIIb,79.68,MAG
TARA_SAMEA2620855_METAG_LLEIGAFK,0,0,0,Archaea-Poseidoniia MGIIb,84.04,MAG
TARA_SAMEA2621066_METAG_GKDCKBON,0,0,0,Archaea-Poseidoniia MGIIa,83.48,MAG
BATS_SAMN07137118_METAG_LJJDBMJI,0,0,0,Alpha-Pelagibacter,75.08,MAG
BATS_SAMN07137118_METAG_CBMPIBIJ,0,0,0,Alpha-Other,79.63,MAG
BGEO_SAMN07136635_METAG_MKEMHGCK,0,0,0,Alpha-Other,100,MAG
BGEO_SAMN07136635_METAG_PPOPELEG,0,0,0,Bacteroidota,87.57,MAG
BGEO_SAMN07136635_METAG_MJOJMAJN,0,0,0,Bacteroidota,78.47,MAG
BGEO_SAMN07136635_METAG_AFFACDGA,0,0,0,Alpha-Other,80.35,MAG
BGEO_SAMN07136635_METAG_NIFFLFCE,0,0,0,Bacteroidota,78.31,MAG
BGEO_SAMN07136635_METAG_IFKCFOMN,0,0,0,Actinobacteriota,75.71,MAG
BGEO_SAMN07136591_METAG_KCAAPHKF,0,0,0,Marinisomatota,75.74,MAG
TARA_SAMEA2620890_METAG_GNFGDIGF,0,0,0,Archaea-Poseidoniia MGIIb,83.72,MAG
TARA_SAMEA2620890_METAG_EJNPIKPI,0,0,0,Archaea-Poseidoniia MGIIb,85.18,MAG
BGEO_SAMN07136579_METAG_LACGLJFO,0,0,0,Gamma-Other,78.68,MAG
TARA_SAMEA2622690_METAG_MOHANJPD,0,0,0,Archaea-Poseidoniia MGIIb,76.13,MAG
TARA_SAMEA2621990_METAG_PDKHNIGP,0,0,0,Archaea-Poseidoniia MGIIa,78.72,MAG
TARA_SAMEA2621037_METAG_FAMFGEPB,0,0,0,Archaea-Poseidoniia MGIIb,75.34,MAG
HOTS_SAMN07137005_METAG_CLGDBKKF,0,0,0,Alpha-Other,82.8,MAG
HOTS_SAMN07137005_METAG_KGLDDNJF,0,0,0,Gamma-Other,82.36,MAG
TARA_SAMEA2620651_METAG_COKOHHHN,0,0,0,Archaea-Poseidoniia MGIIb,78.1,MAG
TARA_SAMEA2622545_METAG_LOAAODAF,0,0,0,Archaea-Poseidoniia MGIIb,85.6,MAG
BGEO_SAMN07136512_METAG_CNGLEEEK,0,0,0,Alpha-Other,83.92,MAG
BGEO_SAMN07136526_METAG_GGECEPEP,0,0,0,Actinobacteriota,78.3,MAG
HOTS_SAMN07137001_METAG_LLNFAMJK,0,0,0,Gamma-Other,83.05,MAG
TARA_SAMEA2591074_METAG_PFPILFMF,0,0,0,Archaea-Poseidoniia MGIIb,85.43,MAG
TARA_SAMEA2591074_METAG_LHKOEBOD,0,0,0,Archaea-Poseidoniia MGIIa,75.3,MAG
TARA_SAMEA2619840_METAG_HBDOHMIA,0,0,0,Archaea-Poseidoniia MGIIb,79.59,MAG
BGEO_SAMN07136715_METAG_KOEDIAMF,1,1,1,Gamma-Alteromonas,94.88,MAG
BGEO_SAMN07136715_METAG_AMLDCDLA,0,0,0,Alpha-Other,78.82,MAG
TARA_SAMEA2619840_METAG_MAEBDMND,0,0,0,Archaea-Other,75.41,MAG
BGEO_SAMN07136956_METAG_ABIOHOME,0,0,0,Bacteroidota,88.9,MAG
BGEO_SAMN07136956_METAG_HPOOJGON,0,0,0,Actinobacteriota,78.63,MAG
BATS_SAMN07137121_METAG_GALHLPDG,0,0,0,Chloroflexota,83.3,MAG
BATS_SAMN07137121_METAG_KIEFEJAA,0,0,0,Gamma-Other,77.84,MAG
BATS_SAMN07137121_METAG_LJEIIKKE,0,0,0,Actinobacteriota,76,MAG
TARA_SAMEA4397516_METAG_EOPDNKOK,0,0,0,Archaea-Poseidoniia MGIIb,84.53,MAG
BGEO_SAMN07136937_METAG_MFCCDBFO,0,0,0,Alpha-Rhodobacter,89.52,MAG
BGEO_SAMN07136937_METAG_ALPGGBFO,0,0,0,Alpha-Rhodobacter,89.94,MAG
BGEO_SAMN07136937_METAG_CFNAJDGN,0,0,0,Alpha-Other,77.48,MAG
BGEO_SAMN07136937_METAG_ADHNFDHJ,0,0,0,Marinisomatota,82.7,MAG
BGEO_SAMN07136937_METAG_MIGOLGJM,0,0,0,Bacteroidota,78.68,MAG
BGEO_SAMN07136937_METAG_DPIIPOLF,0,0,0,Actinobacteriota,82.15,MAG
BGEO_SAMN07136937_METAG_PJPIOCKL,0,0,0,Bacteroidota,75.94,MAG
TARA_SAMEA4397611_METAG_IDOEFLCB,0,0,0,Archaea-Poseidoniia MGIIb,81.46,MAG
TARA_SAMEA4397611_METAG_NGGHIPGC,0,0,0,Archaea-Poseidoniia MGIIb,78.72,MAG
BGEO_SAMN07136750_METAG_ACDDKENA,0,0,0,Cyano-Pro,82.54,MAG
BATS_SAMN07137074_METAG_EHPJFMIB,0,0,0,Bacteroidota,77,MAG
BATS_SAMN07137074_METAG_NKPOJNIF,0,0,0,Actinobacteriota,78.24,MAG
TARA_SAMEA4397983_METAG_JMMONODJ,0,0,0,Archaea-Poseidoniia MGIIb,82.07,MAG
TARA_SAMEA4397983_METAG_HEAGCPMA,0,0,0,Archaea-Poseidoniia MGIIb,76.44,MAG
BGEO_SAMN07136492_METAG_HAKJFBNG,0,0,0,Alpha-Rhodobacter-LowGC,86.04,MAG
BGEO_SAMN07136492_METAG_NGGNHLOC,0,0,0,Bacteroidota,80.89,MAG
BGEO_SAMN07136492_METAG_CLOPILHJ,0,0,0,Alpha-Other,85.91,MAG
BGEO_SAMN07136492_METAG_HFHHPMOF,0,0,0,Bacteroidota,83.52,MAG
BGEO_SAMN07136492_METAG_AFGJNMAI,0,0,0,Bacteroidota,76.53,MAG
BGEO_SAMN07136492_METAG_AOONLJII,0,0,0,Bacteroidota,79.61,MAG
TARA_SAMEA4398150_METAG_MBMKPMAM,0,0,0,Archaea-Other,88.41,MAG
BGEO_SAMN07136854_METAG_CFMPIILK,0,0,0,Actinobacteriota,75.22,MAG
BGEO_SAMN07136909_METAG_CJGHLIGC,0,0,0,Alpha-Rhodobacter-LowGC,79,MAG
TARA_SAMEA4398150_METAG_NMKLIDPM,0,0,0,Archaea-Poseidoniia MGIIb,82.62,MAG
BGEO_SAMN07136961_METAG_MLNDOKHE,0,0,0,Bacteroidota,91.25,MAG
BGEO_SAMN07136961_METAG_FJNIAPGD,0,0,0,Bacteroidota,93.64,MAG
BGEO_SAMN07136961_METAG_IAEADPKL,0,0,0,Alpha-Rhodobacter,87.6,MAG
BGEO_SAMN07136961_METAG_MLJHHFOJ,0,0,0,Alpha-Rhodobacter,86.24,MAG
BGEO_SAMN07136961_METAG_PFHFJIDH,0,0,0,Bacteroidota,77.27,MAG
BGEO_SAMN07136961_METAG_FGBGMGAJ,0,0,0,Bacteroidota,77.41,MAG
BGEO_SAMN07136961_METAG_HCNIHDJF,0,0,0,Gamma-SAR92,76.01,MAG
BGEO_SAMN07136961_METAG_LNCLNHOL,0,0,0,Bacteroidota,82.92,MAG
BGEO_SAMN07136961_METAG_ECBPNOCI,0,0,0,Marinisomatota,77.08,MAG
TARA_SAMEA4396424_METAG_ABDPFHAP,0,0,0,Archaea-Poseidoniia MGIIa,75.95,MAG
TARA_SAMEA4398219_METAG_KKBOIPPL,0,0,0,Archaea-Other,87.8,MAG
TARA_SAMEA4397390_METAG_CKKLGEDN,0,0,0,Archaea-Poseidoniia MGIIb,83.81,MAG
HOTS_SAMN07137038_METAG_EMLMNOPH,0,0,0,Alpha-Other,77.18,MAG
BGEO_SAMN07136959_METAG_DNDKHOJM,0,0,0,Bacteroidota,92.27,MAG
BGEO_SAMN07136959_METAG_IJKKPFBD,0,0,0,Alpha-Other,91.58,MAG
BGEO_SAMN07136959_METAG_OPFLEAFG,0,0,0,Alpha-Rhodobacter-LowGC,81.1,MAG
BGEO_SAMN07136959_METAG_NBAHIHOM,0,0,0,Actinobacteriota,79.22,MAG
BGEO_SAMN07136959_METAG_PPIOEPFH,0,0,0,Gamma-Other,77.2,MAG
TARA_SAMEA4398009_METAG_MJMNADML,0,0,0,Archaea-Poseidoniia MGIIb,84.7,MAG
TARA_SAMEA4397072_METAG_EEEEMKFG,0,0,0,Archaea-Poseidoniia MGIIb,79.16,MAG
TARA_SAMEA4398176_METAG_DONGGNED,0,0,0,Archaea-Poseidoniia MGIIa,84.02,MAG
HOTS_SAMN07137049_METAG_MMIKDDPH,0,0,0,Chloroflexota,83.68,MAG
TARA_SAMEA4397355_METAG_MOIFIAGJ,0,0,0,Archaea-Other,85,MAG
BGEO_SAMN07136761_METAG_IMAEFFGC,0,0,0,Alpha-Other,78.14,MAG
BGEO_SAMN07136761_METAG_IPOMJFEG,0,0,0,Gamma-SAR86,78.02,MAG
TARA_SAMEA4397355_METAG_NJGEOFHB,0,0,0,Archaea-Poseidoniia MGIIb,86.02,MAG
BGEO_SAMN07136920_METAG_MGPENMLJ,0,0,0,Bacteroidota,84.63,MAG
BGEO_SAMN07136920_METAG_HHHPEEEF,0,0,0,Bacteroidota,76.35,MAG
BGEO_SAMN07136920_METAG_DFNGDMKN,0,0,0,Actinobacteriota,83,MAG
BGEO_SAMN07136920_METAG_JHHHDOEI,0,0,0,Alpha-Other,79.88,MAG
TARA_SAMEA4397730_METAG_HJLHKCMP,0,0,0,Archaea-Poseidoniia MGIIb,84.61,MAG
TARA_SAMEA4397730_METAG_MFIANFGD,0,0,0,Archaea-Other,77.14,MAG
TARA_SAMEA4397730_METAG_COOANKII,0,0,0,Archaea-Poseidoniia MGIIb,84.16,MAG
BGEO_SAMN07136679_METAG_JAMCLPFI,0,0,0,Gamma-Other,91.59,MAG
BGEO_SAMN07136679_METAG_HBLGIPON,0,0,0,SAR324,89.94,MAG
BGEO_SAMN07136679_METAG_FCJFEFNA,0,0,0,Bacteroidota,82.13,MAG
BGEO_SAMN07136679_METAG_AECKPPGA,0,0,0,Gamma-Other,86.42,MAG
BGEO_SAMN07136679_METAG_AGJMKJJM,0,0,0,Bacteroidota,78.97,MAG
BGEO_SAMN07136801_METAG_LPJCCCMJ,0,0,0,Actinobacteriota,75.15,MAG
TARA_SAMEA4398413_METAG_BAAIACAP,0,0,0,Archaea-Other,85.5,MAG
BGEO_SAMN07136634_METAG_OHOBLBMK,0,0,0,Alpha-Other,95.56,MAG
BGEO_SAMN07136634_METAG_FCHMOINK,0,0,0,Alpha-Other,83.85,MAG
BGEO_SAMN07136634_METAG_GCLCOPBH,0,0,0,Bacteroidota,79.04,MAG
BGEO_SAMN07136634_METAG_HEGNOHNH,0,0,0,Gamma-SAR86,75.9,MAG
BGEO_SAMN07136897_METAG_DINILHNO,0,0,0,Cyano-Pro,82.58,MAG
BATS_SAMN07137112_METAG_BOBCDACC,0,0,0,Bacteroidota,78.14,MAG
BGEO_SAMN07136916_METAG_NGKPEOEL,0,0,0,Bacteroidota,79.04,MAG
BGEO_SAMN07136916_METAG_OAICKNAA,0,0,0,Bacteroidota,80.26,MAG
BGEO_SAMN07136916_METAG_KOEIDPBP,0,0,0,Actinobacteriota,77.91,MAG
BGEO_SAMN07136957_METAG_PDLAKDGF,0,0,0,Bacteroidota,94.61,MAG
BGEO_SAMN07136957_METAG_CCAMNCIO,0,0,0,Alpha-Rhodobacter,84.94,MAG
BGEO_SAMN07136957_METAG_NGKMKODO,0,0,0,Alpha-Other,90.82,MAG
BGEO_SAMN07136957_METAG_AAJDHKGO,0,0,0,Bacteroidota,83.06,MAG
BGEO_SAMN07136957_METAG_GNGAOKJP,0,0,0,Bacteroidota,85.44,MAG
BGEO_SAMN07136957_METAG_GADGCPGB,0,0,0,Bacteroidota,82.76,MAG
BGEO_SAMN07136957_METAG_KHKGDIKC,0,0,0,Actinobacteriota,84.86,MAG
BGEO_SAMN07136718_METAG_FMLMDJCG,1,1,1,Gamma-Alteromonas,85.72,MAG
TARA_SAMEA4396468_METAG_NNIKMLFP,0,0,0,Archaea-Poseidoniia MGIIb,83.24,MAG
HOTS_SAMN07137002_METAG_GGMEDOOL,0,0,0,Actinobacteriota,87.54,MAG
TARA_SAMEA4396468_METAG_PADKGEKA,0,0,0,Archaea-Poseidoniia MGIIb,82.5,MAG
HOTS_SAMN07137002_METAG_DPLIJLBL,0,0,0,Gamma-Other,76.45,MAG
TARA_SAMEA4396538_METAG_CBNNGALG,0,0,0,Archaea-Poseidoniia MGIIb,76.52,MAG
BGEO_SAMN07136507_METAG_NAJFPCKG,0,0,0,Verrucomicrobiota,97.93,MAG
BGEO_SAMN07136507_METAG_JCDJIDOL,0,0,0,Bacteroidota,92.84,MAG
BGEO_SAMN07136507_METAG_PBEIOKFB,0,0,0,Bacteroidota,82.68,MAG
BATS_SAMN07137120_METAG_JAMJNDDO,0,0,0,Actinobacteriota,87.62,MAG
TARA_SAMEA4398341_METAG_EPLFIIKC,0,0,0,Archaea-Poseidoniia MGIIb,78.49,MAG
TARA_SAMEA4398341_METAG_NKEIBECK,0,0,0,Archaea-Poseidoniia MGIIa,78.32,MAG
BGEO_SAMN07136708_METAG_DMKFOBIP,0,0,0,Gamma-Other,92.29,MAG
TARA_SAMEA4398341_METAG_CMCNIDFK,0,0,0,Archaea-Poseidoniia MGIIb,76.89,MAG
BGEO_SAMN07136922_METAG_FFIJCCEC,0,0,0,Actinobacteriota,83.29,MAG
TARA_SAMEA4398341_METAG_IGGKCHNE,0,0,0,Archaea-Poseidoniia MGIIb,78.6,MAG
BGEO_SAMN07136936_METAG_GFNHJOBI,0,0,0,Alpha-Rhodobacter,88.14,MAG
BGEO_SAMN07136936_METAG_OLLABFHH,0,0,0,Alpha-Other,88.71,MAG
BGEO_SAMN07136936_METAG_EKEFJNFD,0,0,0,Cyano-Syn,83.32,MAG
BGEO_SAMN07136936_METAG_IIBBCLEO,0,0,0,Actinobacteriota,76.28,MAG
BGEO_SAMN07136947_METAG_BLOBBCKD,0,0,0,Archaea-Poseidoniia MGIIb,79.52,MAG
HOTS_SAMN07137050_METAG_FPJPNJNP,0,0,0,Actinobacteriota,85.14,MAG
HOTS_SAMN07137050_METAG_CAEOCHON,0,0,0,Actinobacteriota,81.29,MAG
BGEO_SAMN07136945_METAG_ECOLAIGH,0,0,0,Actinobacteriota,79.28,MAG
BATS_SAMN07137075_METAG_LAJLEDEO,0,0,0,Archaea-Poseidoniia MGIIb,76.82,MAG
BGEO_SAMN07136771_METAG_GDLFJMDC,0,0,0,Verrucomicrobiota,88.98,MAG
BATS_SAMN07137067_METAG_PDCABCCM,0,0,0,Alpha-Pelagibacter,76.26,MAG
BGEO_SAMN07136706_METAG_KAHHFHJB,0,0,0,Actinobacteriota,75.22,MAG
BGEO_SAMN07136777_METAG_EEEDAJLN,0,0,0,Alpha-Other,75.83,MAG
BGEO_SAMN07136693_METAG_NGOCLJOE,0,0,0,Cyano-Pro,75.94,MAG
BATS_SAMN07137104_METAG_ELCLCELN,0,0,0,Marinisomatota,80.4,MAG
BATS_SAMN07137104_METAG_GICGIOHH,0,0,0,Actinobacteriota,76.84,MAG
BGEO_SAMN07136494_METAG_PHCODDJM,0,0,0,Archaea-Poseidoniia MGIIb,84.74,MAG
BGEO_SAMN07136494_METAG_MLNFGMAP,0,0,0,Archaea-Poseidoniia MGIIb,84.72,MAG
BGEO_SAMN07136955_METAG_OICDIGCH,0,0,0,Archaea-Poseidoniia MGIIb,80.93,MAG
BGEO_SAMN07136763_METAG_LFBKLGHB,0,0,0,Archaea-Poseidoniia MGIIb,85.41,MAG
BGEO_SAMN07136678_METAG_MDEJHEOL,0,0,0,Archaea-Poseidoniia MGIIb,87.36,MAG
BGEO_SAMN07136818_METAG_LPMECLBA,0,0,0,Cyano-Pro,84.67,MAG
HOTS_SAMN07137004_METAG_OPPMCFIJ,0,0,0,Gamma-Other,87.18,MAG
HOTS_SAMN07137004_METAG_BOOEHFPC,0,0,0,Alpha-Rhodobacter,80.12,MAG
BGEO_SAMN07136944_METAG_BLLLHNAP,0,0,0,Actinobacteriota,82.08,MAG
BGEO_SAMN07136635_METAG_JDGKMBIC,0,0,0,Archaea-Poseidoniia MGIIb,82.28,MAG
BGEO_SAMN07136509_METAG_DMLBHAMI,0,0,0,Archaea-Poseidoniia MGIIb,81.33,MAG
BGEO_SAMN07136956_METAG_IPIAGCMC,0,0,0,Archaea-Poseidoniia MGIIb,82.4,MAG
BATS_SAMN07137090_METAG_OEMAMEFP,0,0,0,Actinobacteriota,75.9,MAG
BATS_SAMN07137121_METAG_NGCFNBHO,0,0,0,Archaea-Poseidoniia MGIIb,81.95,MAG
BATS_SAMN07137074_METAG_HDEINNNP,0,0,0,Archaea-Poseidoniia MGIIb,82.26,MAG
BGEO_SAMN07136686_METAG_EFNDIPCC,0,0,0,Actinobacteriota,78.7,MAG
HOTS_SAMN08390922_METAG_KJAFMFNP,0,0,0,Bacteroidota,76.44,MAG
BGEO_SAMN07136785_METAG_JCEGBONH,0,0,0,Dadabacteria,85.11,MAG
BGEO_SAMN07136785_METAG_IKCIIJNM,0,0,0,Actinobacteriota,75.5,MAG
BGEO_SAMN07136492_METAG_AHHHHOOF,0,0,0,Archaea-Poseidoniia MGIIb,84.88,MAG
BGEO_SAMN07136949_METAG_CDEOFCDH,0,0,0,Archaea-Poseidoniia MGIIb,82.13,MAG
BATS_SAMN08390924_METAG_CNHABEGL,0,0,0,Gamma-Other,82.89,MAG
BATS_SAMN08390924_METAG_JMMHNNAF,0,0,0,Gamma-SAR86,76.12,MAG
BGEO_SAMN07136484_METAG_LCIOLPPA,0,0,0,Bacteroidota,88.78,MAG
BGEO_SAMN07136484_METAG_DNEMNACO,0,0,0,Alpha-Rhodobacter-LowGC,88.28,MAG
BGEO_SAMN07136484_METAG_PJJOICPB,0,0,0,Alpha-Rhodobacter,84.63,MAG
BGEO_SAMN07136701_METAG_CIDLMKCD,0,0,0,Archaea-Poseidoniia MGIIb,79.18,MAG
HOTS_SAMN07137038_METAG_HCPJGLND,0,0,0,Archaea-Poseidoniia MGIIb,79.37,MAG
BATS_SAMN07137096_METAG_GCLCDGIG,0,0,0,Gamma-Other,81.81,MAG
BGEO_SAMN07136630_METAG_OMPNBAOI,0,0,0,Alpha-Other,83.86,MAG
BGEO_SAMN07136516_METAG_PJPKLPPG,0,0,0,Chloroflexota,89.85,MAG
BGEO_SAMN07136959_METAG_ICJDJPGB,0,0,0,Archaea-Poseidoniia MGIIb,79.62,MAG
BGEO_SAMN07136516_METAG_MCMFLDKK,0,0,0,Actinobacteriota,81.58,MAG
BATS_SAMN07137117_METAG_ABECOBJA,0,0,0,Marinisomatota,91.74,MAG
BGEO_SAMN07136920_METAG_NIHJOHJM,0,0,0,Archaea-Other,85.81,MAG
BGEO_SAMN07136679_METAG_BINGAJBG,0,0,0,Archaea-Poseidoniia MGIIb,84.7,MAG
BGEO_SAMN07136497_METAG_EOMHGFFA,0,0,0,Archaea-Poseidoniia MGIIb,84.48,MAG
HOTS_SAMN07137003_METAG_DONJFEFM,0,0,0,Chloroflexota,93.18,MAG
BGEO_SAMN07136487_METAG_KHBKCNPM,0,0,0,Archaea-Other,92.1,MAG
BGEO_SAMN07136950_METAG_PIEAAJPH,0,0,0,Bacteroidota,76.4,MAG
BGEO_SAMN07136487_METAG_BMJOJFFK,0,0,0,Archaea-Poseidoniia MGIIb,84.34,MAG
BGEO_SAMN07136759_METAG_PLLLLMBL,0,0,0,Cyano-Pro,75.62,MAG
BGEO_SAMN07136957_METAG_MCIBDPKB,0,0,0,Archaea-Poseidoniia MGIIb,82.4,MAG
BGEO_SAMN07136952_METAG_MJGEKNON,0,0,0,Archaea-Poseidoniia MGIIa,87.17,MAG
BGEO_SAMN07136946_METAG_HODDADCC,0,0,0,Bacteroidota,76.47,MAG
BGEO_SAMN07136946_METAG_NHKCNKDC,0,0,0,Actinobacteriota,75.62,MAG
BGEO_SAMN07136952_METAG_ONDAAJFB,0,0,0,Archaea-Poseidoniia MGIIa,81.92,MAG
HOTS_SAMN07137023_METAG_MBPKEBHE,0,0,0,Alpha-Other,77.85,MAG
BGEO_SAMN07136819_METAG_MKBCGMFB,0,0,0,Cyano-Pro,77.41,MAG
BGEO_SAMN07136590_METAG_CPBDMDIH,0,0,0,Actinobacteriota,91.7,MAG
BGEO_SAMN07136945_METAG_IOLDFJDM,0,0,0,Archaea-Poseidoniia MGIIb,78.88,MAG
BGEO_SAMN07136953_METAG_BPDGEBEO,0,0,0,Archaea-Poseidoniia MGIIa,85.56,MAG
BATS_SAMN07137071_METAG_BHOICPJG,0,0,0,Archaea-Poseidoniia MGIIb,81.87,MAG
BGEO_SAMN07136484_METAG_CGMEBLGP,0,0,0,Archaea-Poseidoniia MGIIb,80.93,MAG
BGEO_SAMN07136572_METAG_HKNKFBHC,0,0,0,Chloroflexota,91.96,MAG
BGEO_SAMN07136572_METAG_EHDKLMEI,0,0,0,Chloroflexota,87.03,MAG
BGEO_SAMN07136601_METAG_FIHDONLE,0,0,0,Archaea-Poseidoniia MGIIb,83.92,MAG
BATS_SAMN07137096_METAG_ELCMKIIM,0,0,0,Archaea-Poseidoniia MGIIb,77.26,MAG
BGEO_SAMN07136950_METAG_MELJMGIJ,0,0,0,Archaea-Poseidoniia MGIIb,81.38,MAG
BGEO_SAMN07136485_METAG_LHEAOIFF,0,0,0,Bacteroidota,75.29,MAG
BGEO_SAMN07136583_METAG_KDMAPKLI,0,0,0,Alpha-Other,81.12,MAG
BGEO_SAMN07136583_METAG_BFJHGDCH,0,0,0,Bacteroidota,80.72,MAG
BGEO_SAMN07136950_METAG_FNAHPCLO,0,0,0,Archaea-Poseidoniia MGIIa,78.06,MAG
BGEO_SAMN07136644_METAG_GFNHGENK,0,0,0,Alpha-Pelagibacter,80.41,MAG
BGEO_SAMN07136581_METAG_FOFJEIIN,0,0,0,Gamma-Other,95.86,MAG
BGEO_SAMN07136946_METAG_GAFAFJOK,0,0,0,Archaea-Poseidoniia MGIIb,82.6,MAG
BATS_SAMN07137109_METAG_NJKCJKMO,0,0,0,Alpha-Pelagibacter,77.22,MAG
BGEO_SAMN07136645_METAG_OGCBMEIL,0,0,0,Alpha-Pelagibacter,76.62,MAG
BGEO_SAMN07136789_METAG_EHINEDPK,0,0,0,Cyano-Pro,88.7,MAG
BGEO_SAMN07136960_METAG_LBBOBMBE,0,0,0,Bacteroidota,93.31,MAG
BGEO_SAMN07136960_METAG_CGHGOFCP,0,0,0,Alpha-Rhodobacter,81.65,MAG
BGEO_SAMN07136960_METAG_PHPICKEF,0,0,0,Bacteroidota,86.9,MAG
BGEO_SAMN07136960_METAG_IGIFKBFM,0,0,0,Alpha-Other,85.35,MAG
BGEO_SAMN07136485_METAG_GKIEIKFB,0,0,0,Archaea-Poseidoniia MGIIb,83.73,MAG
BGEO_SAMN07136948_METAG_KKHJMHEB,0,0,0,Archaea-Poseidoniia MGIIb,80.18,MAG
BGEO_SAMN07136648_METAG_FADCONAK,0,0,0,Alpha-Rhodobacter,85.84,MAG
BGEO_SAMN07136648_METAG_OEGLCBEA,0,0,0,Alpha-Other,77.81,MAG
BGEO_SAMN07136960_METAG_KLKLOBJG,0,0,0,Archaea-Poseidoniia MGIIb,79.82,MAG
HOTS_SAMN07137033_METAG_FAEOIJDL,0,0,0,Chloroflexota,93.22,MAG
BGEO_SAMN07136724_METAG_AGINICHE,0,0,0,Actinobacteriota,77.64,MAG
BGEO_SAMN07136496_METAG_FNIIHAMH,0,0,0,Archaea-Poseidoniia MGIIb,78.14,MAG
BATS_SAMN07137122_METAG_POMIHLNN,0,0,0,Archaea-Poseidoniia MGIIb,75.14,MAG
BGEO_SAMN07136958_METAG_KCECFKAD,0,0,0,Archaea-Poseidoniia MGIIb,82.44,MAG
BGEO_SAMN07136764_METAG_PIKEFCKE,0,0,0,Archaea-Poseidoniia MGIIb,79.65,MAG
BGEO_SAMN07136496_METAG_AOHMHFOD,0,0,0,Alpha-Rhodobacter,88.43,MAG
BGEO_SAMN07136496_METAG_CNMHNMCO,0,0,0,Gamma-SAR86,75.3,MAG
BGEO_SAMN07136496_METAG_ONMGIHGA,0,0,0,Alpha-Other,75.36,MAG
BGEO_SAMN07136622_METAG_AOIIDFIP,0,0,0,Alpha-Puniceispirilla,89.84,MAG
BGEO_SAMN07136921_METAG_CHOPGOHK,0,0,0,Bacteroidota,89.78,MAG
BGEO_SAMN07136921_METAG_MOCFNIBC,0,0,0,Actinobacteriota,83.29,MAG
BGEO_SAMN07136691_METAG_JKICOAKF,0,0,0,Archaea-Poseidoniia MGIIb,86.04,MAG
BATS_SAMN07137122_METAG_KCFJMBNL,0,0,0,Chloroflexota,82.86,MAG
BATS_SAMN07137122_METAG_KAOMBHAN,0,0,0,Bacteroidota,80.88,MAG
BATS_SAMN07137122_METAG_NKCHPOFA,0,0,0,Gamma-Other,78.78,MAG
BGEO_SAMN07136495_METAG_PHNNELEB,0,0,0,Archaea-Poseidoniia MGIIb,86.34,MAG
BGEO_SAMN07136504_METAG_IGPBDNOC,0,0,0,Archaea-Poseidoniia MGIIb,76.6,MAG
BGEO_SAMN07136958_METAG_POGHLIOL,0,0,0,Bacteroidota,90.9,MAG
BGEO_SAMN07136958_METAG_EIHLJDEC,0,0,0,Alpha-Rhodobacter,87.32,MAG
BGEO_SAMN07136958_METAG_ONFKAAMD,0,0,0,Alpha-Rhodobacter-LowGC,85.67,MAG
BGEO_SAMN07136958_METAG_GOFGGMEE,0,0,0,Bacteroidota,88.65,MAG
BGEO_SAMN07136958_METAG_COCJPMGK,0,0,0,Alpha-Other,82.91,MAG
BGEO_SAMN07136958_METAG_IFDACANO,0,0,0,Actinobacteriota,81.06,MAG
BGEO_SAMN07136688_METAG_OJFBBEOC,0,0,0,Archaea-Poseidoniia MGIIb,77.2,MAG
BGEO_SAMN07136486_METAG_FDFLGMFI,0,0,0,Alpha-Other,78.44,MAG
BGEO_SAMN07136486_METAG_PGOLJKFJ,0,0,0,Gamma-SAR86,77.76,MAG
BGEO_SAMN07136508_METAG_IIGDKJKF,0,0,0,Archaea-Poseidoniia MGIIb,80.68,MAG
BGEO_SAMN07136919_METAG_DFCLLACK,0,0,0,Archaea-Other,85.1,MAG
BGEO_SAMN07136681_METAG_KCLMLEAJ,0,0,0,Archaea-Poseidoniia MGIIb,83.76,MAG
BGEO_SAMN07136600_METAG_GNCGLELK,0,0,0,Archaea-Other,75.84,MAG
BGEO_SAMN07136575_METAG_LLKPKBFO,0,0,0,Actinobacteriota,81.56,MAG
BGEO_SAMN07136489_METAG_JBPKBAMA,0,0,0,Archaea-Poseidoniia MGIIb,83.88,MAG
BGEO_SAMN07136674_METAG_HAMLKJIF,0,0,0,Gamma-Other,91.97,MAG
BGEO_SAMN07136682_METAG_PPBBMFML,0,0,0,Archaea-Poseidoniia MGIIb,83.74,MAG
BGEO_SAMN07136501_METAG_MJPLLFLH,0,0,0,Archaea-Poseidoniia MGIIb,77.96,MAG
BGEO_SAMN07136637_METAG_BCEFFIAH,0,0,0,Archaea-Poseidoniia MGIIb,75.04,MAG
BGEO_SAMN07136680_METAG_PGJCMBPP,0,0,0,Archaea-Poseidoniia MGIIa,76.72,MAG
BGEO_SAMN07136608_METAG_EBFPMNCO,0,0,0,Actinobacteriota,76.36,MAG
BGEO_SAMN07136495_METAG_HAOJEANB,0,0,0,Bacteroidota,94.98,MAG
BGEO_SAMN07136495_METAG_IMHMJFIJ,0,0,0,Alpha-Rhodobacter,87.62,MAG
BGEO_SAMN07136495_METAG_KACDKIOA,0,0,0,Gamma-SAR92,84.18,MAG
BGEO_SAMN07136493_METAG_PHMGHAPM,0,0,0,Archaea-Poseidoniia MGIIb,84.9,MAG
BGEO_SAMN07136493_METAG_PKMGCOPL,0,0,0,Archaea-Poseidoniia MGIIb,85.62,MAG
BGEO_SAMN07136491_METAG_MGHDMLPD,0,0,0,Archaea-Poseidoniia MGIIb,84.52,MAG
BGEO_SAMN07136629_METAG_PBBMFHKO,0,0,0,Alpha-Pelagibacter,80.43,MAG
BATS_SAMN07137115_METAG_LJPOJJIE,0,0,0,Bacteroidota,79.24,MAG
BGEO_SAMN07136569_METAG_BBBGCCOF,0,0,0,Alpha-Pelagibacter,80.19,MAG
BGEO_SAMN07136569_METAG_MNKLBOMP,0,0,0,Alpha-Other,75.5,MAG
BATS_SAMN07137073_METAG_JMILPFGP,0,0,0,Bacteroidota,77.43,MAG
BGEO_SAMN07136528_METAG_CBKCJBEG,0,0,0,Archaea-Poseidoniia MGIIb,84.06,MAG
BGEO_SAMN07136636_METAG_JMNIAJKO,0,0,0,Archaea-Poseidoniia MGIIb,85.46,MAG
BGEO_SAMN07136633_METAG_MEBLICNP,0,0,0,Archaea-Poseidoniia MGIIb,85.99,MAG
BGEO_SAMN07136649_METAG_HDNKCCHB,0,0,0,Cyano-Pro,87.94,MAG
BGEO_SAMN07136709_METAG_CNJCNMFE,0,0,0,Gamma-Other,94.74,MAG
BGEO_SAMN07136954_METAG_KHJBNKGC,0,0,0,Archaea-Poseidoniia MGIIb,84.2,MAG
BGEO_SAMN07136722_METAG_KMILCIDJ,0,0,0,Cyano-Pro,77,MAG
BATS_SAMN07137116_METAG_HKMJJCKM,0,0,0,Actinobacteriota,91.28,MAG
BATS_SAMN07137116_METAG_NBKFCJPH,0,0,0,Actinobacteriota,83.5,MAG
BATS_SAMN07137116_METAG_IJCFOOKB,0,0,0,Cyano-Pro,79.97,MAG
BATS_SAMN07137116_METAG_BNMCMBDJ,0,0,0,Alpha-Other,75.92,MAG
BATS_SAMN07137116_METAG_BIHBEDND,0,0,0,Actinobacteriota,76.28,MAG
BGEO_SAMN07136541_METAG_OEBANKEJ,0,0,0,Archaea-Poseidoniia MGIIb,84.54,MAG
BGEO_SAMN07136502_METAG_OJHKHPDO,0,0,0,Archaea-Poseidoniia MGIIb,75.08,MAG
BGEO_SAMN07136919_METAG_ECBGLIAJ,0,0,0,Actinobacteriota,76.48,MAG
BGEO_SAMN07136962_METAG_AILLPGMD,0,0,0,Actinobacteriota,84.01,MAG
TARA_SAMN05326650_METAG_MED00053,0,0,0,Archaea-Poseidoniia MGIIb,84.08,MAG
TARA_SAMN05326650_METAG_MED00060,0,0,0,Archaea-Poseidoniia MGIIa,81.78,MAG
BGEO_SAMN07136681_METAG_DEHOPPMA,0,0,0,Bacteroidota,96.15,MAG
BGEO_SAMN07136681_METAG_IEGHCJCC,0,0,0,Gamma-SAR92,87.36,MAG
BGEO_SAMN07136681_METAG_LOCPNJEH,0,0,0,Alpha-Rhodobacter-LowGC,89.93,MAG
BGEO_SAMN07136681_METAG_PGBICIFE,0,0,0,Verrucomicrobiota,87.56,MAG
BGEO_SAMN07136681_METAG_CCFDMHKL,0,0,0,Alpha-Rhodobacter,81.64,MAG
BGEO_SAMN07136489_METAG_DMKJANMI,0,0,0,Bacteroidota,88.06,MAG
BGEO_SAMN07136555_METAG_MFFEDPOA,0,0,0,Actinobacteriota,92.56,MAG
TARA_SAMN05326648_METAG_IOS00022,0,0,0,Archaea-Poseidoniia MGIIb,83.24,MAG
BGEO_SAMN07136877_METAG_AOBJIANC,0,0,0,Cyano-Pro,81.72,MAG
BGEO_SAMN07136877_METAG_FMAGPPPA,0,0,0,Cyano-Pro,76.31,MAG
TARA_SAMN05326651_METAG_RED00049,0,0,0,Archaea-Poseidoniia MGIIb,80.49,MAG
TARA_SAMN05326651_METAG_RED00055,0,0,0,Archaea-Poseidoniia MGIIa,81.16,MAG
BATS_SAMN07137093_METAG_CAPMPJHD,0,0,0,Actinobacteriota,76.85,MAG
TARA_SAMN05326651_METAG_RED00062,0,0,0,Archaea-Poseidoniia MGIIb,78.16,MAG
TARA_SAMN05326640_METAG_ANE00019,0,0,0,Archaea-Poseidoniia MGIIb,85.78,MAG
TARA_SAMN05326640_METAG_ANE00030,0,0,0,Archaea-Poseidoniia MGIIa,82.18,MAG
BGEO_SAMN07136682_METAG_PLKMPNLO,0,0,0,Bacteria-Other,77.83,MAG
BATS_SAMN07137088_METAG_LCMCGCNF,0,0,0,Alpha-Other,83.34,MAG
BATS_SAMN07137088_METAG_FCCPHKBE,0,0,0,Gamma-SAR86,79.92,MAG
BGEO_SAMN07136711_METAG_NHALNJBN,1,1,1,Gamma-Alteromonas,97.99,MAG
BGEO_SAMN07136711_METAG_EOPKMDLC,1,1,1,Gamma-Alteromonas,79.93,MAG
BGEO_SAMN07136711_METAG_HLHJIJHL,0,0,0,Gamma-Other,95.86,MAG
HOTS_SAMN07137020_METAG_LCMKKIAG,0,0,0,Chloroflexota,86.27,MAG
HOTS_SAMN07137020_METAG_GONAEGNE,0,0,0,Bacteroidota,78.09,MAG
HOTS_SAMN07137059_METAG_CPFGIHIJ,0,0,0,Verrucomicrobiota,90.65,MAG
HOTS_SAMN07137059_METAG_JGOGOOLO,0,0,0,Actinobacteriota,87.56,MAG
HOTS_SAMN07137059_METAG_ILNHJBBD,1,1,1,Verrucomicrobiota,80.37,MAG
GORG_SAMEA6079713_SAGS_AG426N16,0,0,0,Archaea-Poseidoniia MGIIb,76.62,SAG
BGEO_SAMN07136557_METAG_CNPOIGMI,0,0,0,Alpha-Rhodobacter,86.78,MAG
BGEO_SAMN07136557_METAG_MAHLLFBB,0,0,0,Actinobacteriota,79.26,MAG
BGEO_SAMN07136503_METAG_KKDACFJC,0,0,0,Bacteroidota,82.14,MAG
BATS_SAMN07137077_METAG_EGGHALDA,0,0,0,Chloroflexota,84.45,MAG
BGEO_SAMN07136637_METAG_HEKJDKOL,0,0,0,Marinisomatota,93.18,MAG
BGEO_SAMN07136637_METAG_DFMFBHGA,0,0,0,Actinobacteriota,84.5,MAG
BGEO_SAMN07136637_METAG_LAMKJKFB,0,0,0,Bacteroidota,78.64,MAG
BGEO_SAMN07136637_METAG_OKEIAKBA,0,0,0,Actinobacteriota,82.36,MAG
BGEO_SAMN07136637_METAG_DDPBIMAH,0,0,0,Gamma-Other,79.35,MAG
BGEO_SAMN07136625_METAG_PHJFNIAI,0,0,0,Actinobacteriota,77.92,MAG
BGEO_SAMN07136918_METAG_CDFMJJGE,0,0,0,Actinobacteriota,76.28,MAG
BGEO_SAMN07136680_METAG_ECCKOAAH,0,0,0,Gamma-Other,95.82,MAG
BGEO_SAMN07136680_METAG_BJMMEGHE,0,0,0,Alpha-Rhodobacter,75.92,MAG
BGEO_SAMN07136699_METAG_BFIOOAHL,0,0,0,Actinobacteriota,76.51,MAG
BATS_SAMN07137098_METAG_KDEGBFLM,0,0,0,Actinobacteriota,88.16,MAG
BATS_SAMN07137098_METAG_NJOKCKBL,0,0,0,Actinobacteriota,75.42,MAG
TARA_SAMEA2622695_METAG_PGDMJLJN,0,0,0,Archaea-Poseidoniia MGIIb,85.32,MAG
HOTS_SAMN07137009_METAG_CJBLFAJJ,0,0,0,Chloroflexota,92.37,MAG
TARA_SAMEA2622695_METAG_PPBLIICO,0,0,0,Archaea-Poseidoniia MGIIb,81.9,MAG
BGEO_SAMN07136939_METAG_BHHIGJBJ,0,0,0,Actinobacteriota,78.21,MAG
BGEO_SAMN07136490_METAG_MFAPHJGH,0,0,0,Bacteroidota,90.63,MAG
BATS_SAMN07137086_METAG_HGFNHELP,0,0,0,Alpha-Other,77.72,MAG
BATS_SAMN07137086_METAG_HAKOLABI,0,0,0,Gamma-Other,83.18,MAG
TARA_SAMEA2622695_METAG_DIMADKCI,0,0,0,Archaea-Poseidoniia MGIIb,75.83,MAG
TARA_SAMEA2622695_METAG_OGDNABBI,0,0,0,Archaea-Poseidoniia MGIIb,81.9,MAG
TARA_SAMEA2622658_METAG_DEEJNCCH,0,0,0,Archaea-Other,79.06,MAG
BGEO_SAMN07136493_METAG_AIDHIPJC,0,0,0,Alpha-Other,96.86,MAG
BGEO_SAMN07136493_METAG_POEHAFDM,0,0,0,Alpha-Other,81.21,MAG
BGEO_SAMN07136493_METAG_EGGCIPPG,0,0,0,Gamma-Other,77.25,MAG
BGEO_SAMN07136491_METAG_ACDOBMKM,0,0,0,Alpha-Other,80.4,MAG
BGEO_SAMN07136491_METAG_PKPIKKJD,0,0,0,Bacteroidota,78,MAG
TARA_SAMEA2622658_METAG_AFPMEGBB,0,0,0,Archaea-Poseidoniia MGIIb,81.92,MAG
BGEO_SAMN07136914_METAG_PMDBELBJ,0,0,0,Bacteroidota,93.08,MAG
TARA_SAMEA2622764_METAG_POGEFOAK,0,0,0,Archaea-Other,82.74,MAG
BATS_SAMN07137065_METAG_FEGJLPHI,0,0,0,Actinobacteriota,78.57,MAG
TARA_SAMEA2622764_METAG_HAHIFDJC,0,0,0,Archaea-Poseidoniia MGIIa,83.26,MAG
TARA_SAMEA2622764_METAG_LMFPLMNE,0,0,0,Archaea-Poseidoniia MGIIb,81.9,MAG
TARA_SAMEA2622737_METAG_HLIGDBIE,0,0,0,Archaea-Poseidoniia MGIIb,85,MAG
TARA_SAMEA2622737_METAG_EPGMNNFF,0,0,0,Archaea-Poseidoniia MGIIb,79.46,MAG
TARA_SAMEA2622737_METAG_HKKECOCA,0,0,0,Archaea-Poseidoniia MGIIb,80.26,MAG
BGEO_SAMN07136938_METAG_DLGIJHEG,0,0,0,Alpha-Rhodobacter,87.9,MAG
BGEO_SAMN07136938_METAG_BELAMJIN,0,0,0,Alpha-Rhodobacter,87,MAG
BGEO_SAMN07136938_METAG_BBKDHDDK,0,0,0,Bacteroidota,80.78,MAG
BGEO_SAMN07136938_METAG_IHJIPDAJ,0,0,0,Alpha-Other,78.28,MAG
BGEO_SAMN07136938_METAG_DHBFONAG,0,0,0,Gamma-SAR86,75.7,MAG
BGEO_SAMN07136938_METAG_GFAKBMON,0,0,0,Actinobacteriota,82.5,MAG
BATS_SAMN07137076_METAG_CNALAKDP,0,0,0,Gamma-Other,75.9,MAG
BATS_SAMN07137076_METAG_CAHCOHNA,0,0,0,Bacteroidota,77.62,MAG
TARA_SAMEA2622737_METAG_NAIHDKFI,0,0,0,Archaea-Poseidoniia MGIIb,76.66,MAG
BGEO_SAMN07136539_METAG_DOCKDDBM,0,0,0,Chloroflexota,77.01,MAG
BATS_SAMN07137085_METAG_DFMHGLCG,0,0,0,Bacteroidota,93.56,MAG
BATS_SAMN07137085_METAG_ICGDMHCK,0,0,0,Alpha-Other,79.56,MAG
BATS_SAMN07137085_METAG_PHPIHKPK,0,0,0,Gamma-SAR86,75.22,MAG
BGEO_SAMN07136636_METAG_KJLKLMHG,0,0,0,Alpha-Other,96,MAG
TARA_SAMEA2622800_METAG_NDGDPBOE,0,0,0,Archaea-Poseidoniia MGIIb,82.72,MAG
BGEO_SAMN07136638_METAG_OGLDHMGM,0,0,0,Alpha-Puniceispirilla,90.98,MAG
BGEO_SAMN07136638_METAG_BCFIJBPD,0,0,0,Alpha-Other,79.38,MAG
BGEO_SAMN07136638_METAG_DHFJAKOF,0,0,0,Bacteroidota,83.73,MAG
BGEO_SAMN07136638_METAG_GBBFKJOE,0,0,0,Bacteroidota,81.29,MAG
BGEO_SAMN07136638_METAG_INAFJMMI,0,0,0,Gamma-SAR86,76.74,MAG
BGEO_SAMN07136638_METAG_DAEBLNNC,0,0,0,Bacteroidota,76.79,MAG
TARA_SAMEA2622800_METAG_ADHBJMPA,0,0,0,Archaea-Poseidoniia MGIIb,83.01,MAG
BGEO_SAMN07136658_METAG_GEDKDMDG,0,0,0,Bacteroidota,77.86,MAG
BATS_SAMN07137114_METAG_ANHPGLCB,0,0,0,Marinisomatota,93.1,MAG
BATS_SAMN07137114_METAG_AICJLGGM,0,0,0,Gamma-Other,93.06,MAG
TARA_SAMEA2622800_METAG_MACOCLII,0,0,0,Archaea-Poseidoniia MGIIb,75.22,MAG
BATS_SAMN07137114_METAG_HOGAHLFO,0,0,0,Actinobacteriota,75.28,MAG
BATS_SAMN07137080_METAG_HLJFGJKK,0,0,0,Chloroflexota,85.22,MAG
BATS_SAMN07137080_METAG_MCGMJANA,0,0,0,Chloroflexota,78.95,MAG
BATS_SAMN07137119_METAG_EMCBAMKL,0,0,0,Actinobacteriota,95.12,MAG
BATS_SAMN07137119_METAG_OHMIAKLL,0,0,0,Actinobacteriota,79.01,MAG
BATS_SAMN07137119_METAG_GBKLLHJK,0,0,0,Chloroflexota,78.43,MAG
TARA_SAMEA2621278_METAG_HKJFIPKH,0,0,0,Archaea-Poseidoniia MGIIb,77.12,MAG
TARA_SAMEA2621020_METAG_OEKAGACM,0,0,0,Archaea-Poseidoniia MGIIb,81.92,MAG
BGEO_SAMN07136586_METAG_MMKLNMDO,0,0,0,Chloroflexota,92.66,MAG
BGEO_SAMN07136954_METAG_LLFJMFLP,0,0,0,Alpha-Rhodobacter,89.07,MAG
TARA_SAMEA2621076_METAG_HABCAHGH,0,0,0,Archaea-Poseidoniia MGIIb,78.13,MAG
BGEO_SAMN07136954_METAG_DIHEKCAI,0,0,0,Alpha-Rhodobacter-LowGC,82.44,MAG
TARA_SAMEA2622765_METAG_KAJONEAA,0,0,0,Archaea-Other,78.88,MAG
BATS_SAMN07137097_METAG_HPCMMKML,0,0,0,Alpha-Pelagibacter,81.37,MAG
TARA_SAMEA2622822_METAG_MPEMAEJE,0,0,0,Archaea-Other,80.34,MAG
TARA_SAMEA2622822_METAG_HLAAKGMN,0,0,0,Archaea-Poseidoniia MGIIb,80.84,MAG
BGEO_SAMN07136627_METAG_COMDDJHA,0,0,0,Gamma-Other,80.31,MAG
BGEO_SAMN07136627_METAG_HNBLMBME,0,0,0,Bacteroidota,79.03,MAG
HOTS_SAMN07137042_METAG_DJPBCFGO,0,0,0,Chloroflexota,92.94,MAG
HOTS_SAMN07137042_METAG_HHDJLALP,0,0,0,Marinisomatota,89.58,MAG
BATS_SAMN07137072_METAG_DMGBPHJB,0,0,0,Gemmatimonadota,80.53,MAG
TARA_SAMEA2621260_METAG_OHBHNBJK,0,0,0,Archaea-Poseidoniia MGIIb,79.6,MAG
TARA_SAMEA2619974_METAG_NBDDEECB,0,0,0,Archaea-Other,90.59,MAG
TARA_SAMEA2622738_METAG_MNCGPKFO,0,0,0,Archaea-Poseidoniia MGIIb,85.31,MAG
MALA_SAMN05421563_METAG_HGIANKEH,1,1,1,Gamma-Other,75.07,MAG
MALA_SAMN05421563_METAG_HAEGDPLG,0,0,0,Gemmatimonadota,91.8,MAG
MALA_SAMN05421563_METAG_IOEEOBGH,0,0,0,Bacteroidota,80.91,MAG
MALA_SAMN05421699_METAG_BELIHAJM,0,0,0,Alpha-Other,98.18,MAG
MALA_SAMN05421699_METAG_PHCLAHMJ,0,0,0,Gamma-Other,77.04,MAG
TARA_SAMEA2621222_METAG_NNLAPKNI,0,0,0,Archaea-Poseidoniia MGIIb,79.56,MAG
TARA_SAMEA2621222_METAG_KIMAAFHF,0,0,0,Archaea-Poseidoniia MGIIb,80.64,MAG
MALA_SAMN05422122_METAG_JKIINEFM,1,1,1,Gamma-Alteromonas,94.22,MAG
MALA_SAMN05422140_METAG_HGNLJMOA,0,0,0,Gamma-Other,77.22,MAG
MALA_SAMN05422104_METAG_PGJOPCKD,1,1,1,Gamma-Other,76.83,MAG
MALA_SAMN05422189_METAG_BDBAKDIJ,0,0,0,Alpha-Rhodobacter,87.66,MAG
MALA_SAMN05422121_METAG_HCILPDBN,0,0,0,Gamma-Other,76.54,MAG
MALA_SAMN05422149_METAG_JIADBIOF,0,0,0,Chloroflexota,90.75,MAG
MALA_SAMN05422149_METAG_IOGIMBKE,0,0,0,Gamma-Other,96.68,MAG
MALA_SAMN05422149_METAG_ADPGENHC,1,1,1,Bacteroidota,98.12,MAG
MALA_SAMN05422149_METAG_FNBIFKEB,0,0,0,Chloroflexota,84.97,MAG
MALA_SAMN05422149_METAG_DCOOINAI,0,0,0,Alpha-Other,96.63,MAG
MALA_SAMN05422149_METAG_DHAAIGFO,0,0,0,Actinobacteriota,77.6,MAG
MALA_SAMN05422149_METAG_EKIALOCF,0,0,0,Chloroflexota,90.24,MAG
MALA_SAMN05422195_METAG_PMIFNHNL,0,0,0,Gamma-Other,77.25,MAG
MALA_SAMN05422195_METAG_MEMLAPEP,0,0,0,Gamma-Other,82.25,MAG
MALA_SAMN05421706_METAG_PHFPPBLD,0,0,0,Alpha-Pelagibacter,95.58,MAG
MALA_SAMN05421706_METAG_PDNDAHEE,0,0,0,SAR324,93.02,MAG
MALA_SAMN05421706_METAG_PHFBJKBA,0,0,0,Alpha-Other,82.38,MAG
MALA_SAMN05421706_METAG_DCDGKLMK,0,0,0,Gamma-Other,81.88,MAG
MALA_SAMN05421706_METAG_PGDLPGBM,0,0,0,Gamma-Other,76.14,MAG
MALA_SAMN05421706_METAG_CPBAILGB,0,0,0,Alpha-Other,96.28,MAG
MALA_SAMN05422133_METAG_IDLFGHMH,1,1,1,Gamma-Other,97.91,MAG
MALA_SAMN05422133_METAG_FKNGKJEE,0,0,0,Bacteroidota,84.68,MAG
MALA_SAMN05422166_METAG_MNNNHGFC,0,0,0,Alpha-Rhodobacter,77.76,MAG
MALA_SAMN05422166_METAG_PCLPONCI,0,0,0,Alpha-Other,89.74,MAG
MALA_SAMN05422117_METAG_BEMFKCKM,0,0,0,Chloroflexota,82.76,MAG
MALA_SAMN05421660_METAG_DIIGKDEL,0,0,0,Gamma-Other,75.66,MAG
MALA_SAMN05421660_METAG_NNGLCIHM,0,0,0,SAR324,87.24,MAG
MALA_SAMN05421660_METAG_BOEAJOMI,1,1,1,Gamma-Other,83.39,MAG
MALA_SAMN05421660_METAG_BDGLBHNG,0,0,0,Alpha-Pelagibacter,88.7,MAG
TARA_SAMEA2622696_METAG_IDEGNAEC,0,0,0,Archaea-Poseidoniia MGIIb,75.6,MAG
MALA_SAMN05422111_METAG_AGIBFIDO,0,0,0,Alpha-Other,97.68,MAG
TARA_SAMEA2622696_METAG_KDCKFFGB,0,0,0,Archaea-Poseidoniia MGIIb,79.55,MAG
MALA_SAMN05422111_METAG_GBHEMFGI,0,0,0,Chloroflexota,75.95,MAG
MALA_SAMN05421901_METAG_IAJDHIGI,0,0,0,SAR324,92.04,MAG
TARA_SAMEA2622696_METAG_AIKCOGIM,0,0,0,Archaea-Poseidoniia MGIIb,78.58,MAG
MALA_SAMN05422138_METAG_CJPOHPDO,0,0,0,Alpha-Rhodobacter,87.76,MAG
MALA_SAMN05422138_METAG_PJNKMKOE,0,0,0,Alpha-Pelagibacter,92.9,MAG
MALA_SAMN05422138_METAG_FHEGHOIM,0,0,0,Chloroflexota,82.86,MAG
MALA_SAMN05422138_METAG_AAEOOEHN,0,0,0,SAR324,79.69,MAG
TARA_SAMEA2622696_METAG_KEDJHOEO,0,0,0,Archaea-Poseidoniia MGIIb,81.34,MAG
MALA_SAMN05422183_METAG_GHINLHJE,0,0,0,Gamma-Other,77,MAG
MALA_SAMN05422183_METAG_NOLPGDMN,0,0,0,Gamma-Other,91.75,MAG
MALA_SAMN05422107_METAG_FNMBFCCN,0,0,0,Gamma-Other,92.34,MAG
MALA_SAMN05422107_METAG_EOEMECJL,0,0,0,Bacteroidota,95.46,MAG
MALA_SAMN05422120_METAG_MALJNMLA,0,0,0,Alpha-Other,81.36,MAG
MALA_SAMN05422120_METAG_NDMHKPKD,1,1,1,Gamma-Alteromonas,92.2,MAG
MALA_SAMN05422120_METAG_PINPMALI,0,0,0,Bacteroidota,99.12,MAG
MALA_SAMN05422152_METAG_NPKOJPLC,0,0,0,Gamma-Other,88.42,MAG
MALA_SAMN05422163_METAG_JIDLIIFF,0,0,0,Gemmatimonadota,88.98,MAG
MALA_SAMN05422171_METAG_DALPBMFO,0,0,0,Gamma-Other,76.39,MAG
TARA_SAMEA2621044_METAG_DGHHLNID,0,0,0,Archaea-Poseidoniia MGIIb,76.02,MAG
MALA_SAMN05422113_METAG_BPEHGKBL,0,0,0,Alpha-Rhodobacter,93.36,MAG
MALA_SAMN05422192_METAG_KFDDCOKA,0,0,0,Gamma-Other,75.41,MAG
MALA_SAMN05422165_METAG_GNFBKHCM,0,0,0,Alpha-Rhodobacter,78.26,MAG
MALA_SAMN05422165_METAG_BIJMHFJN,0,0,0,Gamma-Other,88.22,MAG
MALA_SAMN05421555_METAG_IPOCJLCK,0,0,0,Actinobacteriota,79.7,MAG
MALA_SAMN05422188_METAG_LLBMOAPB,1,1,1,Gamma-Other,79.82,MAG
MALA_SAMN05422130_METAG_LHMBIFLC,0,0,0,Gamma-Other,92.48,MAG
MALA_SAMN05422143_METAG_CPCIAKED,0,0,0,Alpha-Pelagibacter,82.94,MAG
MALA_SAMN05421697_METAG_GIJBDGAK,1,1,1,Gamma-Other,89.89,MAG
MALA_SAMN05422115_METAG_EILAGLKN,1,1,1,Gamma-Alteromonas,78.64,MAG
MALA_SAMN05422115_METAG_PEDNKAMC,0,0,0,Alpha-Other,79.05,MAG
MALA_SAMN05422108_METAG_NJOFLKAK,0,0,0,Gamma-Other,81.48,MAG
MALA_SAMN05422191_METAG_HGIAEFOK,0,0,0,Gamma-Other,91.24,MAG
MALA_SAMN05422123_METAG_MBCPHEIG,0,0,0,Gamma-Other,90.72,MAG
MALA_SAMN05422128_METAG_GFOMCGFD,1,1,1,Gamma-Alteromonas,97.44,MAG
TARA_SAMEA2622716_METAG_OJECMJMJ,0,0,0,Archaea-Poseidoniia MGIIb,80.58,MAG
MALA_SAMN05422114_METAG_HDMCNFBK,1,1,1,Gamma-Alteromonas,99.3,MAG
TARA_SAMN05326644_METAG_PON00007,0,0,0,Bacteroidota,92.78,MAG
TARA_SAMN05326644_METAG_PON00009,0,0,0,Actinobacteriota,91.56,MAG
TARA_SAMN05326644_METAG_PON00018,0,0,0,Gamma-Other,80.84,MAG
TARA_SAMN05326644_METAG_PON00024,0,0,0,Acidobacteriota,78.41,MAG
TARA_SAMN05326644_METAG_PON00036,0,0,0,Bacteroidota,75.22,MAG
TARA_SAMN05326644_METAG_PON00042,0,0,0,Gamma-Other,89.22,MAG
TARA_SAMN05326644_METAG_PON00046,0,0,0,Alpha-Other,79.36,MAG
TARA_SAMN05326644_METAG_PON00061,1,1,1,Gamma-Alteromonas,84.82,MAG
TARA_SAMN05326645_METAG_PSE00013,0,0,0,Bacteroidota,98.76,MAG
TARA_SAMN05326645_METAG_PSE00020,0,0,0,Bacteroidota,95.28,MAG
TARA_SAMN05326650_METAG_MED00035,0,0,0,Bacteroidota,84.96,MAG
TARA_SAMN05326650_METAG_MED00036,0,0,0,Verrucomicrobiota,93.12,MAG
TARA_SAMN05326650_METAG_MED00038,0,0,0,Gamma-Other,90.4,MAG
TARA_SAMN05326650_METAG_MED00039,0,0,0,Alpha-Other,91.1,MAG
TARA_SAMN05326650_METAG_MED00042,0,0,0,Alpha-Other,86.72,MAG
TARA_SAMN05326650_METAG_MED00044,0,0,0,Verrucomicrobiota,85.86,MAG
TARA_SAMN05326650_METAG_MED00045,0,0,0,Gamma-Other,86.5,MAG
TARA_SAMN05326650_METAG_MED00046,0,0,0,Gamma-Other,85.02,MAG
TARA_SAMN05326650_METAG_MED00047,0,0,0,Gamma-Other,90.58,MAG
TARA_SAMN05326650_METAG_MED00048,0,0,0,Actinobacteriota,83.37,MAG
TARA_SAMN05326650_METAG_MED00051,0,0,0,Gamma-Other,77.23,MAG
TARA_SAMN05326650_METAG_MED00052,0,0,0,Gamma-Other,81.31,MAG
TARA_SAMN05326650_METAG_MED00055,0,0,0,Verrucomicrobiota,84.95,MAG
TARA_SAMN05326650_METAG_MED00057,0,0,0,Alpha-Other,92.04,MAG
TARA_SAMN05326650_METAG_MED00059,0,0,0,Alpha-Other,86.53,MAG
TARA_SAMN05326650_METAG_MED00061,0,0,0,Gamma-Other,77.46,MAG
TARA_SAMN05326650_METAG_MED00062,0,0,0,Bacteroidota,81.98,MAG
TARA_SAMN05326650_METAG_MED00068,0,0,0,Gamma-Other,81.35,MAG
TARA_SAMEA2622716_METAG_NAJEFKKK,0,0,0,Archaea-Poseidoniia MGIIb,77.78,MAG
TARA_SAMN05326650_METAG_MED00081,0,0,0,Alpha-Pelagibacter,75.6,MAG
TARA_SAMN05326650_METAG_MED00082,0,0,0,Gamma-Other,87.18,MAG
TARA_SAMN05326650_METAG_MED00127,0,0,0,Gamma-Other,80.82,MAG
TARA_SAMN05326650_METAG_MED00131,0,0,0,Actinobacteriota,82.77,MAG
TARA_SAMN05326645_METAG_PSE00021,0,0,0,Gamma-Other,92.43,MAG
TARA_SAMN05326645_METAG_PSE00038,0,0,0,Alpha-Puniceispirilla,97.14,MAG
TARA_SAMN05326645_METAG_PSE00041,0,0,0,Actinobacteriota,87.38,MAG
TARA_SAMN05326645_METAG_PSE00045,0,0,0,Alpha-Other,81.85,MAG
TARA_SAMN05326645_METAG_PSE00050,0,0,0,Bacteroidota,85.27,MAG
TARA_SAMN05326645_METAG_PSE00052,0,0,0,Actinobacteriota,77.68,MAG
TARA_SAMN05326645_METAG_PSE00059,0,0,0,Gamma-Other,79.09,MAG
TARA_SAMEA2622715_METAG_DMMBMOLI,0,0,0,Archaea-Poseidoniia MGIIb,78.13,MAG
TARA_SAMN05326645_METAG_PSE00066,0,0,0,Planctomycetota,86.52,MAG
TARA_SAMEA2622715_METAG_ODPFCJNJ,0,0,0,Archaea-Poseidoniia MGIIb,75.8,MAG
TARA_SAMN05326645_METAG_PSE00077,0,0,0,Alpha-Other,91.92,MAG
TARA_SAMN05326645_METAG_PSE00086,0,0,0,Gamma-Other,80.44,MAG
TARA_SAMN05326645_METAG_PSE00098,1,1,1,Bacteroidota,82.4,MAG
TARA_SAMN05326646_METAG_PSW00003,0,0,0,Bacteroidota,98.12,MAG
TARA_SAMN05326646_METAG_PSW00010,0,0,0,Alpha-Other,99.1,MAG
TARA_SAMN05326646_METAG_PSW00011,0,0,0,Gamma-Other,94.58,MAG
TARA_SAMN05326646_METAG_PSW00014,0,0,0,Gamma-Other,94.15,MAG
TARA_SAMN05326646_METAG_PSW00016,0,0,0,Bacteria-Other,97.58,MAG
TARA_SAMN05326646_METAG_PSW00024,0,0,0,Alpha-Other,93.12,MAG
TARA_SAMN05326646_METAG_PSW00033,0,0,0,Gamma-Other,89.24,MAG
TARA_SAMN05326646_METAG_PSW00036,0,0,0,Alpha-Other,86.05,MAG
TARA_SAMN05326646_METAG_PSW00039,0,0,0,Bacteria-Other,82.66,MAG
TARA_SAMN05326646_METAG_PSW00041,0,0,0,Bacteroidota,84.89,MAG
TARA_SAMN05326646_METAG_PSW00049,0,0,0,Actinobacteriota,90.56,MAG
TARA_SAMN05326646_METAG_PSW00058,0,0,0,Verrucomicrobiota,82.44,MAG
TARA_SAMN05326646_METAG_PSW00059,0,0,0,Alpha-Other,86.38,MAG
TARA_SAMN05326646_METAG_PSW00060,0,0,0,Gamma-Other,85.66,MAG
TARA_SAMN05326646_METAG_PSW00064,0,0,0,Bacteria-Other,79.13,MAG
TARA_SAMN05326646_METAG_PSW00066,0,0,0,Actinobacteriota,83.46,MAG
TARA_SAMN05326646_METAG_PSW00069,0,0,0,Alpha-Other,83.43,MAG
TARA_SAMN05326646_METAG_PSW00071,0,0,0,Bacteria-Other,86.76,MAG
TARA_SAMN05326646_METAG_PSW00087,1,1,1,Verrucomicrobiota,78.89,MAG
TARA_SAMN05326646_METAG_PSW00090,0,0,0,Bacteroidota,80.37,MAG
TARA_SAMN05326646_METAG_PSW00093,0,0,0,Bacteria-Other,83.24,MAG
TARA_SAMN05326643_METAG_ASW00004,1,1,1,Gamma-Other,93.98,MAG
TARA_SAMEA2622823_METAG_FJJFOPGK,0,0,0,Archaea-Poseidoniia MGIIb,84.2,MAG
TARA_SAMN05326643_METAG_ASW00016,0,0,0,Alpha-Other,79.4,MAG
TARA_SAMEA2622823_METAG_OGDFBBJM,0,0,0,Archaea-Poseidoniia MGIIb,79.09,MAG
TARA_SAMEA2622823_METAG_AMHFADNB,0,0,0,Archaea-Poseidoniia MGIIb,84.38,MAG
TARA_SAMN05326647_METAG_ION00004,0,0,0,Gamma-Other,98.42,MAG
TARA_SAMN05326647_METAG_ION00006,0,0,0,Bacteroidota,88.96,MAG
TARA_SAMN05326647_METAG_ION00011,0,0,0,Dadabacteria,89.62,MAG
TARA_SAMEA2622823_METAG_IDGCLEBN,0,0,0,Archaea-Poseidoniia MGIIb,80.84,MAG
TARA_SAMEA2622823_METAG_EMMDNOGK,0,0,0,Archaea-Poseidoniia MGIIb,79.65,MAG
TARA_SAMEA2622823_METAG_OICPOBPH,0,0,0,Archaea-Poseidoniia MGIIb,78.73,MAG
TARA_SAMN05326648_METAG_IOS00005,0,0,0,Verrucomicrobiota,97.18,MAG
TARA_SAMN05326648_METAG_IOS00008,0,0,0,Alpha-Other,98.84,MAG
TARA_SAMN05326648_METAG_IOS00014,0,0,0,Verrucomicrobiota,93.49,MAG
TARA_SAMN05326648_METAG_IOS00015,0,0,0,Gamma-Other,82.96,MAG
TARA_SAMN05326648_METAG_IOS00018,1,1,1,Verrucomicrobiota,83.82,MAG
TARA_SAMN05326648_METAG_IOS00024,0,0,0,Dadabacteria,83.47,MAG
TARA_SAMN05326648_METAG_IOS00028,0,0,0,Bacteroidota,88.84,MAG
TARA_SAMN05326648_METAG_IOS00029,0,0,0,Gamma-Other,85.12,MAG
TARA_SAMN05326648_METAG_IOS00033,0,0,0,Actinobacteriota,82.32,MAG
TARA_SAMN05326648_METAG_IOS00034,0,0,0,Planctomycetota,78.31,MAG
TARA_SAMN05326648_METAG_IOS00044,0,0,0,Verrucomicrobiota,76.72,MAG
TARA_SAMN05326648_METAG_IOS00052,0,0,0,Alpha-Other,76.91,MAG
TARA_SAMN05326648_METAG_IOS00057,0,0,0,Bacteria-Other,76.49,MAG
TARA_SAMN05326650_METAG_MED00004,0,0,0,Bacteroidota,97.26,MAG
TARA_SAMN05326650_METAG_MED00005,0,0,0,Marinisomatota,92.56,MAG
TARA_SAMN05326650_METAG_MED00008,0,0,0,Gamma-Other,93.36,MAG
TARA_SAMN05326650_METAG_MED00009,0,0,0,Gamma-SAR92,86.88,MAG
TARA_SAMN05326650_METAG_MED00016,0,0,0,Alpha-Other,96.28,MAG
TARA_SAMN05326650_METAG_MED00020,0,0,0,Alpha-Other,94.74,MAG
TARA_SAMN05326650_METAG_MED00023,0,0,0,Actinobacteriota,95.71,MAG
TARA_SAMN05326650_METAG_MED00024,0,0,0,Actinobacteriota,93.56,MAG
TARA_SAMN05326650_METAG_MED00025,0,0,0,Marinisomatota,90.74,MAG
TARA_SAMN05326650_METAG_MED00026,0,0,0,Gamma-Other,85.82,MAG
TARA_SAMN05326650_METAG_MED00027,0,0,0,Marinisomatota,85.28,MAG
TARA_SAMN05326650_METAG_MED00028,0,0,0,Alpha-Other,83.89,MAG
TARA_SAMN05326650_METAG_MED00030,0,0,0,Gamma-Other,94.91,MAG
TARA_SAMN05326650_METAG_MED00032,0,0,0,Alpha-Other,88.58,MAG
TARA_SAMN05326649_METAG_SOC00005,0,0,0,Bacteroidota,90.98,MAG
TARA_SAMN05326651_METAG_RED00003,0,0,0,Gamma-Other,93.87,MAG
TARA_SAMN05326651_METAG_RED00005,0,0,0,Gamma-Other,91.54,MAG
TARA_SAMN05326651_METAG_RED00010,0,0,0,Chloroflexota,92.95,MAG
TARA_SAMN05326651_METAG_RED00023,0,0,0,Chloroflexota,92.42,MAG
TARA_SAMN05326651_METAG_RED00025,0,0,0,Gamma-Other,90.62,MAG
TARA_SAMN05326651_METAG_RED00029,0,0,0,Verrucomicrobiota,82.16,MAG
TARA_SAMN05326651_METAG_RED00037,1,1,1,Alpha-Other,90.54,MAG
TARA_SAMN05326651_METAG_RED00040,0,0,0,Gemmatimonadota,86.8,MAG
TARA_SAMN05326651_METAG_RED00046,0,0,0,Bacteroidota,89.32,MAG
TARA_SAMN05326651_METAG_RED00048,0,0,0,Actinobacteriota,91.04,MAG
TARA_SAMN05326651_METAG_RED00053,0,0,0,Chloroflexota,87.74,MAG
TARA_SAMN05326651_METAG_RED00054,0,0,0,Gamma-Other,77.87,MAG
TARA_SAMN05326651_METAG_RED00064,0,0,0,Chloroflexota,86.06,MAG
TARA_SAMN05326651_METAG_RED00091,0,0,0,Alpha-Other,76.24,MAG
TARA_SAMN05326651_METAG_RED00110,0,0,0,Alpha-Other,76.18,MAG
TARA_SAMN05326640_METAG_ANE00005,0,0,0,Gemmatimonadota,95.61,MAG
TARA_SAMN05326640_METAG_ANE00008,1,1,1,Alpha-Other,92.06,MAG
TARA_SAMN05326640_METAG_ANE00014,0,0,0,Dadabacteria,90.54,MAG
TARA_SAMN05326640_METAG_ANE00015,0,0,0,Chloroflexota,88.47,MAG
TARA_SAMN05326640_METAG_ANE00017,0,0,0,Alpha-Pelagibacter,89.42,MAG
TARA_SAMN05326640_METAG_ANE00020,0,0,0,Alpha-Other,85.73,MAG
TARA_SAMN05326640_METAG_ANE00025,0,0,0,Bacteroidota,90.75,MAG
TARA_SAMN05326640_METAG_ANE00029,0,0,0,Marinisomatota,84.02,MAG
TARA_SAMN05326640_METAG_ANE00032,0,0,0,Alpha-Puniceispirilla,85.92,MAG
TARA_SAMN05326640_METAG_ANE00035,0,0,0,Alpha-Pelagibacter,82.31,MAG
TARA_SAMN05326640_METAG_ANE00036,0,0,0,Bacteroidota,81.34,MAG
TARA_SAMN05326640_METAG_ANE00037,1,1,1,Gamma-Other,88.16,MAG
TARA_SAMN05326640_METAG_ANE00038,1,1,1,Verrucomicrobiota,83.32,MAG
TARA_SAMN05326640_METAG_ANE00040,0,0,0,Bacteroidota,87.78,MAG
TARA_SAMN05326640_METAG_ANE00041,0,0,0,Bacteroidota,86.58,MAG
TARA_SAMEA2621277_METAG_KNMBCIPJ,0,0,0,Archaea-Poseidoniia MGIIb,82.78,MAG
TARA_SAMN05326641_METAG_ANW00015,0,0,0,Bacteria-Other,94.51,MAG
TARA_SAMN05326641_METAG_ANW00017,0,0,0,Bacteria-Other,95.1,MAG
TARA_SAMN05326641_METAG_ANW00018,0,0,0,Alpha-Other,93.63,MAG
TARA_SAMN05326641_METAG_ANW00022,1,1,1,Planctomycetota,86.66,MAG
TARA_SAMN05326641_METAG_ANW00023,0,0,0,Bacteroidota,91.15,MAG
TARA_SAMN05326641_METAG_ANW00026,0,0,0,Alpha-Other,90.03,MAG
TARA_SAMN05326641_METAG_ANW00029,0,0,0,Bacteroidota,79,MAG
TARA_SAMN05326641_METAG_ANW00030,0,0,0,Marinisomatota,86.37,MAG
TARA_SAMN05326641_METAG_ANW00034,0,0,0,Bacteroidota,81.82,MAG
TARA_SAMN05326641_METAG_ANW00042,0,0,0,Gamma-Other,83.12,MAG
TARA_SAMEA2621021_METAG_IGGMOHDC,0,0,0,Archaea-Poseidoniia MGIIb,82.9,MAG
TARA_SAMN05326642_METAG_ASE00003,0,0,0,Bacteroidota,91.57,MAG
TARA_SAMN05326642_METAG_ASE00006,0,0,0,Gamma-Other,81.04,MAG
TARA_SAMN05326642_METAG_ASE00008,0,0,0,Gamma-Other,83.92,MAG
TARA_SAMN05326642_METAG_ASE00010,0,0,0,Alpha-Other,81.22,MAG
GORG_SAMEA6070060_SAGS_AG894A09,0,0,0,Alpha-Pelagibacter,82.09,SAG
GORG_SAMEA6070064_SAGS_AG894A16,0,0,0,Alpha-Other,90.21,SAG
GORG_SAMEA6070066_SAGS_AG894A18,0,0,0,Bacteroidota,75.06,SAG
GORG_SAMEA6070073_SAGS_AG894B06,0,0,0,Alpha-Pelagibacter,91.84,SAG
GORG_SAMEA6070074_SAGS_AG894B07,0,0,0,Alpha-Pelagibacter,89.7,SAG
GORG_SAMEA6070077_SAGS_AG894B13,0,0,0,Alpha-Pelagibacter,76.35,SAG
GORG_SAMEA6070086_SAGS_AG894C03,0,0,0,Bacteroidota,75.27,SAG
GORG_SAMEA6070093_SAGS_AG894C10,0,0,0,Alpha-Other,84.2,SAG
GORG_SAMEA6070095_SAGS_AG894C14,0,0,0,Alpha-Pelagibacter,96.09,SAG
GORG_SAMEA6070117_SAGS_AG894E05,0,0,0,Alpha-Puniceispirilla,78.63,SAG
GORG_SAMEA6070120_SAGS_AG894E10,0,0,0,Alpha-Pelagibacter,90.5,SAG
GORG_SAMEA6070127_SAGS_AG894F03,0,0,0,Alpha-Pelagibacter,75.67,SAG
GORG_SAMEA6070132_SAGS_AG894F15,0,0,0,Alpha-Pelagibacter,86.9,SAG
GORG_SAMEA6077549_SAGS_AG333C14,0,0,0,Alpha-Other,78.84,SAG
TARA_SAMEA2622657_METAG_CKONPHLE,0,0,0,Archaea-Other,82.06,MAG
GORG_SAMEA6077564_SAGS_AG333D08,0,0,0,Alpha-Pelagibacter,87.52,SAG
GORG_SAMEA6077577_SAGS_AG333D23,0,0,0,Alpha-Other,76.35,SAG
GORG_SAMEA6078798_SAGS_AG457L11,0,0,0,Alpha-Pelagibacter,77.16,SAG
GORG_SAMEA6078808_SAGS_AG457L23,0,0,0,Alpha-Pelagibacter,79.44,SAG
TARA_SAMEA2622657_METAG_HHBPAHMF,0,0,0,Archaea-Poseidoniia MGIIb,84.14,MAG
GORG_SAMEA6078847_SAGS_AG457O03,0,0,0,Alpha-Pelagibacter,82.69,SAG
GORG_SAMEA6078908_SAGS_AG461C04,0,0,0,Alpha-Pelagibacter,77.42,SAG
GORG_SAMEA6078918_SAGS_AG461C17,0,0,0,Bacteroidota,80.62,SAG
GORG_SAMEA6078946_SAGS_AG461E16,0,0,0,Gamma-SAR86,78.27,SAG
GORG_SAMEA6070650_SAGS_AG896O16,0,0,0,Alpha-Pelagibacter,81.26,SAG
GORG_SAMEA6070651_SAGS_AG896O18,0,0,0,Alpha-Pelagibacter,82.98,SAG
GORG_SAMEA6070681_SAGS_AG897B03,0,0,0,Bacteroidota,90.7,SAG
GORG_SAMEA6070706_SAGS_AG897E09,0,0,0,Alpha-Other,90.59,SAG
GORG_SAMEA6070722_SAGS_AG897G09,0,0,0,Alpha-Pelagibacter,88.48,SAG
GORG_SAMEA6070728_SAGS_AG897G20,0,0,0,Alpha-Rhodobacter,87.86,SAG
GORG_SAMEA6070729_SAGS_AG897G22,0,0,0,Bacteroidota,86.88,SAG
GORG_SAMEA6078112_SAGS_AG343C02,0,0,0,Alpha-Pelagibacter,77.76,SAG
GORG_SAMEA6078113_SAGS_AG343C03,0,0,0,Actinobacteriota,77.12,SAG
GORG_SAMEA6078115_SAGS_AG343C05,0,0,0,Alpha-Other,75.31,SAG
GORG_SAMEA6078119_SAGS_AG343C10,0,0,0,Bacteroidota,84.54,SAG
GORG_SAMEA6078161_SAGS_AG343E15,0,0,0,Alpha-Other,89.81,SAG
GORG_SAMEA6078163_SAGS_AG343E17,0,0,0,Alpha-Pelagibacter,87.98,SAG
GORG_SAMEA6078177_SAGS_AG343F10,0,0,0,Alpha-Other,76.36,SAG
GORG_SAMEA6077196_SAGS_AG319P17,0,0,0,Bacteroidota,80.12,SAG
GORG_SAMEA6077210_SAGS_AG325A09,0,0,0,Alpha-Pelagibacter,75.31,SAG
GORG_SAMEA6077242_SAGS_AG325C03,0,0,0,Alpha-Pelagibacter,78.99,SAG
GORG_SAMEA6077249_SAGS_AG325C10,0,0,0,Alpha-Pelagibacter,76.19,SAG
GORG_SAMEA6077256_SAGS_AG325C18,0,0,0,Alpha-Pelagibacter,90.94,SAG
GORG_SAMEA6077259_SAGS_AG325C21,0,0,0,Alpha-Pelagibacter,78.77,SAG
GORG_SAMEA6077272_SAGS_AG325D16,0,0,0,Alpha-Other,76.36,SAG
GORG_SAMEA6077286_SAGS_AG325E08,0,0,0,Alpha-Pelagibacter,89.07,SAG
GORG_SAMEA6077290_SAGS_AG325E13,0,0,0,Alpha-Pelagibacter,82.08,SAG
GORG_SAMEA6070153_SAGS_AG894G18,0,0,0,Alpha-Pelagibacter,77.54,SAG
GORG_SAMEA6070162_SAGS_AG894I05,0,0,0,Alpha-Pelagibacter,80.97,SAG
GORG_SAMEA6070173_SAGS_AG894I22,0,0,0,Alpha-Other,84.3,SAG
GORG_SAMEA6070177_SAGS_AG894J05,0,0,0,Verrucomicrobiota,78.88,SAG
GORG_SAMEA6070187_SAGS_AG894K10,0,0,0,Cyano-Pro,83.43,SAG
GORG_SAMEA6070189_SAGS_AG894K14,0,0,0,Alpha-Pelagibacter,83.32,SAG
GORG_SAMEA6070190_SAGS_AG894K15,0,0,0,Alpha-Pelagibacter,77.46,SAG
GORG_SAMEA6070193_SAGS_AG894K20,0,0,0,Alpha-Other,87.55,SAG
GORG_SAMEA6070202_SAGS_AG894L13,0,0,0,Alpha-Pelagibacter,93.08,SAG
GORG_SAMEA6070206_SAGS_AG894L17,0,0,0,Alpha-Pelagibacter,85.78,SAG
GORG_SAMEA6070208_SAGS_AG894L19,0,0,0,Alpha-Pelagibacter,88.74,SAG
GORG_SAMEA6070235_SAGS_AG894N13,0,0,0,Alpha-Other,89.6,SAG
GORG_SAMEA6070236_SAGS_AG894N17,0,0,0,Alpha-Pelagibacter,76.44,SAG
GORG_SAMEA6070240_SAGS_AG894O02,0,0,0,Alpha-Other,86.96,SAG
GORG_SAMEA6070241_SAGS_AG894O04,0,0,0,Alpha-Other,92.07,SAG
GORG_SAMEA6077620_SAGS_AG333G05,0,0,0,Actinobacteriota,83,SAG
GORG_SAMEA6077629_SAGS_AG333G15,0,0,0,Actinobacteriota,83.72,SAG
GORG_SAMEA6077635_SAGS_AG333G23,0,0,0,Actinobacteriota,85.3,SAG
GORG_SAMEA6077678_SAGS_AG333K06,0,0,0,Alpha-Pelagibacter,84.56,SAG
GORG_SAMEA6069430_SAGS_AG891B03,0,0,0,Alpha-Other,82.08,SAG
GORG_SAMEA6069436_SAGS_AG891B11,0,0,0,Alpha-Other,78.96,SAG
GORG_SAMEA6069450_SAGS_AG891C11,0,0,0,Alpha-Other,95.2,SAG
GORG_SAMEA6069453_SAGS_AG891C15,0,0,0,Alpha-Pelagibacter,91.28,SAG
GORG_SAMEA6069465_SAGS_AG891D10,0,0,0,Alpha-Pelagibacter,89.91,SAG
GORG_SAMEA6069479_SAGS_AG891E06,0,0,0,Alpha-Pelagibacter,81.67,SAG
GORG_SAMEA6069483_SAGS_AG891E15,0,0,0,Alpha-Other,78.84,SAG
GORG_SAMEA6069503_SAGS_AG891G02,0,0,0,Alpha-Pelagibacter,85.94,SAG
GORG_SAMEA6069505_SAGS_AG891G05,0,0,0,Alpha-Other,86.72,SAG
GORG_SAMEA6069506_SAGS_AG891G06,0,0,0,Alpha-Other,84.66,SAG
GORG_SAMEA6069514_SAGS_AG891G19,0,0,0,Bacteroidota,84.71,SAG
GORG_SAMEA6069524_SAGS_AG891I09,0,0,0,Actinobacteriota,82.57,SAG
GORG_SAMEA6069526_SAGS_AG891I13,0,0,0,Alpha-Pelagibacter,78.04,SAG
GORG_SAMEA6074559_SAGS_AG918E02,0,0,0,Alpha-Pelagibacter,89.61,SAG
GORG_SAMEA6074561_SAGS_AG918E06,0,0,0,Alpha-Pelagibacter,84.8,SAG
GORG_SAMEA6074567_SAGS_AG918E13,0,0,0,Alpha-Other,76.19,SAG
GORG_SAMEA6074569_SAGS_AG918E15,0,0,0,Gamma-Other,75.11,SAG
GORG_SAMEA6074582_SAGS_AG918F23,0,0,0,Alpha-Pelagibacter,77.26,SAG
GORG_SAMEA6074586_SAGS_AG918G06,0,0,0,Alpha-Pelagibacter,89.26,SAG
GORG_SAMEA6074590_SAGS_AG918G17,0,0,0,Bacteroidota,80.82,SAG
GORG_SAMEA6074594_SAGS_AG918G22,0,0,0,Alpha-Pelagibacter,95.15,SAG
GORG_SAMEA6074602_SAGS_AG918I11,0,0,0,Alpha-Other,76,SAG
GORG_SAMEA6074617_SAGS_AG918K09,0,0,0,Alpha-Pelagibacter,88.28,SAG
GORG_SAMEA6074620_SAGS_AG918K13,0,0,0,Alpha-Pelagibacter,90.22,SAG
GORG_SAMEA6074629_SAGS_AG918L07,0,0,0,Alpha-Pelagibacter,85.23,SAG
GORG_SAMEA6074639_SAGS_AG918L21,0,0,0,Alpha-Pelagibacter,82.01,SAG
GORG_SAMEA6074649_SAGS_AG918M19,0,0,0,Alpha-Pelagibacter,82.68,SAG
GORG_SAMEA6072245_SAGS_AG907C03,0,0,0,Alpha-Other,77.09,SAG
GORG_SAMEA6072246_SAGS_AG907C04,0,0,0,Alpha-Pelagibacter,82.62,SAG
GORG_SAMEA6072250_SAGS_AG907C09,0,0,0,Alpha-Pelagibacter,80.9,SAG
GORG_SAMEA6072277_SAGS_AG907E04,0,0,0,Alpha-Pelagibacter,82.33,SAG
GORG_SAMEA6072278_SAGS_AG907E05,0,0,0,Gamma-Other,85.92,SAG
GORG_SAMEA6075439_SAGS_AG404F09,0,0,0,SAR324,78.64,SAG
GORG_SAMEA6075469_SAGS_AG404I14,0,0,0,Actinobacteriota,80.8,SAG
GORG_SAMEA6075491_SAGS_AG404J20,0,0,0,Alpha-Pelagibacter,79.88,SAG
GORG_SAMEA6069737_SAGS_AG892G22,0,0,0,Alpha-Pelagibacter,77.76,SAG
GORG_SAMEA6069739_SAGS_AG892I02,0,0,0,Alpha-Other,88.64,SAG
GORG_SAMEA6069753_SAGS_AG892J03,0,0,0,Alpha-Pelagibacter,92.2,SAG
GORG_SAMEA6069769_SAGS_AG892K05,0,0,0,Alpha-Pelagibacter,92.23,SAG
GORG_SAMEA6069784_SAGS_AG892L05,0,0,0,Alpha-Pelagibacter,82.34,SAG
GORG_SAMEA6069791_SAGS_AG892L17,0,0,0,Alpha-Pelagibacter,78.92,SAG
GORG_SAMEA6069825_SAGS_AG892O07,0,0,0,Alpha-Other,93.72,SAG
GORG_SAMEA6074855_SAGS_AG919O06,0,0,0,Alpha-Pelagibacter,75.6,SAG
GORG_SAMEA6074860_SAGS_AG919O13,0,0,0,Alpha-Pelagibacter,78.34,SAG
GORG_SAMEA6074900_SAGS_AG920C09,0,0,0,Alpha-Pelagibacter,84.21,SAG
GORG_SAMEA6074904_SAGS_AG920C15,0,0,0,Alpha-Pelagibacter,79.2,SAG
GORG_SAMEA6074913_SAGS_AG920D05,0,0,0,Alpha-Pelagibacter,88.98,SAG
GORG_SAMEA6074926_SAGS_AG920E06,0,0,0,Gamma-SAR86,76.36,SAG
GORG_SAMEA6072644_SAGS_AG909A17,0,0,0,Alpha-Pelagibacter,83.41,SAG
GORG_SAMEA6072675_SAGS_AG909D07,0,0,0,Gamma-Other,75.37,SAG
GORG_SAMEA6072680_SAGS_AG909D16,0,0,0,Alpha-Pelagibacter,76.02,SAG
GORG_SAMEA6072687_SAGS_AG909E04,0,0,0,Alpha-Pelagibacter,77.9,SAG
GORG_SAMEA6072696_SAGS_AG909E20,0,0,0,Alpha-Other,76.24,SAG
GORG_SAMEA6072711_SAGS_AG909G08,0,0,0,Alpha-Pelagibacter,82.66,SAG
GORG_SAMEA6072718_SAGS_AG909I04,0,0,0,Alpha-Pelagibacter,81.54,SAG
GORG_SAMEA6072732_SAGS_AG909J05,0,0,0,Alpha-Pelagibacter,84.26,SAG
GORG_SAMEA6076017_SAGS_AG414M23,0,0,0,Alpha-Pelagibacter,88.58,SAG
GORG_SAMEA6076018_SAGS_AG414N03,0,0,0,Alpha-Pelagibacter,75.84,SAG
GORG_SAMEA6076030_SAGS_AG414N23,0,0,0,Alpha-Other,91.11,SAG
GORG_SAMEA6076035_SAGS_AG414O09,0,0,0,Alpha-Pelagibacter,87.44,SAG
GORG_SAMEA6076036_SAGS_AG414O11,0,0,0,Alpha-Pelagibacter,88.55,SAG
GORG_SAMEA6076038_SAGS_AG414O15,0,0,0,Alpha-Rhodobacter-LowGC,83.99,SAG
GORG_SAMEA6076182_SAGS_AG422A21,0,0,0,Alpha-Pelagibacter,80.76,SAG
GORG_SAMEA6076196_SAGS_AG422B19,0,0,0,Alpha-Pelagibacter,83.88,SAG
GORG_SAMEA6076199_SAGS_AG422B22,0,0,0,Alpha-Pelagibacter,87.48,SAG
GORG_SAMEA6076208_SAGS_AG422C10,0,0,0,Actinobacteriota,79.36,SAG
GORG_SAMEA6076210_SAGS_AG422C13,0,0,0,Alpha-Pelagibacter,85.54,SAG
GORG_SAMEA6076217_SAGS_AG422C20,0,0,0,Alpha-Pelagibacter,90.68,SAG
GORG_SAMEA6073484_SAGS_AG913B14,0,0,0,Alpha-Pelagibacter,75.79,SAG
GORG_SAMEA6073491_SAGS_AG913B21,0,0,0,Alpha-Pelagibacter,85.38,SAG
GORG_SAMEA6073494_SAGS_AG913C03,0,0,0,Alpha-Pelagibacter,92.24,SAG
GORG_SAMEA6073521_SAGS_AG913E11,0,0,0,Alpha-Pelagibacter,81.01,SAG
GORG_SAMEA6073530_SAGS_AG913F03,0,0,0,Alpha-Pelagibacter,91.44,SAG
GORG_SAMEA6073546_SAGS_AG913G10,0,0,0,Alpha-Pelagibacter,77.62,SAG
GORG_SAMEA6073558_SAGS_AG913I09,0,0,0,Alpha-Pelagibacter,85.57,SAG
GORG_SAMEA6073560_SAGS_AG913I14,0,0,0,Alpha-Pelagibacter,95.26,SAG
GORG_SAMEA6073564_SAGS_AG913I22,0,0,0,Alpha-Pelagibacter,78.93,SAG
GORG_SAMEA6073565_SAGS_AG913I23,0,0,0,Bacteroidota,91.52,SAG
GORG_SAMEA6073568_SAGS_AG913J04,0,0,0,Verrucomicrobiota,85.54,SAG
GORG_SAMEA6073581_SAGS_AG913K07,0,0,0,Actinobacteriota,85.72,SAG
GORG_SAMEA6080066_SAGS_AG435F03,0,0,0,Alpha-Other,93.64,SAG
GORG_SAMEA6068673_SAGS_AG365B19,0,0,0,Alpha-Pelagibacter,91.96,SAG
GORG_SAMEA6068683_SAGS_AG365C14,0,0,0,Alpha-Pelagibacter,76.56,SAG
GORG_SAMEA6068685_SAGS_AG365C20,0,0,0,Alpha-Pelagibacter,80.16,SAG
GORG_SAMEA6068692_SAGS_AG365D07,0,0,0,Alpha-Pelagibacter,81.41,SAG
GORG_SAMEA6071651_SAGS_AG903C04,0,0,0,Alpha-Pelagibacter,77.12,SAG
GORG_SAMEA6071655_SAGS_AG903C11,0,0,0,Alpha-Pelagibacter,81.03,SAG
GORG_SAMEA6071660_SAGS_AG903D02,0,0,0,Alpha-Pelagibacter,87.86,SAG
GORG_SAMEA6071680_SAGS_AG903E10,0,0,0,Cyano-Pro,75.36,SAG
GORG_SAMEA6071693_SAGS_AG903F09,0,0,0,Alpha-Pelagibacter,86.87,SAG
GORG_SAMEA6071714_SAGS_AG903G18,0,0,0,Actinobacteriota,80.21,SAG
GORG_SAMEA6070354_SAGS_AG895G15,0,0,0,Alpha-Pelagibacter,80.18,SAG
GORG_SAMEA6070381_SAGS_AG895J15,0,0,0,Alpha-Other,88.02,SAG
GORG_SAMEA6070384_SAGS_AG895J19,0,0,0,Alpha-Pelagibacter,91.28,SAG
GORG_SAMEA6070394_SAGS_AG895K10,0,0,0,Alpha-Pelagibacter,88.39,SAG
GORG_SAMEA6070411_SAGS_AG895L21,0,0,0,Alpha-Pelagibacter,75.9,SAG
GORG_SAMEA6070412_SAGS_AG895L23,0,0,0,Alpha-Pelagibacter,90.55,SAG
GORG_SAMEA6077829_SAGS_AG337C08,0,0,0,Alpha-Pelagibacter,75.48,SAG
GORG_SAMEA6077830_SAGS_AG337C09,0,0,0,Alpha-Pelagibacter,75.31,SAG
GORG_SAMEA6077834_SAGS_AG337C14,0,0,0,Alpha-Pelagibacter,80.93,SAG
GORG_SAMEA6077839_SAGS_AG337C19,0,0,0,Alpha-Pelagibacter,86.42,SAG
GORG_SAMEA6077848_SAGS_AG337D08,0,0,0,Alpha-Other,78.96,SAG
GORG_SAMEA6077854_SAGS_AG337D16,0,0,0,Alpha-Pelagibacter,82.32,SAG
GORG_SAMEA6077855_SAGS_AG337D17,0,0,0,Alpha-Pelagibacter,83.97,SAG
GORG_SAMEA6077872_SAGS_AG337E15,0,0,0,Alpha-Pelagibacter,92.37,SAG
GORG_SAMEA6077876_SAGS_AG337E19,0,0,0,Alpha-Pelagibacter,85.34,SAG
GORG_SAMEA6077881_SAGS_AG337F02,0,0,0,Alpha-Other,83.18,SAG
GORG_SAMEA6068780_SAGS_AG365K10,0,0,0,Alpha-Pelagibacter,78.18,SAG
GORG_SAMEA6068795_SAGS_AG365L08,0,0,0,Gamma-Other,77.99,SAG
GORG_SAMEA6071743_SAGS_AG903J17,0,0,0,Alpha-Pelagibacter,75.91,SAG
GORG_SAMEA6071747_SAGS_AG903K07,0,0,0,Alpha-Pelagibacter,90.5,SAG
GORG_SAMEA6071759_SAGS_AG903L07,0,0,0,Alpha-Pelagibacter,91.48,SAG
GORG_SAMEA6071777_SAGS_AG903M21,0,0,0,Alpha-Pelagibacter,85.12,SAG
GORG_SAMEA6071825_SAGS_AG904A06,0,0,0,Gamma-SAR86,83.43,SAG
GORG_SAMEA6071827_SAGS_AG904A08,0,0,0,Alpha-Pelagibacter,88.56,SAG
GORG_SAMEA6073353_SAGS_AG912I09,0,0,0,Alpha-Pelagibacter,75.12,SAG
GORG_SAMEA6073386_SAGS_AG912K10,0,0,0,Alpha-Pelagibacter,82.16,SAG
GORG_SAMEA6073401_SAGS_AG912L10,0,0,0,Alpha-Pelagibacter,79.1,SAG
GORG_SAMEA6073414_SAGS_AG912M06,0,0,0,Alpha-Pelagibacter,86.54,SAG
GORG_SAMEA6073459_SAGS_AG912P19,0,0,0,Alpha-Pelagibacter,91.35,SAG
GORG_SAMEA6073463_SAGS_AG913A04,0,0,0,Alpha-Pelagibacter,86.98,SAG
GORG_SAMEA6073479_SAGS_AG913B05,0,0,0,Alpha-Other,90.39,SAG
GORG_SAMEA6079923_SAGS_AG430L09,0,0,0,Alpha-Pelagibacter,76.76,SAG
GORG_SAMEA6079927_SAGS_AG430L17,0,0,0,Alpha-Pelagibacter,76.81,SAG
GORG_SAMEA6079958_SAGS_AG430N16,0,0,0,Alpha-Pelagibacter,87.38,SAG
GORG_SAMEA6079964_SAGS_AG430N23,0,0,0,Alpha-Pelagibacter,79.39,SAG
GORG_SAMEA6079968_SAGS_AG430O11,0,0,0,Alpha-Pelagibacter,77.38,SAG
GORG_SAMEA6079978_SAGS_AG430P01,0,0,0,Alpha-Pelagibacter,76.06,SAG
GORG_SAMEA6079984_SAGS_AG430P08,0,0,0,Alpha-Pelagibacter,77.84,SAG
GORG_SAMEA6079988_SAGS_AG430P14,0,0,0,Alpha-Rhodobacter-LowGC,77.88,SAG
GORG_SAMEA6068516_SAGS_AH326I13,0,0,0,Alpha-Other,75.81,SAG
GORG_SAMEA6068587_SAGS_AH326M17,0,0,0,Alpha-Pelagibacter,75.91,SAG
GORG_SAMEA6068588_SAGS_AH326M18,0,0,0,Gamma-Other,77.49,SAG
GORG_SAMEA6074500_SAGS_AG917P07,0,0,0,Alpha-Pelagibacter,88.66,SAG
GORG_SAMEA6074504_SAGS_AG917P14,0,0,0,Alpha-Pelagibacter,75.44,SAG
GORG_SAMEA6074513_SAGS_AG918A03,0,0,0,Alpha-Pelagibacter,77.26,SAG
GORG_SAMEA6074522_SAGS_AG918B08,0,0,0,Alpha-Pelagibacter,79.04,SAG
TARA_SAMEA2621075_METAG_AAOEHLDB,0,0,0,Archaea-Poseidoniia MGIIb,76.89,MAG
GORG_SAMEA6071951_SAGS_AG904K16,0,0,0,Alpha-Other,87.14,SAG
GORG_SAMEA6071955_SAGS_AG904L02,0,0,0,Alpha-Pelagibacter,82.9,SAG
GORG_SAMEA6071987_SAGS_AG904N09,0,0,0,Alpha-Pelagibacter,81.84,SAG
GORG_SAMEA6071996_SAGS_AG904O04,0,0,0,Alpha-Other,81.48,SAG
GORG_SAMEA6072016_SAGS_AG904P13,0,0,0,Alpha-Pelagibacter,75.31,SAG
GORG_SAMEA6072024_SAGS_AG905A07,0,0,0,Alpha-Pelagibacter,87.7,SAG
GORG_SAMEA6072026_SAGS_AG905A10,0,0,0,Alpha-Pelagibacter,77.9,SAG
GORG_SAMEA6075636_SAGS_AG390C22,0,0,0,Alpha-Pelagibacter,81.85,SAG
GORG_SAMEA6075640_SAGS_AG390D05,0,0,0,Alpha-Pelagibacter,80.56,SAG
GORG_SAMEA6075642_SAGS_AG390D07,0,0,0,Alpha-Pelagibacter,76.16,SAG
GORG_SAMEA6075648_SAGS_AG390D15,0,0,0,Alpha-Pelagibacter,94.14,SAG
GORG_SAMEA6075651_SAGS_AG390D18,0,0,0,Alpha-Pelagibacter,75.04,SAG
GORG_SAMEA6075658_SAGS_AG390E04,0,0,0,Alpha-Pelagibacter,86.61,SAG
GORG_SAMEA6075662_SAGS_AG390E09,0,0,0,Actinobacteriota,83.44,SAG
GORG_SAMEA6075700_SAGS_AG390G08,0,0,0,Alpha-Rhodobacter,75.35,SAG
GORG_SAMEA6075703_SAGS_AG390G11,0,0,0,Alpha-Pelagibacter,82.12,SAG
GORG_SAMEA6075704_SAGS_AG390G13,0,0,0,Alpha-Pelagibacter,90.86,SAG
GORG_SAMEA6075713_SAGS_AG390G23,0,0,0,Alpha-Pelagibacter,90.69,SAG
GORG_SAMEA6075716_SAGS_AG390I07,0,0,0,Alpha-Other,85.18,SAG
GORG_SAMEA6075722_SAGS_AG390I15,0,0,0,Alpha-Pelagibacter,81.66,SAG
GORG_SAMEA6075724_SAGS_AG390I17,0,0,0,Alpha-Pelagibacter,82.36,SAG
GORG_SAMEA6075734_SAGS_AG390J06,0,0,0,Bacteroidota,87.23,SAG
GORG_SAMEA6072382_SAGS_AG907M07,0,0,0,Alpha-Pelagibacter,85.46,SAG
GORG_SAMEA6075543_SAGS_AG404N13,0,0,0,Alpha-Pelagibacter,78.91,SAG
GORG_SAMEA6075559_SAGS_AG404O17,0,0,0,Alpha-Pelagibacter,75.54,SAG
GORG_SAMEA6075568_SAGS_AG404P07,0,0,0,Alpha-Pelagibacter,75.81,SAG
GORG_SAMEA6075569_SAGS_AG404P08,0,0,0,Alpha-Other,84.04,SAG
GORG_SAMEA6075573_SAGS_AG404P13,0,0,0,Alpha-Pelagibacter,82.38,SAG
TARA_SAMEA2621075_METAG_BKAOPMLE,0,0,0,Archaea-Poseidoniia MGIIb,76.06,MAG
GORG_SAMEA6076059_SAGS_AG410B17,0,0,0,Alpha-Other,84.73,SAG
GORG_SAMEA6076075_SAGS_AG410D23,0,0,0,Alpha-Pelagibacter,77.84,SAG
GORG_SAMEA6069530_SAGS_AG891I18,0,0,0,Alpha-Pelagibacter,95.58,SAG
GORG_SAMEA6069537_SAGS_AG891J06,0,0,0,Alpha-Other,93.51,SAG
GORG_SAMEA6069538_SAGS_AG891J07,0,0,0,Alpha-Pelagibacter,93.78,SAG
GORG_SAMEA6069548_SAGS_AG891J18,0,0,0,Alpha-Other,88.22,SAG
GORG_SAMEA6069553_SAGS_AG891K05,0,0,0,Alpha-Other,97.24,SAG
GORG_SAMEA6069560_SAGS_AG891K18,0,0,0,Alpha-Other,76.37,SAG
GORG_SAMEA6069561_SAGS_AG891K19,0,0,0,Alpha-Other,83.59,SAG
GORG_SAMEA6069563_SAGS_AG891K21,0,0,0,Alpha-Other,82.8,SAG
GORG_SAMEA6069564_SAGS_AG891K23,0,0,0,Alpha-Other,79.5,SAG
GORG_SAMEA6069565_SAGS_AG891L02,0,0,0,Alpha-Pelagibacter,78.51,SAG
GORG_SAMEA6069587_SAGS_AG891M16,0,0,0,Gamma-SAR86,75.4,SAG
GORG_SAMEA6069589_SAGS_AG891M18,0,0,0,Alpha-Pelagibacter,79.46,SAG
GORG_SAMEA6069592_SAGS_AG891N03,0,0,0,Alpha-Pelagibacter,84.37,SAG
GORG_SAMEA6069602_SAGS_AG891N20,0,0,0,Alpha-Other,76.48,SAG
GORG_SAMEA6069614_SAGS_AG891O15,0,0,0,Alpha-Pelagibacter,90.03,SAG
GORG_SAMEA6074655_SAGS_AG918N08,0,0,0,Gamma-Other,83.23,SAG
GORG_SAMEA6074657_SAGS_AG918N11,0,0,0,Alpha-Other,86,SAG
GORG_SAMEA6074662_SAGS_AG918N23,0,0,0,Alpha-Pelagibacter,94.64,SAG
GORG_SAMEA6074673_SAGS_AG918P10,0,0,0,Alpha-Pelagibacter,79.68,SAG
GORG_SAMEA6074677_SAGS_AG918P15,0,0,0,Alpha-Pelagibacter,78.15,SAG
GORG_SAMEA6074678_SAGS_AG919A02,0,0,0,Alpha-Pelagibacter,77.51,SAG
GORG_SAMEA6074702_SAGS_AG919C02,0,0,0,Alpha-Pelagibacter,85.3,SAG
GORG_SAMEA6074710_SAGS_AG919C15,0,0,0,Bacteroidota,78.02,SAG
GORG_SAMEA6074714_SAGS_AG919C22,0,0,0,Alpha-Pelagibacter,85.88,SAG
GORG_SAMEA6074715_SAGS_AG919D03,0,0,0,Bacteroidota,79.97,SAG
GORG_SAMEA6074721_SAGS_AG919D10,0,0,0,Alpha-Other,88.88,SAG
GORG_SAMEA6074736_SAGS_AG919E16,0,0,0,Alpha-Other,78.66,SAG
GORG_SAMEA6074739_SAGS_AG919E23,0,0,0,Gamma-Other,78.18,SAG
GORG_SAMEA6074741_SAGS_AG919F03,0,0,0,Alpha-Pelagibacter,82.88,SAG
GORG_SAMEA6074742_SAGS_AG919F04,0,0,0,Alpha-Pelagibacter,81.24,SAG
GORG_SAMEA6072573_SAGS_AG908L09,0,0,0,Alpha-Pelagibacter,84.94,SAG
GORG_SAMEA6072604_SAGS_AG908O05,0,0,0,Alpha-Pelagibacter,75.02,SAG
GORG_SAMEA6072609_SAGS_AG908O10,0,0,0,Alpha-Pelagibacter,75.92,SAG
GORG_SAMEA6072638_SAGS_AG909A07,0,0,0,Gamma-Other,82.7,SAG
GORG_SAMEA6075904_SAGS_AG414C16,0,0,0,Alpha-Rhodobacter-LowGC,79,SAG
GORG_SAMEA6075909_SAGS_AG414D07,0,0,0,Alpha-Pelagibacter,75.95,SAG
GORG_SAMEA6075910_SAGS_AG414D10,0,0,0,Alpha-Pelagibacter,84.1,SAG
GORG_SAMEA6075934_SAGS_AG414F13,0,0,0,Alpha-Pelagibacter,78.3,SAG
GORG_SAMEA6075946_SAGS_AG414G13,0,0,0,Actinobacteriota,82.86,SAG
GORG_SAMEA6075964_SAGS_AG414I15,0,0,0,Alpha-Pelagibacter,76.02,SAG
GORG_SAMEA6075987_SAGS_AG414K15,0,0,0,Alpha-Pelagibacter,79.69,SAG
GORG_SAMEA6075989_SAGS_AG414K18,0,0,0,Alpha-Pelagibacter,77.27,SAG
GORG_SAMEA6075993_SAGS_AG414L04,0,0,0,Alpha-Pelagibacter,95.44,SAG
GORG_SAMEA6076694_SAGS_AG313A04,0,0,0,Alpha-Pelagibacter,86.59,SAG
GORG_SAMEA6076753_SAGS_AG313D21,0,0,0,Alpha-Other,85.21,SAG
GORG_SAMEA6076834_SAGS_AG313L05,0,0,0,Bacteroidota,81.15,SAG
TARA_SAMEA2622801_METAG_EAOFACOJ,0,0,0,Archaea-Poseidoniia MGIIb,81.03,MAG
GORG_SAMEA6076857_SAGS_AG313M10,0,0,0,Alpha-Pelagibacter,75.9,SAG
GORG_SAMEA6073120_SAGS_AG911E22,0,0,0,Alpha-Other,90.21,SAG
GORG_SAMEA6073347_SAGS_AG912I02,0,0,0,Alpha-Pelagibacter,90.27,SAG
GORG_SAMEA6073402_SAGS_AG912L11,0,0,0,Alpha-Pelagibacter,84.7,SAG
GORG_SAMEA6073550_SAGS_AG913G17,0,0,0,Actinobacteriota,77.06,SAG
GORG_SAMEA6073607_SAGS_AG913M06,0,0,0,Alpha-Pelagibacter,76.54,SAG
GORG_SAMEA6073639_SAGS_AG913O18,0,0,0,Alpha-Pelagibacter,85.09,SAG
GORG_SAMEA6073747_SAGS_AG914G10,0,0,0,Alpha-Pelagibacter,79.62,SAG
GORG_SAMEA6073765_SAGS_AG914I16,0,0,0,Alpha-Pelagibacter,89.19,SAG
GORG_SAMEA6073813_SAGS_AG914L20,0,0,0,Alpha-Pelagibacter,78.08,SAG
GORG_SAMEA6073953_SAGS_AG915F11,0,0,0,Actinobacteriota,83.36,SAG
GORG_SAMEA6074017_SAGS_AG915K17,0,0,0,Alpha-Pelagibacter,81.96,SAG
GORG_SAMEA6076547_SAGS_AG447I09,0,0,0,Alpha-Pelagibacter,84.48,SAG
GORG_SAMEA6076604_SAGS_AG447L10,0,0,0,Alpha-Pelagibacter,80.74,SAG
GORG_SAMEA6079687_SAGS_AG426M05,0,0,0,Alpha-Pelagibacter,82.58,SAG
GORG_SAMEA6080007_SAGS_AG435A22,0,0,0,Gamma-Other,76.14,SAG
GORG_SAMEA6080389_SAGS_AG439O15,0,0,0,Alpha-Pelagibacter,79.5,SAG
GORG_SAMEA6070863_SAGS_AG898E05,0,0,0,Alpha-Other,77.32,SAG
GORG_SAMEA6070869_SAGS_AG898E17,0,0,0,Alpha-Pelagibacter,78.72,SAG
GORG_SAMEA6070923_SAGS_AG898J13,0,0,0,Gamma-Other,80.29,SAG
GORG_SAMEA6070927_SAGS_AG898J17,0,0,0,Alpha-Rhodobacter,85.71,SAG
GORG_SAMEA6070928_SAGS_AG898J19,0,0,0,Alpha-Pelagibacter,83.07,SAG
GORG_SAMEA6070933_SAGS_AG898K03,0,0,0,Gamma-SAR86,79.04,SAG
GORG_SAMEA6075144_SAGS_AG349C11,0,0,0,Alpha-Pelagibacter,82.13,SAG
GORG_SAMEA6075158_SAGS_AG349D08,0,0,0,Alpha-Pelagibacter,88.76,SAG
GORG_SAMEA6078319_SAGS_AG343O04,0,0,0,Actinobacteriota,83.43,SAG
GORG_SAMEA6074282_SAGS_AG916O13,0,0,0,Alpha-Pelagibacter,90.5,SAG
GORG_SAMEA6074285_SAGS_AG916O20,0,0,0,Alpha-Pelagibacter,87.74,SAG
GORG_SAMEA6074286_SAGS_AG916O22,0,0,0,Alpha-Pelagibacter,82.54,SAG
GORG_SAMEA6074301_SAGS_AG916P21,0,0,0,Alpha-Pelagibacter,78.18,SAG
GORG_SAMEA6074313_SAGS_AG917A18,0,0,0,Alpha-Pelagibacter,76.32,SAG
GORG_SAMEA6074321_SAGS_AG917B07,0,0,0,Alpha-Pelagibacter,92.47,SAG
GORG_SAMEA6074332_SAGS_AG917C02,0,0,0,Gamma-SAR86,87.69,SAG
GORG_SAMEA6074338_SAGS_AG917C08,0,0,0,Alpha-Pelagibacter,88.43,SAG
GORG_SAMEA6074341_SAGS_AG917C11,0,0,0,Alpha-Pelagibacter,81.82,SAG
GORG_SAMEA6074347_SAGS_AG917D03,0,0,0,Alpha-Pelagibacter,90.88,SAG
GORG_SAMEA6074351_SAGS_AG917D09,0,0,0,Alpha-Pelagibacter,82.93,SAG
GORG_SAMEA6074353_SAGS_AG917D14,0,0,0,Alpha-Pelagibacter,94.24,SAG
GORG_SAMEA6074360_SAGS_AG917D23,0,0,0,Alpha-Pelagibacter,88.94,SAG
GORG_SAMEA6074365_SAGS_AG917E07,0,0,0,Alpha-Pelagibacter,78.84,SAG
GORG_SAMEA6078566_SAGS_AG453N02,0,0,0,Alpha-Other,76.74,SAG
GORG_SAMEA6078614_SAGS_AG453P16,0,0,0,Bacteroidota,79.4,SAG
TARA_SAMEA2622801_METAG_BCBMELDI,0,0,0,Archaea-Poseidoniia MGIIb,86.74,MAG
GORG_SAMEA6071546_SAGS_AG901I21,0,0,0,Alpha-Pelagibacter,90.3,SAG
GORG_SAMEA6071561_SAGS_AG901K05,0,0,0,Alpha-Pelagibacter,84.12,SAG
GORG_SAMEA6070789_SAGS_AG897O11,0,0,0,Alpha-Pelagibacter,81.28,SAG
GORG_SAMEA6070791_SAGS_AG897O16,0,0,0,Alpha-Pelagibacter,87.62,SAG
GORG_SAMEA6070810_SAGS_AG898A08,0,0,0,Alpha-Other,83.66,SAG
GORG_SAMEA6070838_SAGS_AG898C07,0,0,0,Alpha-Pelagibacter,88.45,SAG
GORG_SAMEA6070842_SAGS_AG898C15,0,0,0,Gamma-SAR86,75.06,SAG
TARA_SAMEA2622801_METAG_BBIIKDFL,0,0,0,Archaea-Poseidoniia MGIIb,80.78,MAG
TARA_SAMEA2622801_METAG_AJIOENCA,0,0,0,Archaea-Poseidoniia MGIIb,81.64,MAG
GORG_SAMEA6078244_SAGS_AG343K02,0,0,0,Alpha-Pelagibacter,76.88,SAG
GORG_SAMEA6078288_SAGS_AG343M11,0,0,0,Alpha-Pelagibacter,75.4,SAG
TARA_SAMEA2622801_METAG_GOMGFPGJ,0,0,0,Archaea-Poseidoniia MGIIb,84.54,MAG
GORG_SAMEA6069416_SAGS_AG891A05,0,0,0,Alpha-Pelagibacter,90.19,SAG
GORG_SAMEA6074439_SAGS_AG917K23,0,0,0,Alpha-Other,80.82,SAG
GORG_SAMEA6074454_SAGS_AG917M08,0,0,0,Alpha-Other,93.8,SAG
GORG_SAMEA6074459_SAGS_AG917M15,0,0,0,Alpha-Pelagibacter,85.5,SAG
GORG_SAMEA6074461_SAGS_AG917M17,0,0,0,Alpha-Other,81.26,SAG
GORG_SAMEA6074464_SAGS_AG917M22,0,0,0,Alpha-Pelagibacter,88.78,SAG
GORG_SAMEA6074467_SAGS_AG917N04,0,0,0,Gamma-Other,76.38,SAG
GORG_SAMEA6074479_SAGS_AG917N20,0,0,0,Alpha-Other,84.96,SAG
GORG_SAMEA6074486_SAGS_AG917O09,0,0,0,Actinobacteriota,86.01,SAG
GORG_SAMEA6074488_SAGS_AG917O11,0,0,0,Alpha-Pelagibacter,80.89,SAG
GORG_SAMEA6074491_SAGS_AG917O15,0,0,0,Gamma-SAR86,77.05,SAG
GORG_SAMEA6074537_SAGS_AG918C08,0,0,0,Alpha-Pelagibacter,77.16,SAG
GORG_SAMEA6074541_SAGS_AG918C13,0,0,0,Alpha-Other,80.22,SAG
GORG_SAMEA6074543_SAGS_AG918C15,0,0,0,Alpha-Pelagibacter,80.44,SAG
GORG_SAMEA6079447_SAGS_AG470L20,0,0,0,Alpha-Pelagibacter,83.2,SAG
GORG_SAMEA6079484_SAGS_AG470O10,0,0,0,Alpha-Pelagibacter,81.06,SAG
GORG_SAMEA6073939_SAGS_AG915E09,0,0,0,Alpha-Other,82.38,SAG
GORG_SAMEA6073967_SAGS_AG915G07,0,0,0,Bacteroidota,84.88,SAG
GORG_SAMEA6073971_SAGS_AG915G13,0,0,0,Alpha-Pelagibacter,85.82,SAG
GORG_SAMEA6073972_SAGS_AG915G14,0,0,0,Alpha-Pelagibacter,81.28,SAG
GORG_SAMEA6073975_SAGS_AG915G17,0,0,0,Alpha-Other,78.89,SAG
GORG_SAMEA6073985_SAGS_AG915I10,0,0,0,Alpha-Other,84.55,SAG
GORG_SAMEA6074013_SAGS_AG915K13,0,0,0,Alpha-Pelagibacter,93.2,SAG
GORG_SAMEA6074039_SAGS_AG915M14,0,0,0,Alpha-Other,82.55,SAG
GORG_SAMEA6074062_SAGS_AG915O03,0,0,0,Alpha-Other,76.26,SAG
GORG_SAMEA6076556_SAGS_AG447I21,0,0,0,Actinobacteriota,81.72,SAG
GORG_SAMEA6076582_SAGS_AG447K09,0,0,0,Alpha-Pelagibacter,90.82,SAG
GORG_SAMEA6076584_SAGS_AG447K11,0,0,0,Alpha-Pelagibacter,84.77,SAG
GORG_SAMEA6076592_SAGS_AG447K20,0,0,0,Gamma-SAR86,87.4,SAG
GORG_SAMEA6076601_SAGS_AG447L07,0,0,0,Alpha-Pelagibacter,78.56,SAG
GORG_SAMEA6076607_SAGS_AG447L14,0,0,0,Alpha-Pelagibacter,86.09,SAG
GORG_SAMEA6076619_SAGS_AG447M05,0,0,0,Alpha-Pelagibacter,89.28,SAG
GORG_SAMEA6076624_SAGS_AG447M10,0,0,0,Alpha-Pelagibacter,84.63,SAG
GORG_SAMEA6076642_SAGS_AG447N08,0,0,0,Alpha-Pelagibacter,92.71,SAG
GORG_SAMEA6076653_SAGS_AG447N20,0,0,0,Gamma-Other,76.48,SAG
GORG_SAMEA6067751_SAGS_AH287E09,0,0,0,Alpha-Pelagibacter,82.38,SAG
GORG_SAMEA6067757_SAGS_AH287E17,0,0,0,Alpha-Pelagibacter,81.88,SAG
GORG_SAMEA6067758_SAGS_AH287E18,0,0,0,Alpha-Pelagibacter,75.87,SAG
GORG_SAMEA6067780_SAGS_AH287G05,0,0,0,Alpha-Pelagibacter,80.41,SAG
GORG_SAMEA6067785_SAGS_AH287G13,0,0,0,Bacteroidota,85.19,SAG
GORG_SAMEA6067794_SAGS_AH287G22,0,0,0,Alpha-Pelagibacter,79.46,SAG
GORG_SAMEA6067798_SAGS_AH287I04,0,0,0,Alpha-Pelagibacter,81.06,SAG
GORG_SAMEA6067804_SAGS_AH287I11,0,0,0,Gamma-Other,85.25,SAG
GORG_SAMEA6067826_SAGS_AH287J18,0,0,0,Alpha-Pelagibacter,85.81,SAG
GORG_SAMEA6067860_SAGS_AH287L13,0,0,0,Alpha-Other,87.48,SAG
TARA_SAMEA2622801_METAG_EEJDJNHE,0,0,0,Archaea-Poseidoniia MGIIb,77.54,MAG
GORG_SAMEA6067885_SAGS_AH287M22,0,0,0,Actinobacteriota,82.08,SAG
GORG_SAMEA6070032_SAGS_AG893O16,0,0,0,Alpha-Pelagibacter,77.37,SAG
GORG_SAMEA6070038_SAGS_AG893P02,0,0,0,Alpha-Pelagibacter,89,SAG
GORG_SAMEA6070040_SAGS_AG893P05,0,0,0,Alpha-Other,92.48,SAG
GORG_SAMEA6068079_SAGS_AH324L09,0,0,0,Alpha-Pelagibacter,80.65,SAG
GORG_SAMEA6068107_SAGS_AH324N03,0,0,0,Alpha-Pelagibacter,84.49,SAG
GORG_SAMEA6068405_SAGS_AH326B08,0,0,0,Alpha-Other,80.7,SAG
TARA_SAMEA2622801_METAG_HNGBLPDL,0,0,0,Archaea-Poseidoniia MGIIb,77.48,MAG
GORG_SAMEA6068504_SAGS_AH326G20,0,0,0,Alpha-Pelagibacter,79.33,SAG
GORG_SAMEA6073071_SAGS_AG911B05,0,0,0,Alpha-Pelagibacter,81.24,SAG
GORG_SAMEA6073133_SAGS_AG911G06,0,0,0,Alpha-Pelagibacter,90.8,SAG
GORG_SAMEA6073169_SAGS_AG911J19,0,0,0,Alpha-Pelagibacter,88.1,SAG
GORG_SAMEA6073176_SAGS_AG911K05,0,0,0,Alpha-Pelagibacter,79.46,SAG
GORG_SAMEA6073184_SAGS_AG911K15,0,0,0,Alpha-Pelagibacter,89.76,SAG
GORG_SAMEA6073196_SAGS_AG911L10,0,0,0,Alpha-Other,82.44,SAG
GORG_SAMEA6073209_SAGS_AG911M04,0,0,0,Gamma-SAR86,82.58,SAG
GORG_SAMEA6073219_SAGS_AG911M23,0,0,0,Actinobacteriota,83.22,SAG
GORG_SAMEA6073227_SAGS_AG911N14,0,0,0,Alpha-Pelagibacter,88.86,SAG
GORG_SAMEA6073266_SAGS_AG912A14,0,0,0,Alpha-Pelagibacter,80.64,SAG
GORG_SAMEA6079655_SAGS_AG426K09,0,0,0,Alpha-Pelagibacter,81.75,SAG
GORG_SAMEA6079662_SAGS_AG426K19,0,0,0,Alpha-Pelagibacter,78.88,SAG
GORG_SAMEA6079776_SAGS_AG430B09,0,0,0,Alpha-Pelagibacter,93.79,SAG
GORG_SAMEA6079829_SAGS_AG430E20,0,0,0,Alpha-Pelagibacter,90.62,SAG
GORG_SAMEA6079840_SAGS_AG430F10,0,0,0,Alpha-Pelagibacter,76.96,SAG
GORG_SAMEA6079844_SAGS_AG430F16,0,0,0,Alpha-Pelagibacter,88.8,SAG
GORG_SAMEA6068829_SAGS_AG365N20,0,0,0,Marinisomatota,82.05,SAG
GORG_SAMEA6068850_SAGS_AG365P03,0,0,0,Alpha-Pelagibacter,79.03,SAG
GORG_SAMEA6071856_SAGS_AG904C07,0,0,0,Alpha-Other,78.72,SAG
GORG_SAMEA6071874_SAGS_AG904D16,0,0,0,Alpha-Pelagibacter,80.86,SAG
GORG_SAMEA6071895_SAGS_AG904F11,0,0,0,Alpha-Pelagibacter,88.49,SAG
GORG_SAMEA6071900_SAGS_AG904F17,0,0,0,Alpha-Pelagibacter,91.94,SAG
GORG_SAMEA6071907_SAGS_AG904G05,0,0,0,Alpha-Pelagibacter,75.31,SAG
GORG_SAMEA6071918_SAGS_AG904G21,0,0,0,Alpha-Pelagibacter,75.47,SAG
GORG_SAMEA6071921_SAGS_AG904I05,0,0,0,Alpha-Pelagibacter,77.28,SAG
GORG_SAMEA6075585_SAGS_AG390A05,0,0,0,Bacteroidota,92.89,SAG
GORG_SAMEA6075595_SAGS_AG390A19,0,0,0,Alpha-Other,82.02,SAG
GORG_SAMEA6075598_SAGS_AG390A22,0,0,0,Alpha-Pelagibacter,75.44,SAG
GORG_SAMEA6075599_SAGS_AG390A23,0,0,0,Alpha-Pelagibacter,82.16,SAG
GORG_SAMEA6075614_SAGS_AG390B19,0,0,0,Actinobacteriota,76.07,SAG
GORG_SAMEA6075621_SAGS_AG390C05,0,0,0,Bacteroidota,77.79,SAG
GORG_SAMEA6075631_SAGS_AG390C17,0,0,0,Alpha-Pelagibacter,90.49,SAG
GORG_SAMEA6075638_SAGS_AG390D02,0,0,0,Alpha-Pelagibacter,75.5,SAG
GORG_SAMEA6073156_SAGS_AG911I23,0,0,0,Alpha-Pelagibacter,78.17,SAG
GORG_SAMEA6073161_SAGS_AG911J07,0,0,0,Alpha-Pelagibacter,83.11,SAG
GORG_SAMEA6073284_SAGS_AG912B21,0,0,0,Alpha-Other,90.68,SAG
GORG_SAMEA6073290_SAGS_AG912C08,0,0,0,Alpha-Pelagibacter,90,SAG
GORG_SAMEA6073296_SAGS_AG912C16,0,0,0,Alpha-Pelagibacter,75.57,SAG
GORG_SAMEA6073303_SAGS_AG912D10,0,0,0,Alpha-Pelagibacter,89.12,SAG
GORG_SAMEA6073308_SAGS_AG912D17,0,0,0,Alpha-Pelagibacter,85.88,SAG
GORG_SAMEA6073323_SAGS_AG912F03,0,0,0,Alpha-Other,91.46,SAG
GORG_SAMEA6073332_SAGS_AG912F16,0,0,0,Alpha-Pelagibacter,87.58,SAG
GORG_SAMEA6073345_SAGS_AG912G22,0,0,0,Alpha-Pelagibacter,95.8,SAG
GORG_SAMEA6073366_SAGS_AG912J06,0,0,0,Alpha-Pelagibacter,87.24,SAG
GORG_SAMEA6073367_SAGS_AG912J07,0,0,0,Alpha-Other,91.05,SAG
GORG_SAMEA6079785_SAGS_AG430B22,0,0,0,Alpha-Other,75.75,SAG
GORG_SAMEA6079833_SAGS_AG430F03,0,0,0,Alpha-Pelagibacter,92.68,SAG
GORG_SAMEA6079858_SAGS_AG430G11,0,0,0,Alpha-Pelagibacter,91.21,SAG
GORG_SAMEA6079859_SAGS_AG430G14,0,0,0,Alpha-Pelagibacter,83.23,SAG
GORG_SAMEA6079872_SAGS_AG430I06,0,0,0,Alpha-Pelagibacter,84.33,SAG
GORG_SAMEA6079876_SAGS_AG430I13,0,0,0,Alpha-Pelagibacter,86.06,SAG
GORG_SAMEA6079880_SAGS_AG430I18,0,0,0,Alpha-Pelagibacter,88.62,SAG
GORG_SAMEA6079885_SAGS_AG430J04,0,0,0,Alpha-Pelagibacter,83.18,SAG
GORG_SAMEA6079903_SAGS_AG430K07,0,0,0,Alpha-Pelagibacter,79.21,SAG
GORG_SAMEA6079911_SAGS_AG430K19,0,0,0,Alpha-Pelagibacter,84.06,SAG
GORG_SAMEA6069827_SAGS_AG892O09,0,0,0,Alpha-Other,92.01,SAG
GORG_SAMEA6069833_SAGS_AG892O16,0,0,0,Alpha-Other,88.2,SAG
GORG_SAMEA6069836_SAGS_AG892O19,0,0,0,Alpha-Pelagibacter,81.19,SAG
GORG_SAMEA6069857_SAGS_AG893A06,0,0,0,Alpha-Other,96.88,SAG
GORG_SAMEA6069862_SAGS_AG893A21,0,0,0,Alpha-Other,91.87,SAG
GORG_SAMEA6069868_SAGS_AG893B10,0,0,0,Alpha-Pelagibacter,77.78,SAG
GORG_SAMEA6069886_SAGS_AG893D09,0,0,0,Gamma-SAR86,79.3,SAG
GORG_SAMEA6069902_SAGS_AG893E11,0,0,0,Alpha-Other,81.6,SAG
GORG_SAMEA6069904_SAGS_AG893E15,0,0,0,Alpha-Other,89.52,SAG
GORG_SAMEA6069905_SAGS_AG893E16,0,0,0,Alpha-Other,84.86,SAG
GORG_SAMEA6069907_SAGS_AG893E21,0,0,0,Alpha-Other,93.09,SAG
GORG_SAMEA6069909_SAGS_AG893E23,0,0,0,Alpha-Other,94.41,SAG
GORG_SAMEA6069912_SAGS_AG893F05,0,0,0,Alpha-Other,91.9,SAG
GORG_SAMEA6069913_SAGS_AG893F11,0,0,0,Alpha-Pelagibacter,96.76,SAG
GORG_SAMEA6069922_SAGS_AG893G05,0,0,0,Alpha-Other,84.9,SAG
GORG_SAMEA6074960_SAGS_AG920I06,0,0,0,Alpha-Pelagibacter,79.88,SAG
GORG_SAMEA6074969_SAGS_AG920I21,0,0,0,Alpha-Pelagibacter,79.57,SAG
GORG_SAMEA6074970_SAGS_AG920I22,0,0,0,Alpha-Other,80.45,SAG
GORG_SAMEA6074971_SAGS_AG920I23,0,0,0,Alpha-Pelagibacter,85.78,SAG
GORG_SAMEA6074973_SAGS_AG920J04,0,0,0,Alpha-Pelagibacter,87.8,SAG
GORG_SAMEA6074974_SAGS_AG920J05,0,0,0,Actinobacteriota,81.94,SAG
GORG_SAMEA6074978_SAGS_AG920J13,0,0,0,Alpha-Other,78.66,SAG
GORG_SAMEA6074990_SAGS_AG920K10,0,0,0,Alpha-Other,79.5,SAG
GORG_SAMEA6074995_SAGS_AG920K17,0,0,0,Alpha-Other,88.16,SAG
GORG_SAMEA6075002_SAGS_AG920L07,0,0,0,Alpha-Pelagibacter,95.2,SAG
GORG_SAMEA6075008_SAGS_AG920L18,0,0,0,Alpha-Pelagibacter,80.99,SAG
GORG_SAMEA6075009_SAGS_AG920L19,0,0,0,Alpha-Pelagibacter,90.79,SAG
GORG_SAMEA6075010_SAGS_AG920L20,0,0,0,Alpha-Pelagibacter,90.41,SAG
GORG_SAMEA6075017_SAGS_AG920M14,0,0,0,Cyano-Pro,89.83,SAG
GORG_SAMEA6072164_SAGS_AG905M05,0,0,0,Alpha-Pelagibacter,93.52,SAG
GORG_SAMEA6072182_SAGS_AG905N15,0,0,0,Alpha-Other,75.06,SAG
GORG_SAMEA6072193_SAGS_AG905O08,0,0,0,Alpha-Pelagibacter,89.78,SAG
GORG_SAMEA6072230_SAGS_AG907B04,0,0,0,Alpha-Other,86.72,SAG
GORG_SAMEA6072235_SAGS_AG907B09,0,0,0,Alpha-Pelagibacter,85.42,SAG
GORG_SAMEA6075373_SAGS_AG404B04,0,0,0,Alpha-Pelagibacter,81.01,SAG
GORG_SAMEA6075380_SAGS_AG404B13,0,0,0,Alpha-Other,94.11,SAG
GORG_SAMEA6075381_SAGS_AG404B14,0,0,0,Alpha-Pelagibacter,79.64,SAG
GORG_SAMEA6075390_SAGS_AG404C02,0,0,0,Alpha-Pelagibacter,76.46,SAG
GORG_SAMEA6072848_SAGS_AG910B10,0,0,0,Alpha-Pelagibacter,78.58,SAG
GORG_SAMEA6072870_SAGS_AG910C18,0,0,0,Alpha-Pelagibacter,75.73,SAG
GORG_SAMEA6072882_SAGS_AG910D13,0,0,0,Alpha-Other,82.8,SAG
GORG_SAMEA6072892_SAGS_AG910E04,0,0,0,Alpha-Pelagibacter,77.18,SAG
GORG_SAMEA6072924_SAGS_AG910G11,0,0,0,Alpha-Pelagibacter,84.1,SAG
GORG_SAMEA6072930_SAGS_AG910G21,0,0,0,Alpha-Pelagibacter,76.8,SAG
GORG_SAMEA6076328_SAGS_AG422K17,0,0,0,Alpha-Pelagibacter,85.7,SAG
GORG_SAMEA6076344_SAGS_AG422L15,0,0,0,Alpha-Pelagibacter,94.6,SAG
GORG_SAMEA6076353_SAGS_AG422M03,0,0,0,Alpha-Rhodobacter-LowGC,83.65,SAG
GORG_SAMEA6076366_SAGS_AG422N03,0,0,0,Alpha-Other,87.38,SAG
GORG_SAMEA6076375_SAGS_AG422N14,0,0,0,Alpha-Pelagibacter,79,SAG
GORG_SAMEA6076376_SAGS_AG422N15,0,0,0,Alpha-Pelagibacter,89.67,SAG
TARA_SAMEA2621045_METAG_DNCLMMDC,0,0,0,Archaea-Poseidoniia MGIIb,81.71,MAG
GORG_SAMEA6069169_SAGS_AG360I06,0,0,0,Alpha-Pelagibacter,78.18,SAG
GORG_SAMEA6069214_SAGS_AG360L03,0,0,0,Gamma-Other,75.9,SAG
GORG_SAMEA6069239_SAGS_AG360M22,0,0,0,Alpha-Pelagibacter,77.44,SAG
GORG_SAMEA6071447_SAGS_AG901A19,0,0,0,Gamma-SAR86,79.32,SAG
GORG_SAMEA6071452_SAGS_AG901B05,0,0,0,Alpha-Pelagibacter,78.06,SAG
GORG_SAMEA6071460_SAGS_AG901B17,0,0,0,Alpha-Pelagibacter,81.88,SAG
GORG_SAMEA6071493_SAGS_AG901D23,0,0,0,Bacteroidota,86.54,SAG
GORG_SAMEA6071497_SAGS_AG901E05,0,0,0,Bacteroidota,84.64,SAG
GORG_SAMEA6071538_SAGS_AG901I06,0,0,0,Alpha-Pelagibacter,75.44,SAG
GORG_SAMEA6073070_SAGS_AG911B04,0,0,0,Alpha-Pelagibacter,86.18,SAG
GORG_SAMEA6073085_SAGS_AG911C08,0,0,0,Alpha-Other,92.06,SAG
GORG_SAMEA6073106_SAGS_AG911D18,0,0,0,Alpha-Pelagibacter,84.62,SAG
GORG_SAMEA6073112_SAGS_AG911E04,0,0,0,Alpha-Pelagibacter,78.82,SAG
GORG_SAMEA6073113_SAGS_AG911E05,0,0,0,Alpha-Pelagibacter,78.71,SAG
GORG_SAMEA6073122_SAGS_AG911F11,0,0,0,Alpha-Pelagibacter,77.36,SAG
GORG_SAMEA6073124_SAGS_AG911F16,0,0,0,Alpha-Rhodobacter-LowGC,81.18,SAG
GORG_SAMEA6073138_SAGS_AG911G13,0,0,0,Alpha-Pelagibacter,93.68,SAG
GORG_SAMEA6073144_SAGS_AG911I02,0,0,0,Alpha-Other,86.96,SAG
GORG_SAMEA6073157_SAGS_AG911J02,0,0,0,Alpha-Other,76.79,SAG
GORG_SAMEA6073162_SAGS_AG911J10,0,0,0,Alpha-Other,76.03,SAG
GORG_SAMEA6073197_SAGS_AG911L11,0,0,0,Alpha-Pelagibacter,83.58,SAG
GORG_SAMEA6073202_SAGS_AG911L18,0,0,0,Alpha-Pelagibacter,76.85,SAG
GORG_SAMEA6079625_SAGS_AG426I15,0,0,0,Alpha-Pelagibacter,89.54,SAG
GORG_SAMEA6079629_SAGS_AG426I21,0,0,0,Alpha-Other,92.43,SAG
GORG_SAMEA6079632_SAGS_AG426J02,0,0,0,Dadabacteria,80.83,SAG
GORG_SAMEA6079638_SAGS_AG426J10,0,0,0,Alpha-Other,90.93,SAG
GORG_SAMEA6079646_SAGS_AG426J21,0,0,0,Alpha-Pelagibacter,76.8,SAG
GORG_SAMEA6079671_SAGS_AG426L07,0,0,0,Cyano-Pro,76.85,SAG
GORG_SAMEA6079677_SAGS_AG426L15,0,0,0,Alpha-Pelagibacter,87.51,SAG
GORG_SAMEA6079679_SAGS_AG426L19,0,0,0,Alpha-Pelagibacter,80.56,SAG
GORG_SAMEA6079681_SAGS_AG426L21,0,0,0,Actinobacteriota,77.44,SAG
GORG_SAMEA6079697_SAGS_AG426M19,0,0,0,Alpha-Pelagibacter,85.46,SAG
GORG_SAMEA6079702_SAGS_AG426N02,0,0,0,Cyano-Pro,75.97,SAG
GORG_SAMEA6079738_SAGS_AG426P08,0,0,0,Alpha-Pelagibacter,92.96,SAG
GORG_SAMEA6079751_SAGS_AG426P23,0,0,0,Alpha-Pelagibacter,76.68,SAG
GORG_SAMEA6079753_SAGS_AG430A02,0,0,0,Alpha-Pelagibacter,82.51,SAG
GORG_SAMEA6079759_SAGS_AG430A11,0,0,0,Alpha-Pelagibacter,90.34,SAG
GORG_SAMEA6067689_SAGS_AH287A18,0,0,0,Alpha-Pelagibacter,81.02,SAG
GORG_SAMEA6067690_SAGS_AH287A19,0,0,0,Alpha-Pelagibacter,75.68,SAG
GORG_SAMEA6067699_SAGS_AH287B07,0,0,0,Alpha-Pelagibacter,88.32,SAG
GORG_SAMEA6067703_SAGS_AH287B11,0,0,0,Actinobacteriota,75.35,SAG
GORG_SAMEA6067706_SAGS_AH287B15,0,0,0,Gamma-Other,77.46,SAG
GORG_SAMEA6067718_SAGS_AH287C09,0,0,0,Alpha-Pelagibacter,78.6,SAG
GORG_SAMEA6067721_SAGS_AH287C13,0,0,0,Alpha-Pelagibacter,86.12,SAG
GORG_SAMEA6069936_SAGS_AG893I03,0,0,0,Alpha-Other,87.38,SAG
GORG_SAMEA6069954_SAGS_AG893J08,0,0,0,Alpha-Pelagibacter,94.6,SAG
GORG_SAMEA6069962_SAGS_AG893J20,0,0,0,Alpha-Pelagibacter,75.84,SAG
GORG_SAMEA6069971_SAGS_AG893K09,0,0,0,Alpha-Pelagibacter,95.24,SAG
GORG_SAMEA6069987_SAGS_AG893L10,0,0,0,Alpha-Other,80.9,SAG
GORG_SAMEA6069988_SAGS_AG893L13,0,0,0,Alpha-Pelagibacter,85.29,SAG
GORG_SAMEA6070004_SAGS_AG893M17,0,0,0,Alpha-Other,89.56,SAG
GORG_SAMEA6070009_SAGS_AG893M22,0,0,0,Alpha-Pelagibacter,86.72,SAG
GORG_SAMEA6070013_SAGS_AG893N07,0,0,0,Alpha-Pelagibacter,84.14,SAG
GORG_SAMEA6070020_SAGS_AG893N20,0,0,0,Gamma-SAR86,76.64,SAG
GORG_SAMEA6070021_SAGS_AG893N22,0,0,0,Alpha-Pelagibacter,81.03,SAG
GORG_SAMEA6070025_SAGS_AG893O06,0,0,0,Alpha-Other,86.18,SAG
GORG_SAMEA6068878_SAGS_AG359B05,0,0,0,Alpha-Pelagibacter,88.58,SAG
GORG_SAMEA6068887_SAGS_AG359C02,0,0,0,Alpha-Other,76.22,SAG
GORG_SAMEA6068902_SAGS_AG359D09,0,0,0,Alpha-Pelagibacter,90.54,SAG
GORG_SAMEA6068928_SAGS_AG359F04,0,0,0,Alpha-Pelagibacter,87.24,SAG
GORG_SAMEA6068944_SAGS_AG359G06,0,0,0,Alpha-Pelagibacter,83.52,SAG
GORG_SAMEA6068946_SAGS_AG359G09,0,0,0,Alpha-Other,83.35,SAG
GORG_SAMEA6068952_SAGS_AG359G17,0,0,0,Alpha-Pelagibacter,86.67,SAG
GORG_SAMEA6068953_SAGS_AG359G18,0,0,0,Alpha-Pelagibacter,82.56,SAG
GORG_SAMEA6068961_SAGS_AG359I06,0,0,0,Alpha-Other,80,SAG
GORG_SAMEA6071173_SAGS_AG899M07,0,0,0,Alpha-Pelagibacter,89,SAG
GORG_SAMEA6071179_SAGS_AG899M17,0,0,0,Alpha-Other,83.24,SAG
GORG_SAMEA6071181_SAGS_AG899M19,0,0,0,Alpha-Pelagibacter,85.74,SAG
GORG_SAMEA6071193_SAGS_AG899N21,0,0,0,Alpha-Pelagibacter,85,SAG
GORG_SAMEA6071198_SAGS_AG899O04,0,0,0,Alpha-Pelagibacter,93.16,SAG
GORG_SAMEA6071209_SAGS_AG899O20,0,0,0,Alpha-Other,76.3,SAG
GORG_SAMEA6071220_SAGS_AG899P09,0,0,0,Alpha-Pelagibacter,80,SAG
GORG_SAMEA6072453_SAGS_AG908B08,0,0,0,Planctomycetota,83,SAG
GORG_SAMEA6072474_SAGS_AG908C17,0,0,0,Alpha-Pelagibacter,79.64,SAG
GORG_SAMEA6072498_SAGS_AG908E09,0,0,0,Actinobacteriota,75.35,SAG
GORG_SAMEA6072503_SAGS_AG908E18,0,0,0,Alpha-Pelagibacter,75.92,SAG
GORG_SAMEA6072519_SAGS_AG908F18,0,0,0,Alpha-Pelagibacter,76.76,SAG
GORG_SAMEA6072521_SAGS_AG908F20,0,0,0,Alpha-Pelagibacter,81.47,SAG
GORG_SAMEA6072538_SAGS_AG908I10,0,0,0,Alpha-Pelagibacter,80.35,SAG
GORG_SAMEA6072544_SAGS_AG908I21,0,0,0,Alpha-Pelagibacter,86.18,SAG
GORG_SAMEA6075873_SAGS_AG414A03,0,0,0,Alpha-Pelagibacter,78.41,SAG
GORG_SAMEA6075883_SAGS_AG414A23,0,0,0,Alpha-Pelagibacter,75.64,SAG
GORG_SAMEA6075887_SAGS_AG414B08,0,0,0,Alpha-Pelagibacter,83.43,SAG
GORG_SAMEA6076117_SAGS_AG410K05,0,0,0,Alpha-Pelagibacter,82.1,SAG
TARA_SAMEA2621045_METAG_DDDHCBOE,0,0,0,Archaea-Poseidoniia MGIIb,75.83,MAG
GORG_SAMEA6076134_SAGS_AG410L19,0,0,0,Alpha-Pelagibacter,93.3,SAG
GORG_SAMEA6076153_SAGS_AG410O02,0,0,0,Alpha-Pelagibacter,87.4,SAG
GORG_SAMEA6073587_SAGS_AG913K15,0,0,0,Alpha-Pelagibacter,78.61,SAG
GORG_SAMEA6073589_SAGS_AG913K21,0,0,0,Alpha-Pelagibacter,84.62,SAG
GORG_SAMEA6073591_SAGS_AG913L03,0,0,0,Alpha-Pelagibacter,93.43,SAG
GORG_SAMEA6073608_SAGS_AG913M07,0,0,0,Alpha-Other,83.95,SAG
GORG_SAMEA6073610_SAGS_AG913M13,0,0,0,Alpha-Pelagibacter,91.72,SAG
GORG_SAMEA6073622_SAGS_AG913N09,0,0,0,Alpha-Pelagibacter,85.94,SAG
GORG_SAMEA6073642_SAGS_AG913O21,0,0,0,Alpha-Pelagibacter,81.96,SAG
GORG_SAMEA6073666_SAGS_AG914A17,0,0,0,Alpha-Other,79.08,SAG
GORG_SAMEA6073679_SAGS_AG914B17,0,0,0,Alpha-Pelagibacter,75.96,SAG
GORG_SAMEA6080234_SAGS_AG439C18,0,0,0,Alpha-Pelagibacter,91.24,SAG
GORG_SAMEA6080236_SAGS_AG439C21,0,0,0,Alpha-Pelagibacter,75.1,SAG
GORG_SAMEA6080241_SAGS_AG439D05,0,0,0,Alpha-Pelagibacter,86.49,SAG
GORG_SAMEA6080274_SAGS_AG439G13,0,0,0,Alpha-Pelagibacter,81.57,SAG
GORG_SAMEA6080277_SAGS_AG439G19,0,0,0,Alpha-Pelagibacter,80.47,SAG
GORG_SAMEA6072752_SAGS_AG909K20,0,0,0,Alpha-Other,79.37,SAG
GORG_SAMEA6072785_SAGS_AG909N06,0,0,0,Alpha-Pelagibacter,79.8,SAG
GORG_SAMEA6072797_SAGS_AG909N22,0,0,0,Alpha-Pelagibacter,82.58,SAG
GORG_SAMEA6072808_SAGS_AG909O16,0,0,0,Alpha-Pelagibacter,75.72,SAG
GORG_SAMEA6072845_SAGS_AG910B05,0,0,0,Alpha-Pelagibacter,79.33,SAG
GORG_SAMEA6076233_SAGS_AG422D21,0,0,0,Cyano-Pro,75.08,SAG
GORG_SAMEA6076235_SAGS_AG422D23,0,0,0,Alpha-Pelagibacter,86.15,SAG
GORG_SAMEA6076236_SAGS_AG422E02,0,0,0,Alpha-Other,94.71,SAG
GORG_SAMEA6076260_SAGS_AG422F15,0,0,0,Alpha-Pelagibacter,85.1,SAG
GORG_SAMEA6076276_SAGS_AG422G15,0,0,0,Alpha-Pelagibacter,83.18,SAG
GORG_SAMEA6076301_SAGS_AG422J03,0,0,0,Alpha-Pelagibacter,76.44,SAG
GORG_SAMEA6076309_SAGS_AG422J16,0,0,0,Alpha-Other,93.86,SAG
GORG_SAMEA6076313_SAGS_AG422J20,0,0,0,Alpha-Pelagibacter,80.12,SAG
GORG_SAMEA6076316_SAGS_AG422J23,0,0,0,Actinobacteriota,81.88,SAG
GORG_SAMEA6079011_SAGS_AG461K07,0,0,0,Alpha-Pelagibacter,81.12,SAG
GORG_SAMEA6079029_SAGS_AG461L09,0,0,0,Alpha-Pelagibacter,91.35,SAG
GORG_SAMEA6079050_SAGS_AG461M18,0,0,0,Alpha-Pelagibacter,90.15,SAG
GORG_SAMEA6069629_SAGS_AG891P17,0,0,0,Alpha-Other,82.08,SAG
GORG_SAMEA6069632_SAGS_AG891P20,0,0,0,Alpha-Other,86.9,SAG
GORG_SAMEA6069640_SAGS_AG892A09,0,0,0,Marinisomatota,85.71,SAG
GORG_SAMEA6069648_SAGS_AG892A22,0,0,0,Alpha-Pelagibacter,91.9,SAG
GORG_SAMEA6069652_SAGS_AG892B06,0,0,0,Alpha-Other,82.08,SAG
GORG_SAMEA6069657_SAGS_AG892B11,0,0,0,Alpha-Pelagibacter,88.29,SAG
GORG_SAMEA6069670_SAGS_AG892C08,0,0,0,Alpha-Pelagibacter,78.73,SAG
GORG_SAMEA6069672_SAGS_AG892C11,0,0,0,Alpha-Pelagibacter,82.84,SAG
GORG_SAMEA6069683_SAGS_AG892D04,0,0,0,Alpha-Other,90.69,SAG
GORG_SAMEA6069687_SAGS_AG892D10,0,0,0,Alpha-Other,81.35,SAG
GORG_SAMEA6069701_SAGS_AG892E08,0,0,0,Alpha-Pelagibacter,88.79,SAG
GORG_SAMEA6069718_SAGS_AG892F15,0,0,0,Alpha-Pelagibacter,96.52,SAG
GORG_SAMEA6069726_SAGS_AG892G03,0,0,0,Alpha-Other,76.08,SAG
GORG_SAMEA6074755_SAGS_AG919F21,0,0,0,Alpha-Pelagibacter,89.55,SAG
GORG_SAMEA6074756_SAGS_AG919F22,0,0,0,Alpha-Pelagibacter,79.62,SAG
GORG_SAMEA6074759_SAGS_AG919G06,0,0,0,Alpha-Other,83.84,SAG
GORG_SAMEA6074765_SAGS_AG919G14,0,0,0,Actinobacteriota,80.9,SAG
GORG_SAMEA6074775_SAGS_AG919I11,0,0,0,Alpha-Pelagibacter,82.56,SAG
GORG_SAMEA6074776_SAGS_AG919I13,0,0,0,Alpha-Pelagibacter,93.28,SAG
GORG_SAMEA6074804_SAGS_AG919K16,0,0,0,Alpha-Pelagibacter,81.47,SAG
GORG_SAMEA6074805_SAGS_AG919K20,0,0,0,Alpha-Pelagibacter,83.42,SAG
GORG_SAMEA6074807_SAGS_AG919L02,0,0,0,Alpha-Pelagibacter,92.32,SAG
GORG_SAMEA6074808_SAGS_AG919L04,0,0,0,Actinobacteriota,80.93,SAG
GORG_SAMEA6074813_SAGS_AG919L14,0,0,0,Alpha-Pelagibacter,88.06,SAG
GORG_SAMEA6074816_SAGS_AG919L18,0,0,0,Bacteroidota,75.88,SAG
GORG_SAMEA6074817_SAGS_AG919L19,0,0,0,Actinobacteriota,75.1,SAG
GORG_SAMEA6074824_SAGS_AG919M05,0,0,0,Alpha-Pelagibacter,91.71,SAG
GORG_SAMEA6074829_SAGS_AG919M14,0,0,0,Bacteroidota,75.04,SAG
GORG_SAMEA6074839_SAGS_AG919N08,0,0,0,Alpha-Other,90.56,SAG
GORG_SAMEA6074852_SAGS_AG919O02,0,0,0,Alpha-Pelagibacter,88.4,SAG
GORG_SAMEA6071007_SAGS_AG898P13,0,0,0,Alpha-Pelagibacter,80.68,SAG
GORG_SAMEA6071012_SAGS_AG898P18,0,0,0,Alpha-Pelagibacter,78.72,SAG
GORG_SAMEA6071019_SAGS_AG899A06,0,0,0,Alpha-Pelagibacter,85.52,SAG
GORG_SAMEA6071031_SAGS_AG899B09,0,0,0,Alpha-Pelagibacter,86,SAG
GORG_SAMEA6075167_SAGS_AG349D19,0,0,0,Alpha-Pelagibacter,75.69,SAG
GORG_SAMEA6075175_SAGS_AG349E07,0,0,0,Actinobacteriota,78.79,SAG
GORG_SAMEA6075199_SAGS_AG349F22,0,0,0,Alpha-Pelagibacter,77.07,SAG
GORG_SAMEA6075219_SAGS_AG349I05,0,0,0,Alpha-Pelagibacter,86.9,SAG
GORG_SAMEA6075225_SAGS_AG349I13,0,0,0,Gamma-SAR86,78.3,SAG
GORG_SAMEA6075245_SAGS_AG349J18,0,0,0,Alpha-Rhodobacter-LowGC,81.06,SAG
GORG_SAMEA6075252_SAGS_AG349K05,0,0,0,Alpha-Pelagibacter,78.48,SAG
GORG_SAMEA6071339_SAGS_AG900I16,0,0,0,Gamma-SAR86,86.42,SAG
GORG_SAMEA6071341_SAGS_AG900I19,0,0,0,Alpha-Pelagibacter,94.54,SAG
GORG_SAMEA6071358_SAGS_AG900K04,0,0,0,Bacteroidota,75.74,SAG
GORG_SAMEA6071363_SAGS_AG900K11,0,0,0,Alpha-Other,80.28,SAG
GORG_SAMEA6071368_SAGS_AG900K21,0,0,0,Alpha-Pelagibacter,92.72,SAG
GORG_SAMEA6071396_SAGS_AG900M23,0,0,0,Alpha-Pelagibacter,81.98,SAG
GORG_SAMEA6072960_SAGS_AG910J22,0,0,0,Alpha-Pelagibacter,78.85,SAG
GORG_SAMEA6072993_SAGS_AG910M02,0,0,0,Bacteroidota,77.76,SAG
GORG_SAMEA6073009_SAGS_AG910M21,0,0,0,Alpha-Pelagibacter,89.02,SAG
GORG_SAMEA6073028_SAGS_AG910O03,0,0,0,Alpha-Pelagibacter,79.07,SAG
GORG_SAMEA6079533_SAGS_AG426B11,0,0,0,Alpha-Pelagibacter,84.82,SAG
GORG_SAMEA6079543_SAGS_AG426C04,0,0,0,Alpha-Pelagibacter,83.54,SAG
GORG_SAMEA6079561_SAGS_AG426D09,0,0,0,Alpha-Pelagibacter,87.16,SAG
GORG_SAMEA6079572_SAGS_AG426D23,0,0,0,Actinobacteriota,76.63,SAG
GORG_SAMEA6079576_SAGS_AG426E05,0,0,0,Gamma-Other,77.02,SAG
GORG_SAMEA6079585_SAGS_AG426E17,0,0,0,Alpha-Pelagibacter,96.76,SAG
GORG_SAMEA6079593_SAGS_AG426F10,0,0,0,Alpha-Pelagibacter,81.72,SAG
GORG_SAMEA6079594_SAGS_AG426F11,0,0,0,Alpha-Pelagibacter,78.61,SAG
GORG_SAMEA6079597_SAGS_AG426F15,0,0,0,Alpha-Pelagibacter,79.96,SAG
GORG_SAMEA6079603_SAGS_AG426G02,0,0,0,Alpha-Pelagibacter,78.26,SAG
GORG_SAMEA6079609_SAGS_AG426G09,0,0,0,Alpha-Pelagibacter,81.32,SAG
TARA_SAMEA2622452_METAG_NMJGJDLI,0,0,0,Archaea-Other,83.41,MAG
GORG_SAMEA6079617_SAGS_AG426I05,0,0,0,Gamma-Other,84.24,SAG
GORG_SAMEA6079621_SAGS_AG426I10,0,0,0,Alpha-Pelagibacter,89.98,SAG
GORG_SAMEA6068972_SAGS_AG359I22,0,0,0,Bacteroidota,75.05,SAG
GORG_SAMEA6069019_SAGS_AG359L21,0,0,0,Alpha-Rhodobacter-LowGC,78.98,SAG
GORG_SAMEA6069031_SAGS_AG359M21,0,0,0,Alpha-Pelagibacter,91.77,SAG
GORG_SAMEA6069038_SAGS_AG359N14,0,0,0,Actinobacteriota,78.15,SAG
GORG_SAMEA6069039_SAGS_AG359N17,0,0,0,Alpha-Pelagibacter,75,SAG
GORG_SAMEA6069043_SAGS_AG359N22,0,0,0,Alpha-Pelagibacter,75.87,SAG
GORG_SAMEA6069045_SAGS_AG359O02,0,0,0,Alpha-Pelagibacter,82.58,SAG
GORG_SAMEA6069050_SAGS_AG359O10,0,0,0,Alpha-Other,76.18,SAG
GORG_SAMEA6069062_SAGS_AG359P18,0,0,0,Alpha-Pelagibacter,86.56,SAG
GORG_SAMEA6069064_SAGS_AG359P21,0,0,0,Alpha-Pelagibacter,76.76,SAG
GORG_SAMEA6071259_SAGS_AG900C07,0,0,0,Alpha-Pelagibacter,78.82,SAG
GORG_SAMEA6071295_SAGS_AG900E18,0,0,0,Alpha-Pelagibacter,79.12,SAG
GORG_SAMEA6071319_SAGS_AG900G06,0,0,0,Alpha-Other,75.47,SAG
GORG_SAMEA6071327_SAGS_AG900G16,0,0,0,Alpha-Pelagibacter,90.94,SAG
GORG_SAMEA6071330_SAGS_AG900G22,0,0,0,Alpha-Pelagibacter,82.6,SAG
GORG_SAMEA6071336_SAGS_AG900I13,0,0,0,Alpha-Pelagibacter,95.8,SAG
GORG_SAMEA6074199_SAGS_AG916I18,0,0,0,Actinobacteriota,78.14,SAG
GORG_SAMEA6074200_SAGS_AG916I19,0,0,0,Alpha-Other,89.72,SAG
GORG_SAMEA6074382_SAGS_AG917F16,0,0,0,Alpha-Pelagibacter,92.43,SAG
GORG_SAMEA6074384_SAGS_AG917F18,0,0,0,Alpha-Pelagibacter,95.56,SAG
GORG_SAMEA6074393_SAGS_AG917G09,0,0,0,Alpha-Pelagibacter,79.86,SAG
GORG_SAMEA6074395_SAGS_AG917G13,0,0,0,Alpha-Other,81.47,SAG
GORG_SAMEA6074411_SAGS_AG917I17,0,0,0,Alpha-Pelagibacter,77.68,SAG
GORG_SAMEA6074416_SAGS_AG917J06,0,0,0,Alpha-Pelagibacter,88.98,SAG
GORG_SAMEA6074420_SAGS_AG917J15,0,0,0,Bacteroidota,83.62,SAG
GORG_SAMEA6078647_SAGS_AG457B14,0,0,0,Alpha-Pelagibacter,80.76,SAG
GORG_SAMEA6078704_SAGS_AG457E22,0,0,0,Alpha-Other,76.79,SAG
TARA_SAMEA2622376_METAG_HDKANBFN,0,0,0,Archaea-Poseidoniia MGIIb,83.78,MAG
GORG_SAMEA6074111_SAGS_AG916B11,0,0,0,Alpha-Pelagibacter,78.38,SAG
GORG_SAMEA6076636_SAGS_AG447N02,0,0,0,Alpha-Pelagibacter,75.04,SAG
GORG_SAMEA6070246_SAGS_AG894O09,0,0,0,Alpha-Pelagibacter,89.03,SAG
GORG_SAMEA6070249_SAGS_AG894O14,0,0,0,Bacteroidota,80,SAG
GORG_SAMEA6070262_SAGS_AG894P10,0,0,0,Gamma-Other,79.62,SAG
GORG_SAMEA6070272_SAGS_AG894P23,0,0,0,Alpha-Pelagibacter,83.38,SAG
GORG_SAMEA6070275_SAGS_AG895A09,0,0,0,Alpha-Other,85.39,SAG
GORG_SAMEA6070276_SAGS_AG895A10,0,0,0,Cyano-Pro,81.76,SAG
GORG_SAMEA6070285_SAGS_AG895B06,0,0,0,Alpha-Pelagibacter,82.26,SAG
GORG_SAMEA6070294_SAGS_AG895B19,0,0,0,Alpha-Pelagibacter,82.13,SAG
GORG_SAMEA6070309_SAGS_AG895D04,0,0,0,Alpha-Other,79.26,SAG
GORG_SAMEA6070313_SAGS_AG895D09,0,0,0,Alpha-Other,75.36,SAG
GORG_SAMEA6070321_SAGS_AG895E03,0,0,0,Bacteroidota,87.8,SAG
GORG_SAMEA6070324_SAGS_AG895E07,0,0,0,Alpha-Other,84.8,SAG
GORG_SAMEA6070327_SAGS_AG895E15,0,0,0,Alpha-Pelagibacter,87.26,SAG
GORG_SAMEA6077714_SAGS_AG333M03,0,0,0,Alpha-Pelagibacter,84.38,SAG
GORG_SAMEA6077756_SAGS_AG333O05,0,0,0,Alpha-Pelagibacter,75.72,SAG
GORG_SAMEA6077778_SAGS_AG333P08,0,0,0,Alpha-Pelagibacter,79.99,SAG
GORG_SAMEA6077807_SAGS_AG337A23,0,0,0,Alpha-Pelagibacter,77.12,SAG
GORG_SAMEA6073796_SAGS_AG914K18,0,0,0,Alpha-Pelagibacter,79.39,SAG
GORG_SAMEA6073825_SAGS_AG914M14,0,0,0,Alpha-Pelagibacter,87.62,SAG
GORG_SAMEA6073834_SAGS_AG914N11,0,0,0,Alpha-Pelagibacter,87.98,SAG
GORG_SAMEA6073850_SAGS_AG914O08,0,0,0,Alpha-Other,75.44,SAG
GORG_SAMEA6073853_SAGS_AG914O14,0,0,0,Alpha-Other,80.54,SAG
GORG_SAMEA6073863_SAGS_AG914P04,0,0,0,Alpha-Other,76.32,SAG
GORG_SAMEA6073866_SAGS_AG914P09,0,0,0,Alpha-Pelagibacter,77.24,SAG
GORG_SAMEA6073873_SAGS_AG914P22,0,0,0,Alpha-Pelagibacter,85.22,SAG
GORG_SAMEA6073874_SAGS_AG914P23,0,0,0,Alpha-Pelagibacter,79.93,SAG
GORG_SAMEA6073904_SAGS_AG915B23,0,0,0,Alpha-Pelagibacter,80.05,SAG
GORG_SAMEA6073907_SAGS_AG915C06,0,0,0,Alpha-Other,82.69,SAG
GORG_SAMEA6073919_SAGS_AG915D04,0,0,0,Gamma-SAR86,77.5,SAG
GORG_SAMEA6073922_SAGS_AG915D08,0,0,0,Alpha-Pelagibacter,89.94,SAG
GORG_SAMEA6073936_SAGS_AG915E06,0,0,0,Alpha-Pelagibacter,82,SAG
GORG_SAMEA6076444_SAGS_AG447B22,0,0,0,Alpha-Pelagibacter,80.6,SAG
GORG_SAMEA6076451_SAGS_AG447C08,0,0,0,Alpha-Pelagibacter,92.72,SAG
GORG_SAMEA6076498_SAGS_AG447E19,0,0,0,Alpha-Pelagibacter,84.68,SAG
GORG_SAMEA6079335_SAGS_AG470D02,0,0,0,Alpha-Pelagibacter,85.01,SAG
GORG_SAMEA6079343_SAGS_AG470D16,0,0,0,Alpha-Pelagibacter,80.91,SAG
GORG_SAMEA6079391_SAGS_AG470G21,0,0,0,Alpha-Pelagibacter,79.58,SAG
GORG_SAMEA6077297_SAGS_AG325E20,0,0,0,Alpha-Pelagibacter,94.6,SAG
GORG_SAMEA6077318_SAGS_AG325F23,0,0,0,Alpha-Other,94.96,SAG
GORG_SAMEA6077345_SAGS_AG325I09,0,0,0,Bacteroidota,87.07,SAG
GORG_SAMEA6077378_SAGS_AG325K02,0,0,0,Alpha-Pelagibacter,78.13,SAG
GORG_SAMEA6077379_SAGS_AG325K03,0,0,0,Alpha-Pelagibacter,79.04,SAG
GORG_SAMEA6077401_SAGS_AG325L05,0,0,0,Alpha-Pelagibacter,82.31,SAG
GORG_SAMEA6077417_SAGS_AG325L22,0,0,0,Alpha-Pelagibacter,75.83,SAG
GORG_SAMEA6077496_SAGS_AG325P23,0,0,0,Alpha-Pelagibacter,86.3,SAG
GORG_SAMEA6073676_SAGS_AG914B14,0,0,0,Alpha-Pelagibacter,86.02,SAG
GORG_SAMEA6073717_SAGS_AG914E06,0,0,0,Alpha-Pelagibacter,79.43,SAG
GORG_SAMEA6073739_SAGS_AG914F19,0,0,0,Alpha-Other,75.76,SAG
GORG_SAMEA6073754_SAGS_AG914G22,0,0,0,Alpha-Pelagibacter,83.36,SAG
GORG_SAMEA6073774_SAGS_AG914J05,0,0,0,Alpha-Pelagibacter,90.88,SAG
GORG_SAMEA6073798_SAGS_AG914K21,0,0,0,Actinobacteriota,77.13,SAG
GORG_SAMEA6073801_SAGS_AG914L04,0,0,0,Alpha-Pelagibacter,89.49,SAG
GORG_SAMEA6073805_SAGS_AG914L10,0,0,0,Alpha-Pelagibacter,80.71,SAG
GORG_SAMEA6073820_SAGS_AG914M07,0,0,0,Alpha-Pelagibacter,76.8,SAG
GORG_SAMEA6080259_SAGS_AG439E23,0,0,0,Alpha-Pelagibacter,83.95,SAG
GORG_SAMEA6080289_SAGS_AG439I14,0,0,0,Alpha-Pelagibacter,75.03,SAG
GORG_SAMEA6080334_SAGS_AG439L10,0,0,0,Alpha-Pelagibacter,77.6,SAG
GORG_SAMEA6080380_SAGS_AG439O05,0,0,0,Alpha-Pelagibacter,77.8,SAG
GORG_SAMEA6067974_SAGS_AH324C16,0,0,0,Alpha-Pelagibacter,78.9,SAG
TARA_SAMEA2621176_METAG_LNAHJKBF,0,0,0,Archaea-Poseidoniia MGIIb,77.13,MAG
GORG_SAMEA6068002_SAGS_AH324F03,0,0,0,Alpha-Pelagibacter,88.77,SAG
GORG_SAMEA6068010_SAGS_AH324F15,0,0,0,Alpha-Other,89.55,SAG
GORG_SAMEA6068021_SAGS_AH324G13,0,0,0,Alpha-Pelagibacter,78.72,SAG
GORG_SAMEA6068022_SAGS_AH324G14,0,0,0,Actinobacteriota,77.06,SAG
GORG_SAMEA6068039_SAGS_AH324I20,0,0,0,Alpha-Pelagibacter,79.37,SAG
GORG_SAMEA6068046_SAGS_AH324J07,0,0,0,Alpha-Pelagibacter,89.03,SAG
GORG_SAMEA6068064_SAGS_AH324K07,0,0,0,Alpha-Pelagibacter,77.81,SAG
GORG_SAMEA6068067_SAGS_AH324K11,0,0,0,Alpha-Pelagibacter,75.7,SAG
GORG_SAMEA6068322_SAGS_AH321L23,0,0,0,Alpha-Pelagibacter,75.48,SAG
GORG_SAMEA6068330_SAGS_AH321M13,0,0,0,Alpha-Pelagibacter,92.6,SAG
GORG_SAMEA6068345_SAGS_AH321N11,0,0,0,Alpha-Pelagibacter,88.91,SAG
GORG_SAMEA6068364_SAGS_AH321O20,0,0,0,Alpha-Pelagibacter,82.93,SAG
GORG_SAMEA6068366_SAGS_AH321O23,0,0,0,Alpha-Pelagibacter,77.8,SAG
GORG_SAMEA6068368_SAGS_AH321P04,0,0,0,Alpha-Pelagibacter,91.42,SAG
GORG_SAMEA6070522_SAGS_AG896E11,0,0,0,Alpha-Other,86.84,SAG
GORG_SAMEA6077909_SAGS_AG337G11,0,0,0,Alpha-Pelagibacter,85.32,SAG
GORG_SAMEA6077918_SAGS_AG337I02,0,0,0,Alpha-Other,82.26,SAG
GORG_SAMEA6077926_SAGS_AG337I10,0,0,0,Alpha-Pelagibacter,79.9,SAG
GORG_SAMEA6077970_SAGS_AG337K17,0,0,0,Bacteroidota,83.64,SAG
GORG_SAMEA6077988_SAGS_AG337L15,0,0,0,Alpha-Other,80.1,SAG
GORG_SAMEA6077989_SAGS_AG337L16,0,0,0,Alpha-Pelagibacter,77.82,SAG
GORG_SAMEA6072046_SAGS_AG905B19,0,0,0,Alpha-Pelagibacter,87.86,SAG
GORG_SAMEA6072057_SAGS_AG905C11,0,0,0,Alpha-Pelagibacter,77.22,SAG
GORG_SAMEA6072082_SAGS_AG905E10,0,0,0,Alpha-Pelagibacter,84.23,SAG
GORG_SAMEA6072083_SAGS_AG905E11,0,0,0,Alpha-Pelagibacter,89.19,SAG
GORG_SAMEA6072102_SAGS_AG905G04,0,0,0,Alpha-Pelagibacter,89.99,SAG
GORG_SAMEA6075740_SAGS_AG390J13,0,0,0,Alpha-Pelagibacter,81.17,SAG
GORG_SAMEA6075741_SAGS_AG390J14,0,0,0,Bacteroidota,82.74,SAG
GORG_SAMEA6075748_SAGS_AG390J21,0,0,0,Alpha-Pelagibacter,86.4,SAG
GORG_SAMEA6075754_SAGS_AG390K05,0,0,0,Alpha-Other,77.18,SAG
GORG_SAMEA6075772_SAGS_AG390L03,0,0,0,Alpha-Pelagibacter,90.32,SAG
GORG_SAMEA6075784_SAGS_AG390L16,0,0,0,Alpha-Pelagibacter,78.56,SAG
GORG_SAMEA6075788_SAGS_AG390L20,0,0,0,Alpha-Other,92.49,SAG
GORG_SAMEA6075792_SAGS_AG390M02,0,0,0,Alpha-Pelagibacter,82.72,SAG
GORG_SAMEA6075802_SAGS_AG390M14,0,0,0,Alpha-Pelagibacter,88.19,SAG
GORG_SAMEA6075803_SAGS_AG390M15,0,0,0,Alpha-Pelagibacter,77.22,SAG
GORG_SAMEA6075812_SAGS_AG390N03,0,0,0,Alpha-Pelagibacter,78.22,SAG
GORG_SAMEA6075813_SAGS_AG390N04,0,0,0,Alpha-Other,83.65,SAG
GORG_SAMEA6075826_SAGS_AG390N19,0,0,0,Gamma-Other,80.1,SAG
GORG_SAMEA6075833_SAGS_AG390O04,0,0,0,Alpha-Pelagibacter,89.52,SAG
GORG_SAMEA6071039_SAGS_AG899C06,0,0,0,Alpha-Rhodobacter,76.84,SAG
GORG_SAMEA6071041_SAGS_AG899C09,0,0,0,Alpha-Other,88.88,SAG
GORG_SAMEA6071043_SAGS_AG899C14,0,0,0,Alpha-Other,75.01,SAG
GORG_SAMEA6071047_SAGS_AG899D02,0,0,0,Alpha-Other,84.32,SAG
GORG_SAMEA6071057_SAGS_AG899D19,0,0,0,Alpha-Pelagibacter,89.9,SAG
GORG_SAMEA6071064_SAGS_AG899E08,0,0,0,Alpha-Pelagibacter,80.49,SAG
GORG_SAMEA6071068_SAGS_AG899E14,0,0,0,Alpha-Pelagibacter,94.9,SAG
GORG_SAMEA6071089_SAGS_AG899G02,0,0,0,Alpha-Pelagibacter,82.32,SAG
GORG_SAMEA6071090_SAGS_AG899G03,0,0,0,Alpha-Pelagibacter,86.06,SAG
GORG_SAMEA6071120_SAGS_AG899J02,0,0,0,Alpha-Pelagibacter,87.24,SAG
GORG_SAMEA6071135_SAGS_AG899J23,0,0,0,Alpha-Pelagibacter,81.29,SAG
GORG_SAMEA6075266_SAGS_AG349K23,0,0,0,Alpha-Pelagibacter,75.1,SAG
GORG_SAMEA6075279_SAGS_AG349L17,0,0,0,Alpha-Pelagibacter,79.07,SAG
GORG_SAMEA6075296_SAGS_AG349M19,0,0,0,Alpha-Pelagibacter,84.82,SAG
GORG_SAMEA6075308_SAGS_AG349N13,0,0,0,Alpha-Pelagibacter,78.32,SAG
GORG_SAMEA6075321_SAGS_AG349O05,0,0,0,Alpha-Pelagibacter,82.3,SAG
GORG_SAMEA6075327_SAGS_AG349O13,0,0,0,Alpha-Pelagibacter,75.49,SAG
GORG_SAMEA6070550_SAGS_AG896G07,0,0,0,Alpha-Pelagibacter,85.45,SAG
GORG_SAMEA6070561_SAGS_AG896G23,0,0,0,Alpha-Other,87.26,SAG
GORG_SAMEA6070595_SAGS_AG896K10,0,0,0,Alpha-Pelagibacter,90.82,SAG
GORG_SAMEA6070613_SAGS_AG896L17,0,0,0,Alpha-Pelagibacter,79.91,SAG
GORG_SAMEA6070616_SAGS_AG896L20,0,0,0,Alpha-Pelagibacter,82.85,SAG
GORG_SAMEA6070621_SAGS_AG896M04,0,0,0,Gamma-SAR86,83.4,SAG
GORG_SAMEA6070622_SAGS_AG896M05,0,0,0,Alpha-Pelagibacter,81.97,SAG
GORG_SAMEA6070624_SAGS_AG896M10,0,0,0,Alpha-Pelagibacter,78.25,SAG
GORG_SAMEA6078014_SAGS_AG337N02,0,0,0,Alpha-Other,76.71,SAG
GORG_SAMEA6078016_SAGS_AG337N04,0,0,0,Alpha-Pelagibacter,75.08,SAG
GORG_SAMEA6078031_SAGS_AG337N21,0,0,0,Alpha-Other,82.85,SAG
GORG_SAMEA6078034_SAGS_AG337O03,0,0,0,Alpha-Pelagibacter,76.2,SAG
GORG_SAMEA6074046_SAGS_AG915N05,0,0,0,Alpha-Pelagibacter,75.58,SAG
GORG_SAMEA6074064_SAGS_AG915O06,0,0,0,Alpha-Other,78.32,SAG
GORG_SAMEA6074078_SAGS_AG915P01,0,0,0,Alpha-Pelagibacter,80.62,SAG
GORG_SAMEA6074097_SAGS_AG916A14,0,0,0,Alpha-Pelagibacter,81.41,SAG
GORG_SAMEA6074099_SAGS_AG916A16,0,0,0,Alpha-Pelagibacter,92.24,SAG
GORG_SAMEA6074103_SAGS_AG916A21,0,0,0,Alpha-Pelagibacter,83.84,SAG
GORG_SAMEA6074107_SAGS_AG916B06,0,0,0,Alpha-Pelagibacter,84.62,SAG
GORG_SAMEA6074140_SAGS_AG916D16,0,0,0,Alpha-Pelagibacter,82.75,SAG
GORG_SAMEA6074141_SAGS_AG916D18,0,0,0,Actinobacteriota,80.01,SAG
GORG_SAMEA6074143_SAGS_AG916D20,0,0,0,Gamma-Other,78.1,SAG
GORG_SAMEA6074156_SAGS_AG916E17,0,0,0,Alpha-Pelagibacter,85,SAG
GORG_SAMEA6074158_SAGS_AG916E19,0,0,0,Alpha-Pelagibacter,89.32,SAG
GORG_SAMEA6074164_SAGS_AG916F06,0,0,0,Alpha-Pelagibacter,77.2,SAG
GORG_SAMEA6074179_SAGS_AG916G09,0,0,0,Alpha-Pelagibacter,89.42,SAG
GORG_SAMEA6076661_SAGS_AG447O08,0,0,0,Alpha-Pelagibacter,82.48,SAG
GORG_SAMEA6076663_SAGS_AG447O13,0,0,0,Gamma-Other,88.28,SAG
GORG_SAMEA6076664_SAGS_AG447O14,0,0,0,Alpha-Pelagibacter,75.34,SAG
GORG_SAMEA6076672_SAGS_AG447O23,0,0,0,Alpha-Pelagibacter,81.39,SAG
GORG_SAMEA6076680_SAGS_AG447P08,0,0,0,Gamma-SAR86,78.92,SAG
GORG_SAMEA6076688_SAGS_AG447P19,0,0,0,Alpha-Pelagibacter,81.56,SAG
GORG_SAMEA6076690_SAGS_AG447P22,0,0,0,Alpha-Pelagibacter,91.63,SAG
GORG_SAMEA6076691_SAGS_AG447P23,0,0,0,Actinobacteriota,84.01,SAG
GORG_SAMEA6078384_SAGS_AG453B23,0,0,0,Alpha-Other,85.38,SAG
GORG_SAMEA6074172_SAGS_AG916F23,0,0,0,Alpha-Pelagibacter,78.91,SAG
GORG_SAMEA6074174_SAGS_AG916G03,0,0,0,Alpha-Pelagibacter,82.8,SAG
GORG_SAMEA6074185_SAGS_AG916G19,0,0,0,Alpha-Pelagibacter,93.91,SAG
GORG_SAMEA6074192_SAGS_AG916I06,0,0,0,Alpha-Other,84.43,SAG
GORG_SAMEA6074198_SAGS_AG916I17,0,0,0,Alpha-Pelagibacter,86.02,SAG
GORG_SAMEA6074203_SAGS_AG916J06,0,0,0,Alpha-Pelagibacter,79.97,SAG
GORG_SAMEA6074207_SAGS_AG916J11,0,0,0,Alpha-Pelagibacter,88.17,SAG
GORG_SAMEA6074217_SAGS_AG916K04,0,0,0,Alpha-Pelagibacter,80.89,SAG
GORG_SAMEA6074222_SAGS_AG916K14,0,0,0,Alpha-Pelagibacter,75.72,SAG
GORG_SAMEA6074243_SAGS_AG916L20,0,0,0,Alpha-Other,84.26,SAG
GORG_SAMEA6074244_SAGS_AG916L21,0,0,0,Alpha-Pelagibacter,78,SAG
GORG_SAMEA6074245_SAGS_AG916M02,0,0,0,Alpha-Pelagibacter,75.11,SAG
GORG_SAMEA6074248_SAGS_AG916M06,0,0,0,Alpha-Pelagibacter,79.78,SAG
GORG_SAMEA6074251_SAGS_AG916M11,0,0,0,Alpha-Pelagibacter,75.39,SAG
GORG_SAMEA6074253_SAGS_AG916M14,0,0,0,Alpha-Other,93.09,SAG
GORG_SAMEA6074254_SAGS_AG916M15,0,0,0,Alpha-Pelagibacter,87.1,SAG
GORG_SAMEA6074268_SAGS_AG916N14,0,0,0,Alpha-Pelagibacter,86.1,SAG
GORG_SAMEA6074269_SAGS_AG916N15,0,0,0,Alpha-Other,92.73,SAG
GORG_SAMEA6074277_SAGS_AG916O06,0,0,0,Alpha-Pelagibacter,84.49,SAG
GORG_SAMEA6078463_SAGS_AG453G04,0,0,0,Alpha-Pelagibacter,82.72,SAG
GORG_SAMEA6078531_SAGS_AG453K22,0,0,0,Alpha-Pelagibacter,80.06,SAG
GORG_SAMEA6078533_SAGS_AG453L02,0,0,0,Actinobacteriota,78.93,SAG
GORG_SAMEA6067910_SAGS_AH287O09,0,0,0,Alpha-Pelagibacter,87.87,SAG
GORG_SAMEA6067920_SAGS_AH287O21,0,0,0,Alpha-Puniceispirilla,91.6,SAG
GORG_SAMEA6068146_SAGS_AH321A03,0,0,0,Alpha-Pelagibacter,79.03,SAG
GORG_SAMEA6068152_SAGS_AH321A09,0,0,0,Actinobacteriota,81.65,SAG
GORG_SAMEA6068157_SAGS_AH321A17,0,0,0,Alpha-Pelagibacter,81.4,SAG
GORG_SAMEA6068177_SAGS_AH321B21,0,0,0,Actinobacteriota,76.86,SAG
GORG_SAMEA6068194_SAGS_AH321C20,0,0,0,Bacteroidota,80.09,SAG
GORG_SAMEA6068204_SAGS_AH321D14,0,0,0,Bacteroidota,84.74,SAG
GORG_SAMEA6068205_SAGS_AH321D15,0,0,0,Alpha-Other,90,SAG
GORG_SAMEA6068232_SAGS_AH321F10,0,0,0,Alpha-Pelagibacter,76.32,SAG
GORG_SAMEA6068236_SAGS_AH321F16,0,0,0,Alpha-Pelagibacter,81.69,SAG
GORG_SAMEA6068242_SAGS_AH321F23,0,0,0,Alpha-Pelagibacter,77.7,SAG
GORG_SAMEA6068251_SAGS_AH321G13,0,0,0,Gamma-SAR86,80.24,SAG
GORG_SAMEA6068274_SAGS_AH321I23,0,0,0,Alpha-Pelagibacter,90.75,SAG
GORG_SAMEA6068299_SAGS_AH321K14,0,0,0,Gamma-Other,82.17,SAG
GORG_SAMEA6068300_SAGS_AH321K15,0,0,0,Alpha-Pelagibacter,87.68,SAG
GORG_SAMEA6068301_SAGS_AH321K16,0,0,0,Alpha-Pelagibacter,78.9,SAG
MARD_SAMN08886334_SAGS_MMP08886334,0,0,0,Cyano-Pro,83.34,SAG
MARD_SAMN08886590_SAGS_MMP08886590,0,0,0,Cyano-Pro,87.69,SAG
MARD_SAMN08886171_SAGS_MMP08886171,0,0,0,Cyano-Pro,81.98,SAG
MARD_SAMN08886208_SAGS_MMP08886208,0,0,0,Cyano-Pro,78.9,SAG
MARD_SAMN08886307_SAGS_MMP08886307,0,0,0,Cyano-Pro,77.15,SAG
MARD_SAMN08536176_REFG_MMP08536176,1,1,1,Gamma-Other,99.43,RefGenome
MARD_SAMN08813454_REFG_MMP08813454,1,1,1,Bacteroidota,98.1,RefGenome
MARD_SAMN08885962_SAGS_MMP08885962,0,0,0,Alpha-Pelagibacter,86.59,SAG
MARD_SAMN08886035_SAGS_MMP08886035,0,0,0,Alpha-Pelagibacter,78.99,SAG
MARD_SAMN08886036_SAGS_MMP08886036,0,0,0,Alpha-Pelagibacter,76.19,SAG
MARD_SAMN08886037_SAGS_MMP08886037,0,0,0,Alpha-Pelagibacter,89.07,SAG
MARD_SAMN08886038_SAGS_MMP08886038,0,0,0,Alpha-Pelagibacter,82.08,SAG
MARD_SAMN08886062_SAGS_MMP08886062,0,0,0,Alpha-Other,78.84,SAG
MARD_SAMN08886063_SAGS_MMP08886063,0,0,0,Actinobacteriota,85.3,SAG
MARD_SAMN08886083_SAGS_MMP08886083,0,0,0,Alpha-Other,82.26,SAG
MARD_SAMN08886105_SAGS_MMP08886105,0,0,0,Alpha-Other,89.81,SAG
MARD_SAMN08886115_SAGS_MMP08886115,0,0,0,Alpha-Pelagibacter,82.04,SAG
MARD_SAMN08886127_SAGS_MMP08886127,0,0,0,Alpha-Pelagibacter,78.37,SAG
MARD_SAMN08886180_SAGS_MMP08886180,0,0,0,Actinobacteriota,78.79,SAG
MARD_SAMN08886183_SAGS_MMP08886183,0,0,0,Alpha-Pelagibacter,79.07,SAG
MARD_SAMN08886185_SAGS_MMP08886185,0,0,0,Alpha-Pelagibacter,82.3,SAG
MARD_SAMN08886227_SAGS_MMP08886227,0,0,0,Alpha-Pelagibacter,82.58,SAG
MARD_SAMN08886266_SAGS_MMP08886266,0,0,0,Alpha-Pelagibacter,81.41,SAG
MARD_SAMN08886280_SAGS_MMP08886280,0,0,0,Alpha-Other,82.02,SAG
MARD_SAMN08886281_SAGS_MMP08886281,0,0,0,Alpha-Pelagibacter,82.16,SAG
MARD_SAMN08886282_SAGS_MMP08886282,0,0,0,Alpha-Pelagibacter,81.85,SAG
MARD_SAMN08886283_SAGS_MMP08886283,0,0,0,Alpha-Pelagibacter,75.04,SAG
MARD_SAMN08886285_SAGS_MMP08886285,0,0,0,Alpha-Pelagibacter,90.32,SAG
MARD_SAMN08886289_SAGS_MMP08886289,0,0,0,Alpha-Pelagibacter,89.52,SAG
MARD_SAMN08886340_SAGS_MMP08886340,0,0,0,Alpha-Pelagibacter,78.91,SAG
MARD_SAMN08886341_SAGS_MMP08886341,0,0,0,Alpha-Pelagibacter,75.81,SAG
MARD_SAMN08886342_SAGS_MMP08886342,0,0,0,Alpha-Other,84.04,SAG
MARD_SAMN08886380_SAGS_MMP08886380,0,0,0,Alpha-Pelagibacter,77.84,SAG
MARD_SAMN08886400_SAGS_MMP08886400,0,0,0,Actinobacteriota,82.86,SAG
MARD_SAMN08886402_SAGS_MMP08886402,0,0,0,Alpha-Pelagibacter,88.58,SAG
MARD_SAMN08886404_SAGS_MMP08886404,0,0,0,Alpha-Pelagibacter,88.55,SAG
MARD_SAMN08886431_SAGS_MMP08886431,0,0,0,Alpha-Pelagibacter,86.15,SAG
MARD_SAMN08886434_SAGS_MMP08886434,0,0,0,Actinobacteriota,81.88,SAG
MARD_SAMN08886455_SAGS_MMP08886455,0,0,0,Actinobacteriota,76.63,SAG
MARD_SAMN08886456_SAGS_MMP08886456,0,0,0,Alpha-Pelagibacter,96.76,SAG
MARD_SAMN08886457_SAGS_MMP08886457,0,0,0,Alpha-Pelagibacter,78.26,SAG
MARD_SAMN08886458_SAGS_MMP08886458,0,0,0,Alpha-Pelagibacter,81.32,SAG
MARD_SAMN08886460_SAGS_MMP08886460,0,0,0,Alpha-Pelagibacter,89.54,SAG
MARD_SAMN08886463_SAGS_MMP08886463,0,0,0,Alpha-Pelagibacter,85.46,SAG
MARD_SAMN08886470_SAGS_MMP08886470,0,0,0,Alpha-Other,75.75,SAG
MARD_SAMN08886472_SAGS_MMP08886472,0,0,0,Alpha-Pelagibacter,90.62,SAG
MARD_SAMN08886473_SAGS_MMP08886473,0,0,0,Alpha-Pelagibacter,88.8,SAG
MARD_SAMN08886474_SAGS_MMP08886474,0,0,0,Alpha-Pelagibacter,84.33,SAG
MARD_SAMN08886478_SAGS_MMP08886478,0,0,0,Alpha-Pelagibacter,77.84,SAG
MARD_SAMN08886488_SAGS_MMP08886488,0,0,0,Alpha-Other,93.64,SAG
MARD_SAMN08886578_SAGS_MMP08886578,0,0,0,Alpha-Pelagibacter,79.58,SAG
MARD_SAMN09080596_REFG_MMP09080596,0,0,0,Bacteroidota,98.43,RefGenome
MARD_SAMN09205055_REFG_MMP09205055,0,0,0,Bacteroidota,99.12,RefGenome
MARD_SAMN06133354_REFG_MMP06133354,1,1,1,Gamma-Other,99.74,RefGenome
MARD_SAMN08358016_REFG_MMP08358016,1,1,1,Firmicutes,99.66,RefGenome
MARD_SAMN08457632_REFG_MMP08457632,1,1,1,Bacteroidota,98.88,RefGenome
MARD_SAMN08886084_SAGS_MMP08886084,0,0,0,Alpha-Other,82.85,SAG
MARD_SAMN08886219_SAGS_MMP08886219,0,0,0,Alpha-Other,80.24,SAG
MARD_SAMN08886286_SAGS_MMP08886286,0,0,0,Alpha-Other,92.49,SAG
MARD_SAMN08934404_REFG_MMP08934404,1,1,1,Alpha-Rhodobacter,99.68,RefGenome
MARD_SAMN09214043_REFG_MMP09214043,0,0,0,Alpha-Other,99.83,RefGenome
MARD_SAMD00065689_REFG_MMP00065689,1,1,1,Bacteria-Other,99.08,RefGenome
MARD_SAMN02745751_REFG_MMP02745751,1,1,1,Firmicutes,99.18,RefGenome
TARA_SAMEA2619907_METAG_HGDIMCJA,0,0,0,Archaea-Poseidoniia MGIIb,79.87,MAG
TARA_SAMEA2619907_METAG_PJDNLCKJ,0,0,0,Archaea-Poseidoniia MGIIb,76.96,MAG
MARD_SAMN03944292_SAGS_MMP03944292,0,0,0,Alpha-Pelagibacter,91.96,SAG
MARD_SAMN04390149_REFG_MMP04390149,1,1,1,Bacteroidota,98.78,RefGenome
MARD_SAMN05410695_REFG_MMP05410695,1,1,1,Firmicutes,99.72,RefGenome
MARD_SAMN05660313_REFG_MMP05660313,0,0,0,Bacteroidota,99.48,RefGenome
MARD_SAMD00000450_REFG_MMP00000450,0,0,0,Bacteroidota,98.29,RefGenome
MARD_SAMD00019870_REFG_MMP00019870,1,1,1,Alpha-Other,99,RefGenome
MARD_SAMD00046500_REFG_MMP00046500,1,1,1,Actinobacteriota,97.59,RefGenome
MARD_SAMEA3138990_REFG_MMP3138990,0,0,0,Cyano-Other,93.94,RefGenome
TARA_SAMEA2623463_METAG_NDOJCPHA,0,0,0,Archaea-Poseidoniia MGIIb,86.29,MAG
TARA_SAMEA2622733_METAG_CMNBDJBO,0,0,0,Archaea-Poseidoniia MGIIb,84.91,MAG
TARA_SAMEA2622733_METAG_CPPFCCIF,0,0,0,Archaea-Poseidoniia MGIIb,82.48,MAG
TARA_SAMEA2622733_METAG_PKPEEHIC,0,0,0,Archaea-Poseidoniia MGIIb,82.08,MAG
TARA_SAMEA2622733_METAG_NDGCBFJK,0,0,0,Archaea-Poseidoniia MGIIb,76.54,MAG
TARA_SAMEA2622733_METAG_GCGGNOGG,0,0,0,Archaea-Poseidoniia MGIIb,75.28,MAG
TARA_SAMEA2619952_METAG_PMPMLMGN,0,0,0,Archaea-Poseidoniia MGIIa,75.94,MAG
MARD_SAMN04390154_REFG_MMP04390154,1,1,1,Bacteroidota,99.11,RefGenome
MARD_SAMD00036593_REFG_MMP00036593,1,1,1,Gamma-Other,99.81,RefGenome
MARD_SAMD00036597_REFG_MMP00036597,0,0,0,Gamma-Other,99.61,RefGenome
MARD_SAMD00036599_REFG_MMP00036599,0,0,0,Gamma-Other,99.64,RefGenome
MARD_SAMEA2719621_REFG_MMP2719621,0,0,0,Alpha-Other,99.26,RefGenome
MARD_SAMEA3368566_SAGS_MMP3368566,0,0,0,Alpha-Pelagibacter,80.18,SAG
MARD_SAMN02436083_REFG_MMP02436083,0,0,0,Gamma-Other,96.02,RefGenome
MARD_SAMN02436088_REFG_MMP02436088,0,0,0,Alpha-Pelagibacter,96.76,RefGenome
MARD_SAMN02436134_REFG_MMP02436134,0,0,0,Alpha-Other,99.2,RefGenome
MARD_SAMN02436148_REFG_MMP02436148,0,0,0,Verrucomicrobiota,96.76,RefGenome
MARD_SAMN02469995_REFG_MMP02469995,1,1,1,Bacteroidota,99.48,RefGenome
MARD_SAMEA104692614_REFG_MMP104692614,0,0,0,Alpha-Other,100,RefGenome
MARD_SAMEA44539918_REFG_MMP44539918,1,1,1,Gamma-Other,97.38,RefGenome
MARD_SAMN06264853_REFG_MMP06264853,0,0,0,Bacteroidota,98.92,RefGenome
MARD_SAMN06265172_REFG_MMP06265172,0,0,0,Bacteroidota,98.78,RefGenome
MARD_SAMN07621379_REFG_MMP07621379,0,0,0,Bacteroidota,99.48,RefGenome
MARD_SAMN07626136_REFG_MMP07626136,1,1,1,Gamma-Alteromonas,99.62,RefGenome
MARD_SAMN08707949_REFG_MMP08707949,1,1,1,Gamma-Other,99.98,RefGenome
MARD_SAMN08769778_REFG_MMP08769778,0,0,0,Alpha-Other,99.6,RefGenome
TARA_SAMEA2623774_METAG_PDJDAMLK,0,0,0,Archaea-Poseidoniia MGIIb,80.82,MAG
MARD_SAMN10362946_REFG_MMP10362946,0,0,0,Bacteria-Other,99.08,RefGenome
MARD_SAMN10363320_REFG_MMP10363320,1,1,1,Gamma-Other,99.91,RefGenome
MARD_SAMN10363435_REFG_MMP10363435,1,1,1,Firmicutes,99.36,RefGenome
MARD_SAMEA104307712_REFG_MMP104307712,0,0,0,Bacteroidota,98.92,RefGenome
MARD_SAMN02643415_REFG_MMP02643415,1,1,1,Bacteria-Other,99.2,RefGenome
MARD_SAMN05504940_REFG_MMP05504940,1,1,1,Firmicutes,98.94,RefGenome
MARD_SAMN09074770_REFG_MMP09074770,0,0,0,Bacteroidota,98.73,RefGenome
MARD_SAMN09487630_REFG_MMP09487630,0,0,0,Gamma-Other,99.43,RefGenome
MARD_SAMN09669792_REFG_MMP09669792,0,0,0,Bacteroidota,98.73,RefGenome
MARD_SAMN09780835_REFG_MMP09780835,1,1,1,Bacteroidota,98.08,RefGenome
MARD_SAMN10182621_REFG_MMP10182621,1,1,1,Bacteria-Other,99.43,RefGenome
MARD_SAMN02745151_REFG_MMP02745151,0,0,0,Firmicutes,98.32,RefGenome
MARD_SAMN04487906_REFG_MMP04487906,1,1,1,Bacteroidota,99.31,RefGenome
MARD_SAMN04487987_REFG_MMP04487987,1,1,1,Bacteroidota,98.78,RefGenome
MARD_SAMN04488006_REFG_MMP04488006,1,1,1,Bacteroidota,98.44,RefGenome
MARD_SAMN04488018_REFG_MMP04488018,0,0,0,Bacteroidota,99.46,RefGenome
MARD_SAMN04488060_REFG_MMP04488060,0,0,0,Alpha-Other,99.88,RefGenome
MARD_SAMN04488087_REFG_MMP04488087,0,0,0,Bacteroidota,99.64,RefGenome
MARD_SAMN04488099_REFG_MMP04488099,1,1,1,Firmicutes,99.18,RefGenome
MARD_SAMN04488100_REFG_MMP04488100,1,1,1,Firmicutes,99.18,RefGenome
MARD_SAMN04488102_REFG_MMP04488102,1,1,1,Firmicutes,99.46,RefGenome
MARD_SAMN04488108_REFG_MMP04488108,0,0,0,Bacteroidota,98.56,RefGenome
MARD_SAMN04488569_REFG_MMP04488569,1,1,1,Firmicutes,99.18,RefGenome
MARD_SAMN05216262_REFG_MMP05216262,1,1,1,Gamma-Other,99.83,RefGenome
MARD_SAMN05421767_REFG_MMP05421767,1,1,1,Firmicutes,99,RefGenome
MARD_SAMN05421793_REFG_MMP05421793,0,0,0,Bacteroidota,98.92,RefGenome
MARD_SAMN05660429_REFG_MMP05660429,1,1,1,Gamma-Other,98.82,RefGenome
MARD_SAMN05660836_REFG_MMP05660836,0,0,0,Bacteria-Other,97.11,RefGenome
MARD_SAMN05878071_REFG_MMP05878071,1,1,1,Gamma-Other,100,RefGenome
MARD_SAMEA3368553_SAGS_MMP3368553,0,0,0,Alpha-Pelagibacter,84.42,SAG
MARD_SAMEA3368557_SAGS_MMP3368557,0,0,0,Alpha-Pelagibacter,84.67,SAG
MARD_SAMN02261272_SAGS_MMP02261272,0,0,0,Bacteria-Other,77.02,SAG
MARD_SAMN02440508_SAGS_MMP02440508,0,0,0,Alpha-Other,87.2,SAG
MARD_SAMN02441242_SAGS_MMP02441242,0,0,0,Alpha-Other,81.52,SAG
MARD_SAMN02441642_SAGS_MMP02441642,0,0,0,Gamma-Other,77.56,SAG
MARD_SAMN02597172_SAGS_MMP02597172,0,0,0,Alpha-Pelagibacter,88.98,SAG
MARD_SAMN02671362_SAGS_MMP02671362,0,0,0,Cyano-Pro,87.22,SAG
MARD_SAMN02671366_SAGS_MMP02671366,0,0,0,Cyano-Pro,78.23,SAG
MARD_SAMN02671384_SAGS_MMP02671384,0,0,0,Cyano-Pro,80.1,SAG
MARD_SAMN06265796_REFG_MMP06265796,1,1,1,Bacteroidota,98.08,RefGenome
MARD_SAMN08984069_REFG_MMP08984069,1,1,1,Gamma-Other,96.75,RefGenome
MARD_SAMN09074747_REFG_MMP09074747,1,1,1,Bacteroidota,99.15,RefGenome
MARD_SAMN09078362_REFG_MMP09078362,1,1,1,Gamma-Other,99.78,RefGenome
MARD_SAMN09725931_REFG_MMP09725931,0,0,0,Bacteroidota,99.84,RefGenome
MARD_SAMN02927930_REFG_MMP02927930,0,0,0,Gamma-Other,98.74,RefGenome
MARD_SAMN04488098_REFG_MMP04488098,1,1,1,Firmicutes,99.18,RefGenome
MARD_SAMN04488516_REFG_MMP04488516,0,0,0,Bacteria-Other,99.04,RefGenome
MARD_SAMN05444411_REFG_MMP05444411,1,1,1,Bacteroidota,98.3,RefGenome
MARD_SAMN05660405_REFG_MMP05660405,1,1,1,Gamma-Other,100,RefGenome
MARD_SAMN07739585_REFG_MMP07739585,1,1,1,Bacteria-Other,97.6,RefGenome
MARD_SAMN07748130_REFG_MMP07748130,1,1,1,Bacteria-Other,97.6,RefGenome
MARD_SAMN08965196_SAGS_MMP08965196,0,0,0,Bacteria-Other,82.81,SAG
MARD_SAMN09007269_SAGS_MMP09007269,0,0,0,Bacteroidota,88.86,SAG
MARD_SAMN09195925_REFG_MMP09195925,1,1,1,Bacteroidota,98.92,RefGenome
MARD_SAMN09386782_REFG_MMP09386782,0,0,0,Bacteroidota,99.19,RefGenome
MARD_SAMN05418002_REFG_MMP05418002,1,1,1,Gamma-Other,97.49,RefGenome
MARD_SAMN05418032_REFG_MMP05418032,1,1,1,Gamma-Other,97.36,RefGenome
MARD_SAMN05418068_REFG_MMP05418068,1,1,1,Gamma-Other,97.36,RefGenome
MARD_SAMN05418077_REFG_MMP05418077,1,1,1,Gamma-Other,97.49,RefGenome
MARD_SAMN05418082_REFG_MMP05418082,1,1,1,Gamma-Other,97.36,RefGenome
MARD_SAMN05418110_REFG_MMP05418110,1,1,1,Gamma-Other,97.46,RefGenome
TARA_SAMEA2621221_METAG_CJBONMGE,0,0,0,Chloroflexota,77.04,MAG
TARA_SAMEA2621221_METAG_BHGHGNNC,0,0,0,Chloroflexota,92,MAG
TARA_SAMEA2621221_METAG_GBNEPLBK,0,0,0,Marinisomatota,92.56,MAG
TARA_SAMEA2621221_METAG_HEHENJAP,0,0,0,Dadabacteria,89.53,MAG
TARA_SAMEA2621221_METAG_MFKGECAM,0,0,0,Actinobacteriota,84.13,MAG
TARA_SAMEA2621221_METAG_EJBNAKIN,0,0,0,Chloroflexota,87.87,MAG
TARA_SAMEA2621221_METAG_OBELDNIE,0,0,0,Chloroflexota,93.5,MAG
TARA_SAMEA2621221_METAG_NKIINBEK,0,0,0,Chloroflexota,91.51,MAG
TARA_SAMEA2621221_METAG_DCJBCIMH,0,0,0,Chloroflexota,91.54,MAG
TARA_SAMEA2621221_METAG_KGPPKCMI,0,0,0,Chloroflexota,76.99,MAG
TARA_SAMEA2621221_METAG_ICBHCBPH,0,0,0,Chloroflexota,79.72,MAG
TARA_SAMEA2621221_METAG_IHOFECDD,0,0,0,Alpha-Pelagibacter,90.15,MAG
TARA_SAMEA4397174_METAG_BIBOKOCO,0,0,0,Gamma-Other,89.46,MAG
TARA_SAMEA4397174_METAG_JGKKDIJL,0,0,0,Gamma-Other,79.01,MAG
TARA_SAMEA4397174_METAG_KJLHPIFN,0,0,0,Planctomycetota,93.92,MAG
TARA_SAMEA4397174_METAG_IMCDPJJA,0,0,0,Planctomycetota,98.2,MAG
TARA_SAMEA2622843_METAG_CPBBDIHN,0,0,0,Bacteroidota,91.3,MAG
TARA_SAMEA2622843_METAG_LAOIAGHO,0,0,0,Verrucomicrobiota,95.48,MAG
TARA_SAMEA2622843_METAG_FOGACNNB,0,0,0,Actinobacteriota,86.92,MAG
TARA_SAMEA2622843_METAG_DAKDFHIO,0,0,0,Bacteroidota,86.54,MAG
TARA_SAMEA2622843_METAG_GEJILAAJ,0,0,0,Gamma-SAR86,78.7,MAG
TARA_SAMEA2622843_METAG_CLIHDNIP,0,0,0,Verrucomicrobiota,77.44,MAG
TARA_SAMEA2622843_METAG_NNLPPLJL,0,0,0,Gamma-Other,77.65,MAG
TARA_SAMEA2622843_METAG_LDDHGCHF,0,0,0,Marinisomatota,77.48,MAG
TARA_SAMEA2622843_METAG_NPMABFAF,0,0,0,Alpha-Other,75.54,MAG
TARA_SAMEA2622843_METAG_ALGLIOBI,0,0,0,Gamma-Other,83.44,MAG
TARA_SAMEA2622695_METAG_FNFAHIIM,0,0,0,Alpha-Other,79.9,MAG
TARA_SAMEA2622695_METAG_FALNOFEJ,0,0,0,Patescibacteria,76.37,MAG
TARA_SAMEA2622695_METAG_PEDLKLHD,0,0,0,Alpha-Pelagibacter,76.11,MAG
TARA_SAMEA2622695_METAG_EAFCKEBP,0,0,0,Marinisomatota,90.72,MAG
TARA_SAMEA2622695_METAG_KFPMINEA,0,0,0,SAR324,86.7,MAG
TARA_SAMEA2622695_METAG_OHCJFLLO,0,0,0,Gamma-Other,89.05,MAG
TARA_SAMEA2622695_METAG_OAJNKKPM,0,0,0,Actinobacteriota,87.57,MAG
TARA_SAMEA2622695_METAG_LABAFCJP,0,0,0,Marinisomatota,82.29,MAG
TARA_SAMEA2622695_METAG_LFKCEPKH,0,0,0,Marinisomatota,76.22,MAG
TARA_SAMEA2622695_METAG_DKANGMMH,0,0,0,Alpha-Other,81.16,MAG
TARA_SAMEA2622695_METAG_HCCNGCKN,0,0,0,Alpha-Pelagibacter,78.1,MAG
TARA_SAMEA2622695_METAG_MDLOEDHH,0,0,0,Actinobacteriota,86.28,MAG
TARA_SAMEA2622695_METAG_JLMPJGGC,0,0,0,Chloroflexota,75.68,MAG
TARA_SAMEA2622695_METAG_CAIILGJN,0,0,0,Gamma-SAR86,80.08,MAG
TARA_SAMEA2622695_METAG_GJPOGIJP,0,0,0,Gamma-Other,88.6,MAG
TARA_SAMEA2622695_METAG_AJGNMELD,0,0,0,Marinisomatota,90.19,MAG
TARA_SAMEA2622695_METAG_MDIMJOKD,0,0,0,Planctomycetota,83.46,MAG
TARA_SAMEA2622695_METAG_JLNLCMLM,0,0,0,Chloroflexota,78.69,MAG
TARA_SAMEA2622695_METAG_PDIJCBAF,0,0,0,Dadabacteria,89.76,MAG
TARA_SAMEA2622695_METAG_AEILOFCI,0,0,0,Chloroflexota,90,MAG
TARA_SAMEA2622695_METAG_BPMNPGCH,0,0,0,Marinisomatota,80.46,MAG
TARA_SAMEA2622695_METAG_NBODBOJL,0,0,0,Patescibacteria,81.88,MAG
TARA_SAMEA2623673_METAG_NPAGHBDC,0,0,0,Archaea-Poseidoniia MGIIb,84.62,MAG
TARA_SAMEA2622695_METAG_EDKPFFKA,0,0,0,Chloroflexota,87.68,MAG
TARA_SAMEA2622695_METAG_PDJOKEGE,0,0,0,Chloroflexota,93,MAG
TARA_SAMEA2622695_METAG_MCPOHDEN,0,0,0,Alpha-Other,98.2,MAG
TARA_SAMEA2622695_METAG_OJINBHKI,0,0,0,Actinobacteriota,82.43,MAG
TARA_SAMEA2622695_METAG_BBACICGN,0,0,0,Alpha-Pelagibacter,84.74,MAG
TARA_SAMEA2622695_METAG_PLNCCHBM,0,0,0,Dadabacteria,84.15,MAG
TARA_SAMEA2622695_METAG_IMNGBJIN,0,0,0,Gamma-SAR86,77.16,MAG
TARA_SAMEA2622695_METAG_MMOMEIIO,0,0,0,Alpha-Pelagibacter,78.02,MAG
TARA_SAMEA2622695_METAG_IBJPNBNK,0,0,0,Marinisomatota,78.74,MAG
TARA_SAMEA2622695_METAG_KFCOMGLG,0,0,0,Marinisomatota,78.56,MAG
TARA_SAMEA2623673_METAG_DAHIKCHG,0,0,0,Archaea-Poseidoniia MGIIb,81.31,MAG
TARA_SAMEA2623673_METAG_DFBAMGMM,0,0,0,Archaea-Poseidoniia MGIIb,76.98,MAG
TARA_SAMEA2621003_METAG_NEIALDOO,0,0,0,Acidobacteriota,79.8,MAG
TARA_SAMEA2621003_METAG_NKLNNGOP,0,0,0,Gamma-Other,93.54,MAG
TARA_SAMEA2621003_METAG_LJAOJEJO,0,0,0,Marinisomatota,75.15,MAG
TARA_SAMEA2621003_METAG_LONJHIKP,0,0,0,Gamma-Other,83.72,MAG
TARA_SAMEA2621003_METAG_GKIPLJBC,0,0,0,Chloroflexota,80.9,MAG
TARA_SAMEA2621003_METAG_IGCKCEMM,0,0,0,Gamma-Other,81.23,MAG
TARA_SAMEA2621003_METAG_POCCMMDI,0,0,0,Actinobacteriota,82.56,MAG
TARA_SAMEA2621003_METAG_NFEBEMON,0,0,0,Marinisomatota,88.1,MAG
TARA_SAMEA2621003_METAG_CKNNHJHJ,0,0,0,Chloroflexota,86.12,MAG
TARA_SAMEA2621003_METAG_NOJLDEDG,0,0,0,Marinisomatota,84.18,MAG
TARA_SAMEA2621003_METAG_IIEANHKM,0,0,0,Marinisomatota,90.74,MAG
TARA_SAMEA2621003_METAG_FEFMCFGM,0,0,0,Alpha-Other,87.91,MAG
TARA_SAMEA2622149_METAG_JJFGLAKF,0,0,0,Archaea-Poseidoniia MGIIb,85.35,MAG
TARA_SAMEA2621003_METAG_PPJNCIAP,0,0,0,Actinobacteriota,90.1,MAG
TARA_SAMEA2622149_METAG_IKJDKIKK,0,0,0,Archaea-Poseidoniia MGIIb,76.58,MAG
TARA_SAMEA2622149_METAG_JCGKPGOM,0,0,0,Archaea-Other,80.4,MAG
TARA_SAMEA2622149_METAG_ACMODMPA,0,0,0,Archaea-Poseidoniia MGIIb,78.9,MAG
TARA_SAMEA2620039_METAG_PKMPEJIF,0,0,0,Alpha-Pelagibacter,85.9,MAG
TARA_SAMEA2622658_METAG_DELLKPFG,0,0,0,Bacteroidota,76.12,MAG
TARA_SAMEA2622658_METAG_ALNDLDAC,0,0,0,Gamma-SAR86,81.1,MAG
TARA_SAMEA2622658_METAG_PKCPHEPI,0,0,0,Verrucomicrobiota,85.66,MAG
TARA_SAMEA2622658_METAG_GBCGMKPH,0,0,0,Bacteria-Other,79.38,MAG
TARA_SAMEA2622658_METAG_NEGMAHAG,0,0,0,Bacteroidota,91.2,MAG
TARA_SAMEA2622658_METAG_PODPFDCC,0,0,0,Marinisomatota,76.22,MAG
TARA_SAMEA4397295_METAG_OEOJHFMO,0,0,0,Planctomycetota,98.2,MAG
TARA_SAMEA4397363_METAG_KIAMILBN,0,0,0,Planctomycetota,76.79,MAG
TARA_SAMEA4397666_METAG_HHBNMEEI,0,0,0,Alpha-Other,83.44,MAG
TARA_SAMEA2621271_METAG_CBLNLHJG,0,0,0,Alpha-Other,81.61,MAG
TARA_SAMEA2622331_METAG_MBJFIKEO,0,0,0,Alpha-Other,96.48,MAG
TARA_SAMEA4397409_METAG_FFDBOOGG,0,0,0,Alpha-Rhodobacter,86.04,MAG
TARA_SAMEA2620828_METAG_EADHBBKI,0,0,0,Archaea-Poseidoniia MGIIb,75.85,MAG
TARA_SAMEA2622764_METAG_JEJGAJGI,0,0,0,Alpha-Other,99.1,MAG
TARA_SAMEA2622764_METAG_LKINHBBM,0,0,0,Alpha-Other,88.44,MAG
TARA_SAMEA2622764_METAG_HIHHCECC,0,0,0,Bacteria-Other,92.93,MAG
TARA_SAMEA2622764_METAG_IMKILOOO,0,0,0,Alpha-Other,76.44,MAG
TARA_SAMEA2622764_METAG_EHKPLJDK,0,0,0,Marinisomatota,82.56,MAG
TARA_SAMEA2622737_METAG_DNKNGNND,1,1,1,Alpha-Other,85.04,MAG
TARA_SAMEA2622737_METAG_MPAMJDNO,0,0,0,Alpha-Other,78.74,MAG
TARA_SAMEA2622737_METAG_MPOBDEMJ,0,0,0,Actinobacteriota,80.56,MAG
TARA_SAMEA2622737_METAG_NCFJJAOB,0,0,0,Chloroflexota,95.88,MAG
TARA_SAMEA2622737_METAG_FDAEBIAM,0,0,0,Gemmatimonadota,94.15,MAG
TARA_SAMEA2622737_METAG_CFGKLIGD,0,0,0,Actinobacteriota,83.28,MAG
TARA_SAMEA2622737_METAG_CFIPNJGC,0,0,0,Planctomycetota,78.05,MAG
TARA_SAMEA2622737_METAG_GCIGPNGL,0,0,0,Chloroflexota,91.22,MAG
TARA_SAMEA2622737_METAG_HCLFLPJK,0,0,0,Chloroflexota,77.46,MAG
TARA_SAMEA2622737_METAG_PCAKDJOK,0,0,0,Alpha-Pelagibacter,80.19,MAG
TARA_SAMEA2622737_METAG_IOMDGJAC,0,0,0,Alpha-Other,91.52,MAG
TARA_SAMEA2622737_METAG_OHMFMGLP,0,0,0,Marinisomatota,97.29,MAG
TARA_SAMEA2621013_METAG_OBHBNCGO,0,0,0,Archaea-Poseidoniia MGIIb,84.54,MAG
TARA_SAMEA2622737_METAG_LOJKBCGB,0,0,0,Alpha-Other,92.2,MAG
TARA_SAMEA2622737_METAG_LDDDHCHN,0,0,0,Chloroflexota,76.04,MAG
TARA_SAMEA2622737_METAG_JLLECKLL,0,0,0,Marinisomatota,94.54,MAG
TARA_SAMEA2622737_METAG_FANMHBEG,0,0,0,Actinobacteriota,85.64,MAG
TARA_SAMEA2622737_METAG_NPCDFCKD,0,0,0,Gamma-SAR86,79.1,MAG
TARA_SAMEA2622737_METAG_GEBPNIKJ,0,0,0,Chloroflexota,88.23,MAG
TARA_SAMEA2622737_METAG_GHNJILEJ,0,0,0,Alpha-Other,94.52,MAG
TARA_SAMEA2622737_METAG_EFHGKNFE,0,0,0,Gamma-SAR86,81.57,MAG
TARA_SAMEA2622737_METAG_JALEGBGD,0,0,0,Bacteria-Other,92.56,MAG
TARA_SAMEA2622737_METAG_BMMHPGEF,0,0,0,Dadabacteria,83.63,MAG
TARA_SAMEA2622737_METAG_NBKBDOMG,0,0,0,Alpha-Other,93.82,MAG
TARA_SAMEA2622737_METAG_GPOLMMPI,0,0,0,Gamma-Other,83.84,MAG
TARA_SAMEA2622737_METAG_BGMCFGJC,0,0,0,Chloroflexota,90.18,MAG
TARA_SAMEA2622737_METAG_ENCLHLDO,0,0,0,Marinisomatota,77.07,MAG
TARA_SAMEA2622737_METAG_HBKKFBPG,0,0,0,Dadabacteria,87.76,MAG
TARA_SAMEA2622737_METAG_FMGLJGKL,0,0,0,Alpha-Other,90.75,MAG
TARA_SAMEA2622737_METAG_PCNPOANJ,0,0,0,Gamma-Other,76.87,MAG
TARA_SAMEA2622737_METAG_KGEJNFLH,0,0,0,Verrucomicrobiota,85.85,MAG
TARA_SAMEA2620879_METAG_CIAMLLCK,0,0,0,Gamma-Other,77.97,MAG
TARA_SAMEA4396515_METAG_AHLOCOKM,0,0,0,Gamma-Other,86.04,MAG
TARA_SAMEA2619815_METAG_OFMCCBEM,0,0,0,Planctomycetota,82.66,MAG
TARA_SAMEA2619815_METAG_PHDPGBKG,1,1,1,Alpha-Other,86.1,MAG
TARA_SAMEA2619815_METAG_KPFCFNFD,0,0,0,Alpha-Other,77.08,MAG
TARA_SAMEA2623403_METAG_MEPIEIJI,0,0,0,Gamma-Other,78.1,MAG
TARA_SAMEA2623403_METAG_NHJOEJMJ,0,0,0,Gamma-Other,83.34,MAG
TARA_SAMEA2623403_METAG_LEIHKKJE,0,0,0,Bacteroidota,79,MAG
TARA_SAMEA2620979_METAG_EKHKKFLG,0,0,0,Bacteroidota,82.76,MAG
TARA_SAMEA2620979_METAG_IHKPHCCC,0,0,0,Bacteroidota,81.04,MAG
TARA_SAMEA2620979_METAG_JLEMHCFN,0,0,0,Alpha-Other,78.38,MAG
TARA_SAMEA2620979_METAG_KCIPFAMB,0,0,0,Gamma-SAR86,79.84,MAG
TARA_SAMEA2620979_METAG_FGEAGNPF,0,0,0,Bacteroidota,92,MAG
TARA_SAMEA2620979_METAG_BJMAMAIE,0,0,0,Alpha-Other,89.95,MAG
TARA_SAMEA2620979_METAG_EEMDLGHD,0,0,0,Gamma-SAR86,75.6,MAG
TARA_SAMEA2620979_METAG_JIIDHDLK,0,0,0,Gamma-Other,80.65,MAG
TARA_SAMEA2620824_METAG_NIGBPHMF,0,0,0,Alpha-Other,91.91,MAG
TARA_SAMEA4398083_METAG_CLMKDBDH,0,0,0,Planctomycetota,79.64,MAG
TARA_SAMEA2622112_METAG_IANOCNJD,1,1,1,Gamma-Other,88.61,MAG
TARA_SAMEA4398027_METAG_EPKCBPAD,0,0,0,Alpha-Other,79.38,MAG
TARA_SAMEA2622517_METAG_GBFNLLOC,0,0,0,Alpha-Other,83.32,MAG
TARA_SAMEA2622517_METAG_BGPACDMB,0,0,0,Alpha-Rhodobacter,89.52,MAG
TARA_SAMEA2621101_METAG_IPCFIJJB,0,0,0,Actinobacteriota,82.29,MAG
TARA_SAMEA2621101_METAG_DOPHLGPD,0,0,0,Marinisomatota,85.37,MAG
TARA_SAMEA2621101_METAG_FNMEFJJE,0,0,0,Marinisomatota,84.74,MAG
TARA_SAMEA2621101_METAG_HEEODMFK,0,0,0,Gamma-Other,90.86,MAG
TARA_SAMEA2621101_METAG_IMKKJAHC,0,0,0,Gemmatimonadota,88.43,MAG
TARA_SAMEA2621101_METAG_CDKMDMCI,0,0,0,Alpha-Other,91.46,MAG
TARA_SAMEA2621101_METAG_BCIABNBL,0,0,0,Gamma-Other,86.23,MAG
TARA_SAMEA2621101_METAG_GDFJJCLP,0,0,0,Marinisomatota,88.26,MAG
TARA_SAMEA2621101_METAG_AHJPPEOG,0,0,0,Actinobacteriota,86.05,MAG
TARA_SAMEA2621101_METAG_ADJKNMAN,0,0,0,Marinisomatota,85.62,MAG
TARA_SAMEA2621101_METAG_MCLJFMNJ,0,0,0,Chloroflexota,81.54,MAG
TARA_SAMEA2621101_METAG_LPDMHAEH,0,0,0,Chloroflexota,88.25,MAG
TARA_SAMEA2621101_METAG_FECNGGJF,0,0,0,Alpha-Other,81.32,MAG
TARA_SAMEA2620094_METAG_GLAMBGEH,0,0,0,Gamma-Other,86.06,MAG
TARA_SAMEA4398238_METAG_HELLNAID,0,0,0,Alpha-Other,84.64,MAG
TARA_SAMEA2622842_METAG_JCAJGODB,0,0,0,Bacteria-Other,92.93,MAG
TARA_SAMEA2622842_METAG_CKJGAPFP,0,0,0,Gamma-SAR86,76.07,MAG
TARA_SAMEA2622842_METAG_KCJJLONP,0,0,0,Marinisomatota,77.12,MAG
TARA_SAMEA2622842_METAG_NBJBKLFA,0,0,0,Gamma-SAR86,75.11,MAG
TARA_SAMEA4397023_METAG_BMLDLMJI,1,1,1,Gamma-Alteromonas,81.96,MAG
TARA_SAMEA2622800_METAG_BCECDCPE,0,0,0,Chloroflexota,93.62,MAG
TARA_SAMEA2622800_METAG_DMJBLPMO,0,0,0,Chloroflexota,91.69,MAG
TARA_SAMEA2622800_METAG_LIHBKMMI,0,0,0,Alpha-Other,79.44,MAG
TARA_SAMEA2622800_METAG_OOGIBCID,0,0,0,Gamma-SAR86,79.86,MAG
TARA_SAMEA2622800_METAG_ILCIJNKJ,0,0,0,Marinisomatota,75.5,MAG
TARA_SAMEA2622800_METAG_MALOOEDO,0,0,0,Alpha-Other,77,MAG
TARA_SAMEA2622800_METAG_GBOHNLNP,0,0,0,Dadabacteria,87.4,MAG
TARA_SAMEA2622800_METAG_LPCMKGEP,0,0,0,Chloroflexota,88.28,MAG
TARA_SAMEA2622800_METAG_KGBAMJDN,0,0,0,Dadabacteria,90.14,MAG
TARA_SAMEA2622800_METAG_OCLDFKOI,0,0,0,Alpha-Other,78.24,MAG
TARA_SAMEA2622800_METAG_BHCABALC,0,0,0,Chloroflexota,82.88,MAG
TARA_SAMEA2622800_METAG_EBLFEBLG,0,0,0,Alpha-Pelagibacter,90.99,MAG
TARA_SAMEA2622800_METAG_KNCINLLI,0,0,0,Alpha-Other,96.7,MAG
TARA_SAMEA2622800_METAG_FALMNMFE,0,0,0,Actinobacteriota,78.5,MAG
TARA_SAMEA2622800_METAG_IJFCHJJC,0,0,0,Alpha-Other,91.38,MAG
TARA_SAMEA2622800_METAG_OEBGHHAF,0,0,0,Chloroflexota,76.63,MAG
TARA_SAMEA2623370_METAG_LPNKHHKL,0,0,0,Archaea-Poseidoniia MGIIa,86.36,MAG
TARA_SAMEA2621278_METAG_LPNCLAJG,0,0,0,Chloroflexota,82.06,MAG
TARA_SAMEA2621278_METAG_CFBIOLIO,0,0,0,Bacteria-Other,82.14,MAG
TARA_SAMEA2621278_METAG_AJOJAPJO,0,0,0,Gemmatimonadota,94.7,MAG
TARA_SAMEA2621278_METAG_BCECPHHK,0,0,0,Chloroflexota,94.53,MAG
TARA_SAMEA2621278_METAG_NCLNNEBJ,0,0,0,Chloroflexota,85.99,MAG
TARA_SAMEA2621278_METAG_NGCKONKJ,0,0,0,Chloroflexota,79,MAG
TARA_SAMEA2621278_METAG_NMIOPJPK,0,0,0,Gemmatimonadota,91.07,MAG
TARA_SAMEA2621278_METAG_NBLPKAOK,0,0,0,Gamma-Other,76.98,MAG
TARA_SAMEA2621278_METAG_BADJEJDG,0,0,0,Chloroflexota,94.79,MAG
TARA_SAMEA2621278_METAG_OCFMHDJK,0,0,0,Dadabacteria,82,MAG
TARA_SAMEA2623370_METAG_DAAFHPNA,0,0,0,Archaea-Poseidoniia MGIIb,76.21,MAG
TARA_SAMEA2622677_METAG_HKJGCMDC,0,0,0,Gamma-SAR86,77.1,MAG
TARA_SAMEA2622677_METAG_IHBKAMIK,0,0,0,Gamma-Other,78.06,MAG
TARA_SAMEA2622677_METAG_FDKFBDEE,0,0,0,SAR324,84.62,MAG
TARA_SAMEA2622677_METAG_MIPDPMDH,0,0,0,Actinobacteriota,81.24,MAG
TARA_SAMEA2622677_METAG_KIOBHHEA,0,0,0,Marinisomatota,86,MAG
TARA_SAMEA2622677_METAG_BMDAHOJF,0,0,0,Alpha-Other,80.64,MAG
TARA_SAMEA2622677_METAG_DMLDBCHE,0,0,0,Marinisomatota,88.94,MAG
TARA_SAMEA2622677_METAG_KLOICJNN,0,0,0,Bacteroidota,75.68,MAG
TARA_SAMEA2622677_METAG_JKKDAJJH,0,0,0,Marinisomatota,91.07,MAG
TARA_SAMEA2622677_METAG_FINCLJDI,0,0,0,Alpha-Other,92.78,MAG
TARA_SAMEA4397536_METAG_NKBAHGKM,0,0,0,Planctomycetota,98.2,MAG
TARA_SAMEA2621020_METAG_GNOOLGDI,0,0,0,Gamma-SAR86,82.44,MAG
TARA_SAMEA2621020_METAG_FCOODGGJ,0,0,0,Actinobacteriota,87.24,MAG
TARA_SAMEA2621020_METAG_KDFBMEIF,0,0,0,Actinobacteriota,86.68,MAG
TARA_SAMEA2621020_METAG_NJEPPOPP,0,0,0,Chloroflexota,88.68,MAG
TARA_SAMEA2621020_METAG_JODGKBMM,0,0,0,Marinisomatota,78.94,MAG
TARA_SAMEA2621020_METAG_AFHGENMM,0,0,0,Actinobacteriota,84.7,MAG
TARA_SAMEA2621020_METAG_MEPMHGKA,0,0,0,Dadabacteria,86.32,MAG
TARA_SAMEA2621020_METAG_NHILELEF,0,0,0,Chloroflexota,91.02,MAG
TARA_SAMEA2620980_METAG_JHOFOCNB,0,0,0,Gamma-SAR86,80.41,MAG
TARA_SAMEA2620980_METAG_DNPBFBJC,0,0,0,Bacteroidota,96.04,MAG
TARA_SAMEA2620980_METAG_FGPOLAOK,0,0,0,Bacteria-Other,87.37,MAG
TARA_SAMEA2620980_METAG_HMHAAAOF,0,0,0,Alpha-Other,76.35,MAG
TARA_SAMEA2620980_METAG_IODFFPCF,0,0,0,Marinisomatota,76.58,MAG
TARA_SAMEA2620980_METAG_PHHFKLND,0,0,0,Alpha-Other,87.44,MAG
TARA_SAMEA2620980_METAG_PLKKMMCD,0,0,0,Marinisomatota,83.55,MAG
TARA_SAMEA2620980_METAG_AKEKGIHA,0,0,0,Bacteroidota,86.7,MAG
TARA_SAMEA4397051_METAG_HABCLHAE,1,1,1,Actinobacteriota,85.49,MAG
TARA_SAMEA4397051_METAG_FMFJHNCF,0,0,0,Alpha-Rhodobacter,83.64,MAG
TARA_SAMEA2619686_METAG_LBKMMDJO,0,0,0,Gamma-Other,88.06,MAG
TARA_SAMEA2620120_METAG_NLNLGMDD,0,0,0,Alpha-Other,97.25,MAG
TARA_SAMEA2621076_METAG_KHMANDMA,0,0,0,Gamma-SAR86,84.88,MAG
TARA_SAMEA2623135_METAG_HBBOJHMH,0,0,0,Archaea-Poseidoniia MGIIb,78.08,MAG
TARA_SAMEA2622765_METAG_GEDEMOJM,0,0,0,Bacteria-Other,79.54,MAG
TARA_SAMEA2622765_METAG_PPGGLINC,0,0,0,Bacteria-Other,76.46,MAG
TARA_SAMEA2622765_METAG_OBEPKKJE,0,0,0,Alpha-Other,94.12,MAG
TARA_SAMEA2622765_METAG_BLOCBMGF,0,0,0,Bacteroidota,92.3,MAG
TARA_SAMEA2622765_METAG_CKFKPPID,0,0,0,Bacteria-Other,78.09,MAG
TARA_SAMEA2622765_METAG_FIEEAKMA,0,0,0,Gamma-SAR86,82.2,MAG
TARA_SAMEA2622765_METAG_HKEFBCAF,0,0,0,Bacteroidota,77.72,MAG
TARA_SAMEA4397948_METAG_IJOGEJFC,0,0,0,Alpha-Rhodobacter,78.19,MAG
TARA_SAMEA2621099_METAG_JPPBOHFF,0,0,0,Marinisomatota,87.1,MAG
TARA_SAMEA2621099_METAG_BBPLFPIN,0,0,0,Actinobacteriota,87.66,MAG
TARA_SAMEA2621099_METAG_OLCNODAD,0,0,0,Marinisomatota,80.4,MAG
TARA_SAMEA2621099_METAG_PEFOJHEF,0,0,0,Alpha-Other,90.98,MAG
TARA_SAMEA2621099_METAG_HOBNELAJ,0,0,0,Marinisomatota,82.26,MAG
TARA_SAMEA2621099_METAG_ECHNLDBH,0,0,0,Gamma-Other,81.44,MAG
TARA_SAMEA2622822_METAG_GIDNJNGB,0,0,0,Chloroflexota,92.15,MAG
TARA_SAMEA2622822_METAG_DOLEHEGO,0,0,0,Chloroflexota,90.32,MAG
TARA_SAMEA2622822_METAG_HKCEKDKN,0,0,0,Chloroflexota,81.18,MAG
TARA_SAMEA2622822_METAG_AOIKDJGK,0,0,0,Dadabacteria,83.36,MAG
TARA_SAMEA2622822_METAG_IBFCGHLC,0,0,0,Marinisomatota,83.79,MAG
TARA_SAMEA2622822_METAG_MJJDODNH,0,0,0,Gamma-Other,86.62,MAG
TARA_SAMEA2622822_METAG_PBOMBAPG,0,0,0,Chloroflexota,92.14,MAG
TARA_SAMEA2622822_METAG_KGNHGHNB,0,0,0,Gamma-SAR86,82.7,MAG
TARA_SAMEA2622822_METAG_ACGBCIPC,0,0,0,Chloroflexota,81.46,MAG
TARA_SAMEA2622822_METAG_PPEPLHJD,0,0,0,Bacteria-Other,92.96,MAG
TARA_SAMEA2622822_METAG_KHPMEDOP,0,0,0,Alpha-Other,81.32,MAG
TARA_SAMEA2622822_METAG_DCGILOOC,0,0,0,Chloroflexota,85.66,MAG
TARA_SAMEA2622822_METAG_CGAFIPGJ,0,0,0,Marinisomatota,80.39,MAG
TARA_SAMEA2622822_METAG_CPGMGFFM,0,0,0,Actinobacteriota,88.32,MAG
TARA_SAMEA2622822_METAG_DODNIHCG,0,0,0,Chloroflexota,94.57,MAG
TARA_SAMEA2622822_METAG_ENPJMAFC,0,0,0,Actinobacteriota,94.36,MAG
TARA_SAMEA2622822_METAG_EGPDDNLC,0,0,0,Actinobacteriota,81.05,MAG
TARA_SAMEA2622822_METAG_KJGPOEJH,0,0,0,Alpha-Other,82.4,MAG
TARA_SAMEA2622822_METAG_IBLHHNDG,0,0,0,Gemmatimonadota,76.3,MAG
TARA_SAMEA2622822_METAG_OOAHGLNF,0,0,0,Gamma-SAR86,81.3,MAG
TARA_SAMEA2622822_METAG_GMHBKMAI,0,0,0,Actinobacteriota,89.38,MAG
TARA_SAMEA2622822_METAG_COBANFBO,1,1,1,Alpha-Other,81.35,MAG
TARA_SAMEA2622822_METAG_LDCAOINI,0,0,0,Chloroflexota,89.74,MAG
TARA_SAMEA2622822_METAG_FLCFAJCA,0,0,0,Alpha-Pelagibacter,86.08,MAG
TARA_SAMEA2622822_METAG_MJMGIHDM,0,0,0,Dadabacteria,89.04,MAG
TARA_SAMEA2622822_METAG_MKCIHLBL,0,0,0,Alpha-Other,76.35,MAG
TARA_SAMEA2622822_METAG_OOPELNDP,0,0,0,Chloroflexota,96.28,MAG
TARA_SAMEA2622822_METAG_JIHKFOGF,0,0,0,Actinobacteriota,80.94,MAG
TARA_SAMEA2622822_METAG_CEIMONIJ,0,0,0,Chloroflexota,81.44,MAG
TARA_SAMEA2622822_METAG_MKFHKELK,0,0,0,Gamma-Other,86.34,MAG
TARA_SAMEA2622822_METAG_GIHPBJLA,0,0,0,Actinobacteriota,93.34,MAG
TARA_SAMEA2622822_METAG_MEBIEAKE,0,0,0,Alpha-Other,79.19,MAG
TARA_SAMEA2622822_METAG_POIMECNF,0,0,0,Chloroflexota,89.96,MAG
TARA_SAMEA2622822_METAG_DAPOALAA,0,0,0,Marinisomatota,85.46,MAG
TARA_SAMEA2622822_METAG_JBEGBFEE,0,0,0,Chloroflexota,90.5,MAG
TARA_SAMEA2622822_METAG_FMPHDMDO,0,0,0,Actinobacteriota,87.18,MAG
TARA_SAMEA2622822_METAG_KBPNGAMH,0,0,0,Chloroflexota,92.3,MAG
TARA_SAMEA2622822_METAG_BAJNOLEA,0,0,0,Chloroflexota,87.56,MAG
TARA_SAMEA2622822_METAG_POHFLGFG,0,0,0,Gamma-Other,77.45,MAG
TARA_SAMEA2622822_METAG_DFIAAHBH,0,0,0,Marinisomatota,75.68,MAG
TARA_SAMEA2622822_METAG_GPEDNHIC,0,0,0,Actinobacteriota,81.1,MAG
TARA_SAMEA2621260_METAG_OFPAFNIP,0,0,0,Bacteroidota,89.22,MAG
TARA_SAMEA2621260_METAG_ACDBAPEE,0,0,0,Gamma-Other,83.65,MAG
TARA_SAMEA2621260_METAG_GADOCIOF,0,0,0,Bacteria-Other,84.57,MAG
TARA_SAMEA2621259_METAG_OOAMCINK,0,0,0,Gamma-Other,84.95,MAG
TARA_SAMEA2621259_METAG_FBKPAGOO,0,0,0,Gamma-Other,80.8,MAG
TARA_SAMEA2621259_METAG_JBJDJDPN,0,0,0,Gamma-Other,81.69,MAG
TARA_SAMEA2621259_METAG_NCGFKAJC,0,0,0,Gamma-Other,76.04,MAG
TARA_SAMEA2620672_METAG_MBBHHLEB,0,0,0,Archaea-Poseidoniia MGIIa,77.65,MAG
TARA_SAMEA2621423_METAG_CHHHOJLJ,0,0,0,Archaea-Poseidoniia MGIIa,79.48,MAG
TARA_SAMEA2619974_METAG_EJEPOPIL,0,0,0,Patescibacteria,79.19,MAG
TARA_SAMEA2619974_METAG_PNOAIMNL,0,0,0,Marinisomatota,92.42,MAG
TARA_SAMEA2619974_METAG_KEFFOHEL,0,0,0,Marinisomatota,92.72,MAG
TARA_SAMEA2622478_METAG_MHFDCOKH,0,0,0,Archaea-Poseidoniia MGIIb,80.11,MAG
TARA_SAMEA2619974_METAG_LELCCMEJ,0,0,0,Patescibacteria,80.83,MAG
TARA_SAMEA2619974_METAG_JDKCCFKH,0,0,0,Marinisomatota,95.83,MAG
TARA_SAMEA2621155_METAG_IJGHMKMB,0,0,0,Archaea-Poseidoniia MGIIb,84.62,MAG
TARA_SAMEA2623488_METAG_NOIHPPIF,0,0,0,Archaea-Poseidoniia MGIIb,79.74,MAG
TARA_SAMEA2619974_METAG_CFJLDOFD,0,0,0,Patescibacteria,82.68,MAG
TARA_SAMEA2622710_METAG_ICOJGMKP,0,0,0,Archaea-Other,77.58,MAG
TARA_SAMEA2619974_METAG_LCNMMBID,0,0,0,Actinobacteriota,90.98,MAG
TARA_SAMEA2623079_METAG_OEFJMPBP,0,0,0,Archaea-Poseidoniia MGIIb,77.09,MAG
TARA_SAMEA2623079_METAG_HNKJBGMB,0,0,0,Archaea-Poseidoniia MGIIb,78.93,MAG
TARA_SAMEA2619974_METAG_FBMHEAIN,0,0,0,Marinisomatota,89.61,MAG
TARA_SAMEA2619974_METAG_FFEBIHPK,0,0,0,Patescibacteria,80.4,MAG
TARA_SAMEA2622173_METAG_MPEADMPD,0,0,0,Archaea-Poseidoniia MGIIb,80.9,MAG
TARA_SAMEA2623390_METAG_FMBDDNEN,0,0,0,Archaea-Other,90.48,MAG
TARA_SAMEA2623390_METAG_COFHMIAL,0,0,0,Archaea-Other,81.38,MAG
TARA_SAMEA2620081_METAG_PKGFLKNL,0,0,0,Archaea-Poseidoniia MGIIb,81.3,MAG
TARA_SAMEA2619974_METAG_FFMDGJEP,0,0,0,Patescibacteria,77.84,MAG
TARA_SAMEA2620081_METAG_CJFPHGID,0,0,0,Archaea-Poseidoniia MGIIb,75.84,MAG
TARA_SAMEA2619974_METAG_IOJPHMIM,0,0,0,Actinobacteriota,96.43,MAG
TARA_SAMEA2619970_METAG_GBKFBPKM,0,0,0,Archaea-Other,88.74,MAG
TARA_SAMEA2620021_METAG_JDDEFHEC,0,0,0,Archaea-Other,81.02,MAG
TARA_SAMEA2620021_METAG_DMBKEAJI,0,0,0,Archaea-Poseidoniia MGIIb,79.85,MAG
TARA_SAMEA2619974_METAG_CELEHPPD,0,0,0,Patescibacteria,77.15,MAG
TARA_SAMEA2619974_METAG_LHGELCPO,0,0,0,Patescibacteria,78.13,MAG
TARA_SAMEA2619974_METAG_OGGPLFGG,0,0,0,Chloroflexota,79.97,MAG
TARA_SAMEA2619974_METAG_IMAFLLNG,0,0,0,Marinisomatota,81.98,MAG
TARA_SAMEA2619974_METAG_OMLHJDHA,0,0,0,Marinisomatota,83.68,MAG
TARA_SAMEA2622673_METAG_MCALEAJH,0,0,0,Archaea-Poseidoniia MGIIb,80.39,MAG
TARA_SAMEA2619548_METAG_MIHBNKIL,0,0,0,Archaea-Poseidoniia MGIIb,87.8,MAG
TARA_SAMEA2619548_METAG_BILEJEDO,0,0,0,Archaea-Other,82.38,MAG
TARA_SAMEA2619548_METAG_KCBPGICI,0,0,0,Archaea-Poseidoniia MGIIb,81.16,MAG
TARA_SAMEA2619974_METAG_EBHJAPLM,0,0,0,Alpha-Pelagibacter,78.21,MAG
TARA_SAMEA4398266_METAG_ACLPJJMH,0,0,0,Alpha-Other,80.07,MAG
TARA_SAMEA2622738_METAG_GAKIIHED,0,0,0,Chloroflexota,86.68,MAG
TARA_SAMEA2622738_METAG_BNEKNHNB,0,0,0,Marinisomatota,87.93,MAG
TARA_SAMEA2621551_METAG_IDPFDBCJ,0,0,0,Archaea-Poseidoniia MGIIb,79.76,MAG
TARA_SAMEA4398432_METAG_IHNJNEAP,1,1,1,Bacteroidota,91.84,MAG
TARA_SAMEA2621222_METAG_KKDEGGHP,0,0,0,Chloroflexota,94.12,MAG
TARA_SAMEA2621222_METAG_IGJMIHLH,0,0,0,Chloroflexota,91.66,MAG
TARA_SAMEA2621222_METAG_CEOPIGAK,0,0,0,Marinisomatota,82.22,MAG
TARA_SAMEA2621222_METAG_MJDMHFMJ,0,0,0,Bacteria-Other,77.36,MAG
TARA_SAMEA2621222_METAG_IHMNJDLG,0,0,0,Gemmatimonadota,92.42,MAG
TARA_SAMEA2621222_METAG_MFFIGDJC,0,0,0,Chloroflexota,92.64,MAG
TARA_SAMEA2621222_METAG_HEGHLCDD,0,0,0,Chloroflexota,93.35,MAG
TARA_SAMEA2621222_METAG_CNGLJLMB,0,0,0,Dadabacteria,89.6,MAG
TARA_SAMEA2621222_METAG_MPFCLKBF,0,0,0,Bacteria-Other,83.43,MAG
TARA_SAMEA2621222_METAG_CONFCAFG,0,0,0,Chloroflexota,76.12,MAG
TARA_SAMEA4397330_METAG_GFBBFFPE,0,0,0,Alpha-Other,85.44,MAG
TARA_SAMEA4397330_METAG_MLPOFECG,1,1,1,Gamma-Other,86.57,MAG
TARA_SAMEA4397330_METAG_KDMGKJIF,0,0,0,Planctomycetota,81.88,MAG
TARA_SAMEA2621564_METAG_CNFCOAGG,1,1,1,Gamma-Other,76.69,MAG
TARA_SAMEA2622696_METAG_JOMKGDAF,0,0,0,Gamma-SAR86,79.3,MAG
TARA_SAMEA2622696_METAG_LOBOKMIB,0,0,0,Verrucomicrobiota,89.77,MAG
TARA_SAMEA2622696_METAG_DDCBKPGC,0,0,0,Chloroflexota,80.08,MAG
TARA_SAMEA2622696_METAG_JMEFDEOH,0,0,0,Chloroflexota,81.86,MAG
TARA_SAMEA2622696_METAG_ABFIPDPK,0,0,0,Gamma-SAR86,77.84,MAG
TARA_SAMEA2622696_METAG_KBBNDPHL,0,0,0,Alpha-Other,92.82,MAG
TARA_SAMEA2622696_METAG_KPHCJLLL,0,0,0,Alpha-Rhodobacter-LowGC,82.34,MAG
TARA_SAMEA2622696_METAG_KGIODGLG,0,0,0,Marinisomatota,86.25,MAG
TARA_SAMEA2622696_METAG_IDHDGHOG,0,0,0,Marinisomatota,84.02,MAG
TARA_SAMEA2622696_METAG_KAKJFCOM,0,0,0,Alpha-Other,83.15,MAG
TARA_SAMEA2620256_METAG_MECLBIAM,0,0,0,Alpha-Other,84.43,MAG
TARA_SAMEA2619747_METAG_CAJAMPHK,0,0,0,Gamma-Other,79.44,MAG
TARA_SAMEA2619747_METAG_JBDDHCJO,0,0,0,Alpha-Other,86.16,MAG
TARA_SAMEA2619747_METAG_NIBIJEAK,0,0,0,Alpha-Rhodobacter,76.39,MAG
TARA_SAMEA2621044_METAG_BMCIHNBO,0,0,0,Dadabacteria,85.52,MAG
TARA_SAMEA2621044_METAG_DDNDBKKK,0,0,0,Actinobacteriota,79.78,MAG
TARA_SAMEA2623627_METAG_CPPDMDEJ,0,0,0,Archaea-Other,90.77,MAG
TARA_SAMEA2621044_METAG_DNHIODMI,0,0,0,Gamma-SAR86,80.71,MAG
TARA_SAMEA2621044_METAG_JGKKDJCN,0,0,0,Actinobacteriota,77.78,MAG
TARA_SAMEA2623627_METAG_CFBKPOFJ,0,0,0,Archaea-Poseidoniia MGIIb,86.82,MAG
TARA_SAMEA2621044_METAG_LGIKMKON,0,0,0,Chloroflexota,89.28,MAG
TARA_SAMEA2621044_METAG_HMFLHOGF,0,0,0,Chloroflexota,92.15,MAG
TARA_SAMEA2621044_METAG_ABCBPDNN,0,0,0,Actinobacteriota,88.05,MAG
TARA_SAMEA2621044_METAG_CGDFHKHG,0,0,0,Marinisomatota,78.54,MAG
TARA_SAMEA2621528_METAG_INEPOEAI,0,0,0,Alpha-Other,95.23,MAG
TARA_SAMEA2621528_METAG_PMNPCKGK,0,0,0,Alpha-Other,90.72,MAG
TARA_SAMEA2620783_METAG_DJEACFGL,0,0,0,Alpha-Other,96.48,MAG
TARA_SAMEA2621191_METAG_COMJHHCH,0,0,0,Alpha-Other,79.94,MAG
TARA_SAMEA4397445_METAG_HPOMHCCI,1,1,1,Gamma-Other,78.55,MAG
TARA_SAMEA4398315_METAG_FFHILPHF,0,0,0,Bacteroidota,75.74,MAG
TARA_SAMEA2619950_METAG_HJFAPACK,0,0,0,Bacteroidota,75.35,MAG
TARA_SAMEA2621295_METAG_GDLIFINF,0,0,0,Gemmatimonadota,90.44,MAG
TARA_SAMEA2621295_METAG_FJLCOPKF,0,0,0,Actinobacteriota,82.02,MAG
TARA_SAMEA2621295_METAG_CAFIMLEL,0,0,0,Marinisomatota,79.38,MAG
TARA_SAMEA2621295_METAG_IKCOIJEE,0,0,0,Actinobacteriota,87.34,MAG
TARA_SAMEA2621295_METAG_ECADHANO,0,0,0,Actinobacteriota,80.01,MAG
TARA_SAMEA2621295_METAG_FCHAFGLO,0,0,0,Gamma-Other,85.76,MAG
TARA_SAMEA2622716_METAG_AIKIDNMC,0,0,0,Bacteroidota,97.58,MAG
TARA_SAMEA2622716_METAG_PGFFMCOD,0,0,0,Bacteroidota,84.94,MAG
TARA_SAMEA2622716_METAG_FJPBONOE,0,0,0,Alpha-Puniceispirilla,86.88,MAG
TARA_SAMEA2622716_METAG_EFJMPCMG,0,0,0,Actinobacteriota,87.69,MAG
TARA_SAMEA2622716_METAG_PFDIOFHE,0,0,0,Gamma-Other,79.79,MAG
TARA_SAMEA2622716_METAG_BJFCCOBP,0,0,0,Bacteroidota,86.27,MAG
TARA_SAMEA2622716_METAG_HLKCEHMD,0,0,0,Gamma-Other,83.26,MAG
TARA_SAMEA2622716_METAG_JAAIOKDA,0,0,0,Bacteroidota,89.34,MAG
TARA_SAMEA2622716_METAG_ENBNMECC,0,0,0,Alpha-Puniceispirilla,86.26,MAG
TARA_SAMEA2622716_METAG_PAOCMJDN,0,0,0,Gamma-SAR86,76.47,MAG
TARA_SAMEA2622716_METAG_EBADBMMI,0,0,0,Marinisomatota,78.03,MAG
TARA_SAMEA2622716_METAG_MHNEMLMC,0,0,0,Alpha-Other,81.16,MAG
TARA_SAMEA2622716_METAG_AHMKDKGM,0,0,0,Alpha-Other,80.06,MAG
TARA_SAMEA2622715_METAG_FGAMECKC,0,0,0,Marinisomatota,83.24,MAG
TARA_SAMEA2622715_METAG_FGPFIDMB,0,0,0,Alpha-Other,99.06,MAG
TARA_SAMEA2622715_METAG_MOAMGJFF,0,0,0,Actinobacteriota,76.08,MAG
TARA_SAMEA2622715_METAG_HCAJFCNH,0,0,0,Actinobacteriota,93.2,MAG
TARA_SAMEA2622715_METAG_HNJDOAOO,0,0,0,Gamma-Other,88.34,MAG
TARA_SAMEA2622715_METAG_DGPMFALG,0,0,0,Alpha-Other,97.96,MAG
TARA_SAMEA2622823_METAG_INOGNMCC,0,0,0,Verrucomicrobiota,83.54,MAG
TARA_SAMEA2622823_METAG_MJBLNHDD,0,0,0,Marinisomatota,83.84,MAG
TARA_SAMEA2622823_METAG_HHHENNDP,1,1,1,Alpha-Other,91.52,MAG
TARA_SAMEA2622823_METAG_GIMJMCOH,0,0,0,Verrucomicrobiota,75.26,MAG
TARA_SAMEA2622823_METAG_BHDJKCOH,0,0,0,Chloroflexota,93.48,MAG
TARA_SAMEA2622823_METAG_JAIIDGOP,0,0,0,Chloroflexota,77.33,MAG
TARA_SAMEA2622823_METAG_JJJPPKOO,0,0,0,Gamma-SAR86,75.5,MAG
TARA_SAMEA2622823_METAG_HHJJBFGC,0,0,0,Chloroflexota,92.8,MAG
TARA_SAMEA2622823_METAG_HINEEMFJ,0,0,0,Bacteria-Other,84.25,MAG
TARA_SAMEA2622823_METAG_AALDDLJG,1,1,1,Verrucomicrobiota,76.56,MAG
TARA_SAMEA2622823_METAG_AHKNFLFD,0,0,0,Actinobacteriota,86.89,MAG
TARA_SAMEA2622823_METAG_OCIPKANB,0,0,0,Marinisomatota,85.62,MAG
TARA_SAMEA2622823_METAG_PNELPBBG,0,0,0,Gemmatimonadota,77.15,MAG
TARA_SAMEA2622823_METAG_CCCMEPMO,0,0,0,Chloroflexota,94.4,MAG
TARA_SAMEA2622823_METAG_OEIIILKL,0,0,0,Chloroflexota,85.95,MAG
TARA_SAMEA2622823_METAG_EHCBNKGF,0,0,0,Gamma-SAR86,76.56,MAG
TARA_SAMEA2622823_METAG_HBGKDGAH,0,0,0,Chloroflexota,89.95,MAG
TARA_SAMEA2622823_METAG_NEEIGFLL,0,0,0,Actinobacteriota,88.42,MAG
TARA_SAMEA2622823_METAG_KBDJACKE,0,0,0,Chloroflexota,92.61,MAG
TARA_SAMEA2622823_METAG_OKBBBHIE,1,1,1,Planctomycetota,96.2,MAG
TARA_SAMEA2622823_METAG_CBJBKNKM,0,0,0,Chloroflexota,93.27,MAG
TARA_SAMEA2622823_METAG_LAKHEFOK,0,0,0,Dadabacteria,77.76,MAG
TARA_SAMEA2622823_METAG_KJMJKJPL,0,0,0,Gamma-Other,77.69,MAG
TARA_SAMEA2622823_METAG_LEBOBHNK,0,0,0,Actinobacteriota,89.77,MAG
TARA_SAMEA2622823_METAG_NIEPKHNO,0,0,0,Marinisomatota,75.61,MAG
TARA_SAMEA2622823_METAG_CLFPEDAA,0,0,0,Bacteria-Other,77.81,MAG
TARA_SAMEA2622823_METAG_AOIDCFLB,0,0,0,Gemmatimonadota,93.44,MAG
TARA_SAMEA2622823_METAG_KGGCKLGK,0,0,0,Gamma-Other,85.74,MAG
TARA_SAMEA2622823_METAG_PMKPJLDB,0,0,0,Alpha-Other,79.5,MAG
TARA_SAMEA2622823_METAG_EFBMEGBD,0,0,0,Gemmatimonadota,90.9,MAG
TARA_SAMEA2622823_METAG_CNBNPIIP,0,0,0,Verrucomicrobiota,95.32,MAG
TARA_SAMEA2620421_METAG_CACDNKPN,0,0,0,Bacteroidota,82.4,MAG
TARA_SAMEA4397118_METAG_OKNDPBEJ,0,0,0,Gamma-Other,89.66,MAG
TARA_SAMEA4397118_METAG_LHADHHLJ,0,0,0,Alpha-Other,76.76,MAG
TARA_SAMEA4397118_METAG_IAPDEHFJ,0,0,0,Planctomycetota,97.84,MAG
TARA_SAMEA2620106_METAG_LDPDJAPM,0,0,0,Marinisomatota,89.06,MAG
TARA_SAMEA2622119_METAG_FFEDPHBE,0,0,0,Archaea-Poseidoniia MGIIb,82.93,MAG
TARA_SAMEA2622119_METAG_BLDOOFIK,0,0,0,Archaea-Poseidoniia MGIIb,78.63,MAG
TARA_SAMEA2622796_METAG_NMPLJOFK,0,0,0,Archaea-Poseidoniia MGIIb,86.74,MAG
TARA_SAMEA2622796_METAG_BKONDMCH,0,0,0,Archaea-Poseidoniia MGIIb,82.41,MAG
TARA_SAMEA2620106_METAG_CJGMOBPF,0,0,0,Marinisomatota,90.28,MAG
TARA_SAMEA2622796_METAG_IDICJGCK,0,0,0,Archaea-Poseidoniia MGIIb,80.6,MAG
TARA_SAMEA2622796_METAG_EFMHLCND,0,0,0,Archaea-Poseidoniia MGIIb,78.7,MAG
TARA_SAMEA2622796_METAG_AAOAHOHD,0,0,0,Archaea-Poseidoniia MGIIb,76.22,MAG
TARA_SAMEA2620106_METAG_NDAHNLGG,0,0,0,Alpha-Pelagibacter,91.82,MAG
TARA_SAMEA2620106_METAG_KFNKCAII,0,0,0,Marinisomatota,93.79,MAG
TARA_SAMEA2623886_METAG_CKKOGGOP,0,0,0,Archaea-Poseidoniia MGIIb,83,MAG
TARA_SAMEA2620106_METAG_NKEAPEFG,0,0,0,Marinisomatota,89.61,MAG
TARA_SAMEA2623886_METAG_CLBJMLNK,0,0,0,Archaea-Poseidoniia MGIIb,83.12,MAG
TARA_SAMEA2620106_METAG_MFLJEJNO,0,0,0,Marinisomatota,90.19,MAG
TARA_SAMEA2623886_METAG_IABPPFLJ,0,0,0,Archaea-Poseidoniia MGIIb,76.02,MAG
TARA_SAMEA2623734_METAG_FAEPFLJD,0,0,0,Archaea-Poseidoniia MGIIb,83.26,MAG
TARA_SAMEA2623734_METAG_CBAENPDF,0,0,0,Archaea-Poseidoniia MGIIb,76.81,MAG
TARA_SAMEA2623734_METAG_JJLNOAMP,0,0,0,Archaea-Poseidoniia MGIIa,82.56,MAG
TARA_SAMEA2620106_METAG_HDFPKOKE,0,0,0,Marinisomatota,97.65,MAG
TARA_SAMEA2622923_METAG_GPGLDFJK,0,0,0,Archaea-Poseidoniia MGIIb,83.1,MAG
TARA_SAMEA2622923_METAG_EFOIIGPG,0,0,0,Archaea-Poseidoniia MGIIb,77.31,MAG
TARA_SAMEA2621277_METAG_MHMODPJB,0,0,0,Chloroflexota,93.35,MAG
TARA_SAMEA2621277_METAG_EDGAFOGJ,0,0,0,Chloroflexota,97.5,MAG
TARA_SAMEA2621277_METAG_MHELEDKP,0,0,0,Chloroflexota,84.27,MAG
TARA_SAMEA2621277_METAG_PBHFIMIL,0,0,0,Marinisomatota,88.28,MAG
TARA_SAMEA2621277_METAG_BEGOJJHC,0,0,0,Marinisomatota,79.15,MAG
TARA_SAMEA2621277_METAG_GFKFOMBI,0,0,0,Alpha-Pelagibacter,76.84,MAG
TARA_SAMEA2621277_METAG_KGJPGLNK,0,0,0,Chloroflexota,83.72,MAG
TARA_SAMEA2621277_METAG_AHLMOLEF,0,0,0,Gemmatimonadota,89.44,MAG
TARA_SAMEA2621277_METAG_GEIJAIMG,0,0,0,Chloroflexota,89.45,MAG
TARA_SAMEA2621277_METAG_DODNFDBE,0,0,0,Dadabacteria,87.96,MAG
TARA_SAMEA2621277_METAG_GJFLELGL,0,0,0,Marinisomatota,76.76,MAG
TARA_SAMEA4397255_METAG_OLNPCAAC,0,0,0,Planctomycetota,84.38,MAG
TARA_SAMEA4397255_METAG_PLLGKKAB,0,0,0,Planctomycetota,97.66,MAG
TARA_SAMEA2622852_METAG_FFFGBMEB,0,0,0,Alpha-Rhodobacter,87.32,MAG
TARA_SAMEA2622852_METAG_PGCDKMNA,0,0,0,Planctomycetota,84.07,MAG
TARA_SAMEA2619791_METAG_ACDNDFDF,0,0,0,Alpha-Other,98.74,MAG
TARA_SAMEA2619791_METAG_HCDGNEGA,0,0,0,Alpha-Other,93.96,MAG
TARA_SAMEA2621021_METAG_BOEABGLB,0,0,0,Actinobacteriota,76.96,MAG
TARA_SAMEA2622817_METAG_PEOOKDGA,0,0,0,Archaea-Other,84.62,MAG
TARA_SAMEA2621021_METAG_GCLNCJNM,0,0,0,Verrucomicrobiota,84.43,MAG
TARA_SAMEA2621021_METAG_NPPOGAHF,0,0,0,Actinobacteriota,79.63,MAG
TARA_SAMEA2621021_METAG_DLAKHKMF,0,0,0,Alpha-Rhodobacter-LowGC,93.38,MAG
TARA_SAMEA2621021_METAG_BJINLBPH,0,0,0,Chloroflexota,78.32,MAG
TARA_SAMEA2621021_METAG_FBMNKIIL,0,0,0,Verrucomicrobiota,86.04,MAG
TARA_SAMEA2622817_METAG_DKJMOFAL,0,0,0,Archaea-Other,76.11,MAG
TARA_SAMEA2621021_METAG_BGGMKEGM,0,0,0,Gemmatimonadota,78.17,MAG
TARA_SAMEA2621021_METAG_HCLFMGNE,0,0,0,Alpha-Rhodobacter-LowGC,89.57,MAG
TARA_SAMEA2620217_METAG_LEPOLFKL,0,0,0,Archaea-Poseidoniia MGIIb,78.74,MAG
TARA_SAMEA2622212_METAG_NFMEABOA,0,0,0,Alpha-Other,93.12,MAG
TARA_SAMEA2620217_METAG_CGLKIDMI,0,0,0,Archaea-Poseidoniia MGIIb,76.9,MAG
TARA_SAMEA2621242_METAG_AEBAJCCD,0,0,0,Gamma-Other,86.27,MAG
TARA_SAMEA2621242_METAG_EEHFDOGH,0,0,0,Gamma-Other,85.65,MAG
TARA_SAMEA2621242_METAG_CAFFBPBO,0,0,0,Marinisomatota,90.3,MAG
TARA_SAMEA2621242_METAG_GDCOCGFJ,0,0,0,Alpha-Other,89.78,MAG
TARA_SAMEA2621242_METAG_FGBAIFLG,0,0,0,Alpha-Pelagibacter,76.56,MAG
TARA_SAMEA2621242_METAG_FPLNOMFG,0,0,0,Marinisomatota,89.58,MAG
TARA_SAMEA2622657_METAG_LPDOKJDC,0,0,0,Marinisomatota,76.83,MAG
TARA_SAMEA2622657_METAG_KFLLDPFK,0,0,0,Bacteroidota,75.86,MAG
TARA_SAMEA2621085_METAG_ENJMDDDL,0,0,0,Alpha-Other,75.67,MAG
TARA_SAMEA2619677_METAG_ODMMDOML,0,0,0,Gamma-Other,78.28,MAG
TARA_SAMEA2619677_METAG_MNMIBJFA,0,0,0,Alpha-Other,80.81,MAG
TARA_SAMEA2619779_METAG_AGCCLBEE,0,0,0,Alpha-Other,78.13,MAG
TARA_SAMEA2621010_METAG_HAMFMOFK,0,0,0,Gamma-Other,89.72,MAG
TARA_SAMEA4397091_METAG_OHBHGPGP,1,1,1,Gamma-Alteromonas,88.93,MAG
TARA_SAMEA2621203_METAG_MLHPJOKL,0,0,0,Actinobacteriota,76.5,MAG
TARA_SAMEA2621203_METAG_IHHMEPFD,0,0,0,Gamma-SAR86,86.94,MAG
TARA_SAMEA2621203_METAG_IMLJEMOM,0,0,0,Gamma-SAR86,76.82,MAG
TARA_SAMEA2621203_METAG_OICLLKAP,0,0,0,Marinisomatota,77.66,MAG
TARA_SAMEA2621203_METAG_MGHEMMEL,0,0,0,Actinobacteriota,76.85,MAG
TARA_SAMEA2621204_METAG_LCEDMFOG,0,0,0,Bacteroidota,78.46,MAG
TARA_SAMEA2621204_METAG_GJAEEHCN,0,0,0,Bacteroidota,83.56,MAG
TARA_SAMEA2622676_METAG_KGFLKMBD,1,1,1,Gamma-Alteromonas,81.14,MAG
TARA_SAMEA2622694_METAG_CCCHGPBM,1,1,1,Gamma-Alteromonas,79.55,MAG
TARA_SAMEA2621075_METAG_BIAMDIHI,0,0,0,Dadabacteria,82.38,MAG
TARA_SAMEA2621075_METAG_DCHKLFLD,0,0,0,Bacteroidota,82.72,MAG
TARA_SAMEA2621075_METAG_BKBJHJDE,0,0,0,Gamma-Other,90.9,MAG
TARA_SAMEA2621075_METAG_ALDHLLGG,0,0,0,Gamma-SAR86,84.58,MAG
TARA_SAMEA2622801_METAG_CBHJAODG,0,0,0,Gemmatimonadota,82.05,MAG
TARA_SAMEA2622801_METAG_PCOAFHMC,0,0,0,Chloroflexota,77.22,MAG
TARA_SAMEA2622801_METAG_OLBMCDGD,0,0,0,Marinisomatota,85.9,MAG
TARA_SAMEA2622801_METAG_OGINKMHL,0,0,0,Chloroflexota,92.25,MAG
TARA_SAMEA2622801_METAG_HLNPLDKH,0,0,0,Gamma-SAR86,80.11,MAG
TARA_SAMEA2622801_METAG_MBBFHMON,0,0,0,Alpha-Other,88.6,MAG
TARA_SAMEA2622801_METAG_BCANNACA,0,0,0,Actinobacteriota,82.34,MAG
TARA_SAMEA2622801_METAG_LOEFMIDF,0,0,0,Alpha-Other,84.22,MAG
TARA_SAMEA2622801_METAG_MOOFEDCH,0,0,0,Chloroflexota,75.99,MAG
TARA_SAMEA2622801_METAG_GKJMHGBP,0,0,0,Gamma-SAR86,77.36,MAG
TARA_SAMEA2622801_METAG_MDCFDMOC,0,0,0,Planctomycetota,87.21,MAG
TARA_SAMEA2622801_METAG_JFNIEIHN,0,0,0,Gamma-Other,82.13,MAG
TARA_SAMEA2622801_METAG_PBKBMCMC,0,0,0,Marinisomatota,91.46,MAG
TARA_SAMEA2622801_METAG_ACJPNCBA,0,0,0,Marinisomatota,82.97,MAG
TARA_SAMEA2622801_METAG_KJKMOJPE,0,0,0,Actinobacteriota,92.04,MAG
TARA_SAMEA2620570_METAG_FHDJHDEA,0,0,0,Archaea-Poseidoniia MGIIb,83.56,MAG
TARA_SAMEA4397215_METAG_LIEKFBNE,0,0,0,Planctomycetota,98.15,MAG
TARA_SAMEA2622799_METAG_POKHDFDG,1,1,1,Gamma-Alteromonas,87.49,MAG
TARA_SAMEA2622678_METAG_HHHBIHEG,0,0,0,Actinobacteriota,80.17,MAG
TARA_SAMEA2622678_METAG_CPNHDALP,0,0,0,Bacteroidota,77.82,MAG
TARA_SAMEA2622678_METAG_BACBHGCP,0,0,0,Alpha-Other,75.92,MAG
TARA_SAMEA2622678_METAG_NLEEENKI,0,0,0,Chloroflexota,75.32,MAG
TARA_SAMEA2622678_METAG_EFHHFANC,0,0,0,Gamma-Other,87.62,MAG
TARA_SAMEA2622678_METAG_IGDPJMDO,0,0,0,Actinobacteriota,82.12,MAG
TARA_SAMEA2622678_METAG_MKLJICJE,0,0,0,Chloroflexota,90.88,MAG
TARA_SAMEA2622678_METAG_FHLIALHJ,0,0,0,Marinisomatota,82.15,MAG
TARA_SAMEA2622678_METAG_GCEMBNFD,0,0,0,Gamma-SAR86,77.4,MAG
TARA_SAMEA2622678_METAG_BECFJKEA,0,0,0,Gamma-Other,84.54,MAG
TARA_SAMEA2622678_METAG_BKBJMNGB,0,0,0,Actinobacteriota,81.42,MAG
TARA_SAMEA2622678_METAG_IIKJCIIO,0,0,0,Marinisomatota,86.92,MAG
TARA_SAMEA2620570_METAG_JLDFJDBO,0,0,0,Archaea-Poseidoniia MGIIb,78.02,MAG
TARA_SAMEA4397772_METAG_JHGNKBND,1,1,1,Alpha-Other,83.48,MAG
TARA_SAMEA2621247_METAG_IFPFKPKD,0,0,0,Gamma-Other,88.46,MAG
TARA_SAMEA2621045_METAG_MOCPBLLB,0,0,0,Verrucomicrobiota,78.38,MAG
TARA_SAMEA2621045_METAG_AKBGOFLM,0,0,0,Chloroflexota,91.11,MAG
TARA_SAMEA2621045_METAG_GLLPEGHF,0,0,0,Alpha-Rhodobacter-LowGC,87.4,MAG
TARA_SAMEA2621045_METAG_ECPPPCFD,0,0,0,Bacteroidota,77.48,MAG
TARA_SAMEA2621045_METAG_GAEGPBEL,0,0,0,Actinobacteriota,88.36,MAG
TARA_SAMEA2621045_METAG_FPEKDDJD,0,0,0,Gamma-SAR86,76.78,MAG
TARA_SAMEA2621045_METAG_EKINPJIF,0,0,0,Actinobacteriota,93.28,MAG
TARA_SAMEA2621045_METAG_APCADPLD,0,0,0,Marinisomatota,77.56,MAG
TARA_SAMEA2621045_METAG_HIJDHLLM,0,0,0,Alpha-Rhodobacter-LowGC,86.82,MAG
TARA_SAMEA2620035_METAG_AMJDFKBG,0,0,0,Actinobacteriota,96.46,MAG
TARA_SAMEA2620035_METAG_MBPBHCGO,0,0,0,Actinobacteriota,96.43,MAG
TARA_SAMEA2620035_METAG_LBGPHFGM,0,0,0,Marinisomatota,94.89,MAG
TARA_SAMEA2620035_METAG_PMPAKNIG,0,0,0,Marinisomatota,92.69,MAG
TARA_SAMEA2620035_METAG_PBCLHMBK,0,0,0,Marinisomatota,92.69,MAG
TARA_SAMEA2620035_METAG_GNMGNMHB,0,0,0,Marinisomatota,91.26,MAG
TARA_SAMEA2620035_METAG_KKMHIJLM,1,1,1,Gamma-Alteromonas,78.77,MAG
TARA_SAMEA2620035_METAG_PFOPEILD,0,0,0,Alpha-Other,82.99,MAG
TARA_SAMEA2620035_METAG_PCMEBLEP,0,0,0,Marinisomatota,85.06,MAG
TARA_SAMEA2620035_METAG_PLFJMENJ,0,0,0,Chloroflexota,79.99,MAG
TARA_SAMEA2620035_METAG_PFHODMEF,0,0,0,Alpha-Pelagibacter,78.48,MAG
TARA_SAMEA2621216_METAG_NJHNGIAD,0,0,0,Archaea-Poseidoniia MGIIb,82.08,MAG
TARA_SAMEA2621216_METAG_LGIENINJ,0,0,0,Archaea-Poseidoniia MGIIb,80.3,MAG
TARA_SAMEA2621859_METAG_APOBEFDL,0,0,0,Verrucomicrobiota,95.04,MAG
TARA_SAMEA2621859_METAG_BEMACDBO,0,0,0,Bacteroidota,88.15,MAG
TARA_SAMEA2621859_METAG_DEGANBNE,0,0,0,Alpha-Pelagibacter,80.32,MAG
TARA_SAMEA2621859_METAG_DEDGPJOG,0,0,0,Bacteroidota,84.59,MAG
TARA_SAMEA2622518_METAG_MLEJIIOL,0,0,0,Alpha-Other,94.12,MAG
TARA_SAMEA2622518_METAG_PNEFIIIA,0,0,0,Gamma-SAR86,86.37,MAG
TARA_SAMEA2622518_METAG_EBKKODLP,0,0,0,Alpha-Pelagibacter,75.39,MAG
TARA_SAMEA2622518_METAG_DHLOMCCM,0,0,0,Gamma-Other,82.17,MAG
TARA_SAMEA2622518_METAG_KHICDAGB,0,0,0,Gamma-Other,80.6,MAG
TARA_SAMEA2622452_METAG_EKNFIIOG,0,0,0,Bacteroidota,88.92,MAG
TARA_SAMEA2622452_METAG_CJMGFKIF,0,0,0,Bacteroidota,84.85,MAG
TARA_SAMEA2622452_METAG_IIKJKNHE,0,0,0,Bacteroidota,80.42,MAG
TARA_SAMEA2622452_METAG_HMOHFIEG,0,0,0,Bacteroidota,78.3,MAG
TARA_SAMEA2622452_METAG_DJBJOFAH,0,0,0,Gamma-SAR86,77.56,MAG
TARA_SAMEA2620815_METAG_NPPEOCKG,0,0,0,Actinobacteriota,91.72,MAG
TARA_SAMEA2620815_METAG_KMKLFMOL,0,0,0,Marinisomatota,91.46,MAG
TARA_SAMEA2620815_METAG_EDNIHCIH,0,0,0,Marinisomatota,89.45,MAG
TARA_SAMEA2620815_METAG_ICGCJPFA,0,0,0,Chloroflexota,86.54,MAG
TARA_SAMEA2620815_METAG_NCOMCEMD,0,0,0,Alpha-Other,88.88,MAG
TARA_SAMEA2620815_METAG_FNICJJCC,0,0,0,Gamma-Other,77.41,MAG
TARA_SAMEA2620815_METAG_HKJMPFAN,0,0,0,Gamma-SAR86,75.11,MAG
TARA_SAMEA2622376_METAG_GLDFILLI,0,0,0,Alpha-Rhodobacter,89.01,MAG
TARA_SAMEA2622376_METAG_ANKCPPOH,0,0,0,Bacteroidota,78.45,MAG
TARA_SAMEA2622376_METAG_PDPPBAOK,0,0,0,Alpha-Other,80.52,MAG
TARA_SAMEA2622376_METAG_EPNBOGPP,0,0,0,Bacteroidota,77.84,MAG
TARA_SAMEA2622376_METAG_LJOCFIFF,0,0,0,Gamma-SAR86,79.93,MAG
TARA_SAMEA2621176_METAG_DIMFJLKB,0,0,0,Marinisomatota,84.16,MAG
TARA_SAMEA2621176_METAG_ODGMFCEG,0,0,0,Patescibacteria,75.12,MAG
TARA_SAMEA2619857_METAG_MAFGFNJF,0,0,0,Alpha-Other,84.68,MAG
TARA_SAMEA2619857_METAG_BHEKOKBJ,0,0,0,Alpha-Other,79.75,MAG
TARA_SAMEA2619857_METAG_ABANBEJF,0,0,0,Gamma-Other,77.35,MAG
TARA_SAMEA2619857_METAG_HLLMHFAC,0,0,0,Alpha-Rhodobacter-LowGC,81.94,MAG
TARA_SAMEA2619879_METAG_CLGHFLCH,0,0,0,Archaea-Other,80.15,MAG
TARA_SAMEA2619857_METAG_HFLIOAMN,0,0,0,Gamma-SAR86,77.56,MAG
TARA_SAMEA2619879_METAG_ICPIKJIH,0,0,0,Archaea-Poseidoniia MGIIb,83.61,MAG
TARA_SAMEA2622316_METAG_DLELOEGA,0,0,0,Bacteroidota,93.9,MAG
TARA_SAMEA2622316_METAG_CONJLJGM,0,0,0,Alpha-Other,85.08,MAG
TARA_SAMEA2622316_METAG_EJIAEGCE,0,0,0,Bacteroidota,78.56,MAG
TARA_SAMEA2622316_METAG_FCDKBPAD,0,0,0,Gamma-SAR86,83.93,MAG
TARA_SAMEA2622316_METAG_JIPNGCPC,0,0,0,Alpha-Other,76.39,MAG
TARA_SAMEA2622316_METAG_KLOHDFHE,0,0,0,Gamma-SAR86,81.19,MAG
TARA_SAMEA2622316_METAG_AIIAEHMK,0,0,0,Gamma-Other,79.03,MAG
TARA_SAMEA2619927_METAG_FMBIDGHD,0,0,0,Gamma-Other,77.94,MAG
TARA_SAMEA2619879_METAG_BHCHPLLF,0,0,0,Archaea-Poseidoniia MGIIb,75.39,MAG
TARA_SAMEA2623907_METAG_FOGPEDDP,0,0,0,Actinobacteriota,85.22,MAG
TARA_SAMEA2623907_METAG_HGBNEOOP,0,0,0,Chloroflexota,89.78,MAG
TARA_SAMEA2623907_METAG_APBDIPPA,0,0,0,Marinisomatota,88.92,MAG
TARA_SAMEA2623907_METAG_EFOFJPNA,0,0,0,Alpha-Other,90.46,MAG
TARA_SAMEA2623907_METAG_KAMNKKHA,0,0,0,Gamma-Other,89.1,MAG
TARA_SAMEA2623907_METAG_EOHOMKLM,0,0,0,Marinisomatota,85.82,MAG
TARA_SAMEA2623907_METAG_DPJJGEDJ,0,0,0,Chloroflexota,80.66,MAG
TARA_SAMEA2623907_METAG_LKOBAOBC,0,0,0,Marinisomatota,82.75,MAG
TARA_SAMEA2623907_METAG_FJCDCJOP,0,0,0,Gamma-Other,85.76,MAG
TARA_SAMEA2623907_METAG_INGGONJH,0,0,0,Actinobacteriota,81.58,MAG
TARA_SAMEA2623907_METAG_DMOKMCLJ,0,0,0,Gamma-Other,77.94,MAG
TARA_SAMEA2623907_METAG_ABEKNBEK,0,0,0,Gemmatimonadota,75.13,MAG
TARA_SAMEA2623907_METAG_AOEFMHAF,0,0,0,Chloroflexota,77.51,MAG
TARA_SAMEA2620259_METAG_BKNNEBON,0,0,0,Archaea-Poseidoniia MGIIb,83.9,MAG
TARA_SAMEA2619907_METAG_GKNNNLDM,0,0,0,Marinisomatota,96.55,MAG
TARA_SAMEA2619907_METAG_EIHDBFFP,0,0,0,Bacteria-Other,87.76,MAG
TARA_SAMEA2619907_METAG_OFLLHFPN,0,0,0,Chloroflexota,94.95,MAG
TARA_SAMEA2619907_METAG_NOGEJPAG,0,0,0,Chloroflexota,93.43,MAG
TARA_SAMEA2619907_METAG_JIGFAFBG,0,0,0,Alpha-Other,94.18,MAG
TARA_SAMEA2619907_METAG_JMCCHKLE,0,0,0,Chloroflexota,93.38,MAG
TARA_SAMEA2619907_METAG_IIFCLJCM,0,0,0,Marinisomatota,92.72,MAG
TARA_SAMEA2619907_METAG_EPJLPAJG,0,0,0,Chloroflexota,89.18,MAG
TARA_SAMEA2619907_METAG_HJDFOLOM,0,0,0,Chloroflexota,91.31,MAG
TARA_SAMEA2619907_METAG_CLGAFJEL,0,0,0,Actinobacteriota,91.79,MAG
TARA_SAMEA2619907_METAG_GFEAOAFP,0,0,0,Gemmatimonadota,88.7,MAG
TARA_SAMEA2619907_METAG_PAGBFPEK,0,0,0,Bacteria-Other,82.64,MAG
TARA_SAMEA2619907_METAG_CCFAFCCD,1,1,1,Verrucomicrobiota,86.87,MAG
TARA_SAMEA2619907_METAG_EDGEMOOM,0,0,0,Alpha-Other,80.83,MAG
TARA_SAMEA2619907_METAG_BDOFPOFD,0,0,0,Marinisomatota,84.42,MAG
TARA_SAMEA2619907_METAG_LFOBIBJJ,0,0,0,Actinobacteriota,87.14,MAG
TARA_SAMEA2619907_METAG_LKPFLOMG,0,0,0,Dadabacteria,88.28,MAG
TARA_SAMEA2619907_METAG_KCPMAHLE,0,0,0,Alpha-Other,80.54,MAG
TARA_SAMEA2619907_METAG_CPLKDEKC,0,0,0,Chloroflexota,78.32,MAG
TARA_SAMEA2619907_METAG_CDDLOBGD,0,0,0,Actinobacteriota,79.76,MAG
TARA_SAMEA2619907_METAG_EKFGFKJP,0,0,0,Gamma-Other,80.35,MAG
TARA_SAMEA2619907_METAG_FMEDGBOI,0,0,0,Bacteria-Other,80.92,MAG
TARA_SAMEA2619907_METAG_CIIHOALI,0,0,0,Chloroflexota,80.65,MAG
TARA_SAMEA2619907_METAG_IKLKAHOB,0,0,0,Bacteria-Other,77.78,MAG
TARA_SAMEA2619907_METAG_BFBPKEJA,0,0,0,Chloroflexota,82.11,MAG
TARA_SAMEA2619907_METAG_BEEAGONO,0,0,0,Gemmatimonadota,76.84,MAG
TARA_SAMEA2619907_METAG_HPBMCFEC,0,0,0,Bacteroidota,78.4,MAG
TARA_SAMEA2619907_METAG_IEJDEOLP,0,0,0,SAR324,80.74,MAG
TARA_SAMEA2619907_METAG_EHDDCGIN,0,0,0,Gamma-Other,84.21,MAG
TARA_SAMEA2619907_METAG_MKNEECIO,0,0,0,Actinobacteriota,81.64,MAG
TARA_SAMEA2619907_METAG_FNFAPDJH,0,0,0,Gamma-Other,83,MAG
TARA_SAMEA2619907_METAG_AHLHGLPC,0,0,0,Gamma-Other,82.44,MAG
TARA_SAMEA2620259_METAG_OCKACEIN,0,0,0,Archaea-Poseidoniia MGIIb,83.1,MAG
TARA_SAMEA2619907_METAG_JAJIBOPG,0,0,0,Alpha-Other,79.46,MAG
TARA_SAMEA2619907_METAG_EMGKELAO,0,0,0,Gamma-Other,80.36,MAG
TARA_SAMEA2619907_METAG_GCOEEJFL,0,0,0,Gamma-Other,75.32,MAG
TARA_SAMEA2619907_METAG_NFENDDJP,0,0,0,Gamma-SAR86,79.27,MAG
TARA_SAMEA2620259_METAG_KENKIAIG,0,0,0,Archaea-Poseidoniia MGIIb,80.3,MAG
TARA_SAMEA2620259_METAG_HKIDIDPK,0,0,0,Archaea-Poseidoniia MGIIa,81.16,MAG
TARA_SAMEA2623463_METAG_GOOKEGPC,0,0,0,Actinobacteriota,89.82,MAG
TARA_SAMEA2623463_METAG_JFADIMAO,0,0,0,Alpha-Other,91.18,MAG
TARA_SAMEA2623463_METAG_NCGFKDGD,0,0,0,Marinisomatota,87.63,MAG
TARA_SAMEA2623463_METAG_MALGGPEF,0,0,0,Actinobacteriota,86.04,MAG
TARA_SAMEA2623463_METAG_NONLOECP,0,0,0,Alpha-Other,85.64,MAG
TARA_SAMEA2623463_METAG_MGCKAHNA,0,0,0,Marinisomatota,77.69,MAG
TARA_SAMEA2623463_METAG_DIPJEAOH,0,0,0,Verrucomicrobiota,75.48,MAG
TARA_SAMEA2623463_METAG_FECOGAJG,0,0,0,Alpha-Rhodobacter-LowGC,77.84,MAG
TARA_SAMEA2623463_METAG_MMEHHJBP,0,0,0,Marinisomatota,77.08,MAG
TARA_SAMEA2623463_METAG_JCAKAEED,0,0,0,Gamma-SAR86,80.94,MAG
TARA_SAMEA2623463_METAG_AMMIEPFA,0,0,0,Gamma-SAR86,79.9,MAG
TARA_SAMEA2622733_METAG_JOCDJJJH,0,0,0,Bacteria-Other,88.48,MAG
TARA_SAMEA2622733_METAG_EGAGGPLO,0,0,0,Chloroflexota,94.88,MAG
TARA_SAMEA2622733_METAG_NEEJAEOM,0,0,0,Chloroflexota,94.65,MAG
TARA_SAMEA2622733_METAG_LFFPGBHH,0,0,0,Gemmatimonadota,94.15,MAG
TARA_SAMEA2622733_METAG_EEPIBGCE,1,1,1,Bacteroidota,91.37,MAG
TARA_SAMEA2622733_METAG_IDBPEMDJ,0,0,0,Chloroflexota,90.93,MAG
TARA_SAMEA2622733_METAG_AHMKHJHF,0,0,0,Chloroflexota,88.52,MAG
TARA_SAMEA2622733_METAG_KIMIKIJG,0,0,0,Actinobacteriota,90.63,MAG
TARA_SAMEA2622733_METAG_JGPACJHB,0,0,0,Actinobacteriota,90.56,MAG
TARA_SAMEA2622733_METAG_OECEHKPE,0,0,0,Marinisomatota,85.97,MAG
TARA_SAMEA2622733_METAG_LGHDFOCD,0,0,0,Alpha-Other,86.95,MAG
TARA_SAMEA2622733_METAG_CKLGIHPC,0,0,0,Alpha-Pelagibacter,81.48,MAG
TARA_SAMEA2622733_METAG_NEBANBGN,0,0,0,Dadabacteria,88.74,MAG
TARA_SAMEA2622733_METAG_FMLJLEDP,0,0,0,Alpha-Other,83.21,MAG
TARA_SAMEA2622733_METAG_LOAHFGFA,0,0,0,Dadabacteria,87.02,MAG
TARA_SAMEA2622733_METAG_OJNIIKBG,0,0,0,Alpha-Other,86.21,MAG
TARA_SAMEA2622733_METAG_FBKFADIH,0,0,0,Chloroflexota,83.73,MAG
TARA_SAMEA2622733_METAG_EGPAJFLD,0,0,0,Actinobacteriota,83.17,MAG
TARA_SAMEA2622733_METAG_NIMFDCCL,0,0,0,Alpha-Other,77.7,MAG
TARA_SAMEA2622733_METAG_FNOHKNGK,0,0,0,Alpha-Other,82.23,MAG
TARA_SAMEA2622733_METAG_DHIHELHE,0,0,0,Gamma-Other,84.75,MAG
TARA_SAMEA2622733_METAG_DGFLNMGB,0,0,0,Alpha-Other,79.44,MAG
TARA_SAMEA2622733_METAG_DGFEEIEJ,0,0,0,Alpha-Pelagibacter,76.16,MAG
TARA_SAMEA2622733_METAG_KMNHICLI,0,0,0,Gamma-Other,86.62,MAG
TARA_SAMEA2622733_METAG_OPBOKIPG,0,0,0,Marinisomatota,79.46,MAG
TARA_SAMEA2622733_METAG_EDDGPAEI,0,0,0,Chloroflexota,75.1,MAG
TARA_SAMEA2622733_METAG_EIGLHCOF,0,0,0,Marinisomatota,75.14,MAG
TARA_SAMEA2622733_METAG_IPBDJGLO,0,0,0,Gamma-Other,84.83,MAG
TARA_SAMEA2622733_METAG_DHFDLLBL,0,0,0,Chloroflexota,79.43,MAG
TARA_SAMEA2622733_METAG_OKLMJMBH,0,0,0,Alpha-Pelagibacter,75.84,MAG
TARA_SAMEA2622733_METAG_OPDMKDNM,0,0,0,Chloroflexota,77.99,MAG
TARA_SAMEA2622733_METAG_BGCKEHGD,0,0,0,Gamma-SAR86,80.68,MAG
TARA_SAMEA2622733_METAG_CJBHEJEA,0,0,0,Gamma-Other,77.42,MAG
TARA_SAMEA2622733_METAG_LBDBDODA,0,0,0,Gamma-SAR86,76.39,MAG
TARA_SAMEA2623756_METAG_AGAPHMJH,0,0,0,Archaea-Poseidoniia MGIIb,83.08,MAG
TARA_SAMEA2619952_METAG_FJHLHHLB,0,0,0,Marinisomatota,87.81,MAG
TARA_SAMEA2619952_METAG_MPFOFFNK,0,0,0,Verrucomicrobiota,87.97,MAG
TARA_SAMEA2619952_METAG_FAJKLPOM,0,0,0,Marinisomatota,85.7,MAG
TARA_SAMEA2619952_METAG_CKDLJPHB,0,0,0,Alpha-Other,79.75,MAG
TARA_SAMEA2619952_METAG_AHKKOLNA,0,0,0,Gamma-Other,83.62,MAG
TARA_SAMEA2619952_METAG_HLLIIEFN,0,0,0,Alpha-Other,80.09,MAG
TARA_SAMEA2619952_METAG_EFIMGMBL,0,0,0,Gamma-SAR86,77.19,MAG
TARA_SAMEA2623756_METAG_CPKLLIFE,0,0,0,Archaea-Poseidoniia MGIIb,84.01,MAG
TARA_SAMEA2623756_METAG_PNEAKFCB,0,0,0,Archaea-Poseidoniia MGIIb,77.05,MAG
TARA_SAMEA2623774_METAG_CMKEJNLA,0,0,0,Bacteroidota,84.84,MAG
TARA_SAMEA2623774_METAG_LLBDOLLP,0,0,0,Actinobacteriota,90.67,MAG
TARA_SAMEA2623774_METAG_BAFIAFAC,0,0,0,Alpha-Other,83.7,MAG
TARA_SAMEA2623774_METAG_BDPNIMNC,0,0,0,Dadabacteria,90,MAG
TARA_SAMEA2623774_METAG_JAOBDDLL,0,0,0,Actinobacteriota,83.45,MAG
TARA_SAMEA2623774_METAG_LGOLGOMP,0,0,0,Planctomycetota,76.94,MAG
TARA_SAMEA2623774_METAG_OHEKDPDK,0,0,0,Bacteroidota,78.99,MAG
TARA_SAMEA2623774_METAG_OMPDMHND,0,0,0,Actinobacteriota,75.12,MAG
TARA_SAMEA2623774_METAG_BAGMFKJH,0,0,0,Gamma-SAR86,80.28,MAG
TARA_SAMEA2623295_METAG_NHCFJCAK,0,0,0,Archaea-Other,84.46,MAG
TARA_SAMEA2623673_METAG_FIFIOGBI,0,0,0,Actinobacteriota,90.74,MAG
TARA_SAMEA2623673_METAG_FOLFAJAA,0,0,0,Gamma-Other,83.81,MAG
TARA_SAMEA2623314_METAG_KNPFOLJJ,0,0,0,Archaea-Other,88.06,MAG
TARA_SAMEA2623314_METAG_KEPIJANG,0,0,0,Archaea-Other,84.12,MAG
TARA_SAMEA2623673_METAG_IOECNBNF,0,0,0,Alpha-Other,76.64,MAG
TARA_SAMEA2623673_METAG_FIHHJOOP,0,0,0,Bacteroidota,76.8,MAG
TARA_SAMEA2623673_METAG_GPHGJKJB,0,0,0,Gamma-SAR86,80.4,MAG
TARA_SAMEA2623513_METAG_BCFKDDEL,0,0,0,Actinobacteriota,92.92,MAG
TARA_SAMEA2623513_METAG_BBEKNGKD,0,0,0,Marinisomatota,78.72,MAG
TARA_SAMEA2623513_METAG_BCAEKMND,0,0,0,Chloroflexota,76.16,MAG
TARA_SAMEA2623513_METAG_AJPHLJEM,0,0,0,Gemmatimonadota,75.52,MAG
TARA_SAMEA2623826_METAG_KGLIOAJK,0,0,0,Archaea-Poseidoniia MGIIb,80.36,MAG
TARA_SAMEA2621536_METAG_PEIJOPIC,0,0,0,Gamma-SAR92,93.4,MAG
TARA_SAMEA2622652_METAG_OOCELOKO,0,0,0,Archaea-Poseidoniia MGIIb,85.31,MAG
TARA_SAMEA2622149_METAG_CIHHNJCH,0,0,0,Chloroflexota,92.96,MAG
TARA_SAMEA2622149_METAG_MAIBIKAE,0,0,0,Actinobacteriota,95.6,MAG
TARA_SAMEA2622149_METAG_GFKHBGHO,0,0,0,Bacteria-Other,94.02,MAG
TARA_SAMEA2622149_METAG_NMINHFOA,0,0,0,Actinobacteriota,91.76,MAG
TARA_SAMEA2622149_METAG_OOOLMODB,0,0,0,Actinobacteriota,90.98,MAG
TARA_SAMEA2622149_METAG_GMNJKNGM,0,0,0,Gamma-Other,93.26,MAG
TARA_SAMEA2622149_METAG_INLAJHOK,0,0,0,Gamma-Other,94.46,MAG
TARA_SAMEA2622766_METAG_BOBJJCHK,0,0,0,Archaea-Other,83.38,MAG
TARA_SAMEA2622149_METAG_FEDNHIBG,0,0,0,Chloroflexota,90.18,MAG
TARA_SAMEA2622149_METAG_OAHHOPNL,0,0,0,Actinobacteriota,86.1,MAG
TARA_SAMEA2622149_METAG_MJNFMNLP,0,0,0,Marinisomatota,90.66,MAG
TARA_SAMEA2622149_METAG_DLIOGDGA,0,0,0,Actinobacteriota,86.97,MAG
TARA_SAMEA2622149_METAG_AACIKPBK,0,0,0,Gamma-Other,88.73,MAG
TARA_SAMEA2622149_METAG_JCNOOPIP,0,0,0,Alpha-Pelagibacter,84.8,MAG
TARA_SAMEA2622149_METAG_KGNNLAEL,0,0,0,Dadabacteria,88.98,MAG
TARA_SAMEA2622149_METAG_POMOPBBK,0,0,0,Chloroflexota,82.26,MAG
TARA_SAMEA2622149_METAG_LEHKKCBO,0,0,0,Marinisomatota,86.82,MAG
TARA_SAMEA2622149_METAG_DNMIICED,0,0,0,Marinisomatota,84.5,MAG
TARA_SAMEA2622149_METAG_BGBKJDKL,0,0,0,Chloroflexota,83.9,MAG
TARA_SAMEA2622149_METAG_CDLCLFMO,0,0,0,Marinisomatota,83.54,MAG
TARA_SAMEA2622149_METAG_GDCHKAOH,0,0,0,SAR324,86.28,MAG
TARA_SAMEA2622149_METAG_JKKKKABL,0,0,0,Planctomycetota,82.46,MAG
TARA_SAMEA2622149_METAG_MMILIKLJ,0,0,0,Planctomycetota,82.46,MAG
TARA_SAMEA2622149_METAG_MHECIKNK,0,0,0,Marinisomatota,79.44,MAG
TARA_SAMEA2622766_METAG_GINPBLPB,0,0,0,Archaea-Poseidoniia MGIIb,75.09,MAG
TARA_SAMEA2622149_METAG_KBBPBIEA,0,0,0,Marinisomatota,81.06,MAG
TARA_SAMEA2622149_METAG_NNGGIKCJ,0,0,0,Actinobacteriota,82.44,MAG
TARA_SAMEA2622149_METAG_EOGDNFIK,0,0,0,Marinisomatota,80.54,MAG
TARA_SAMEA2622149_METAG_ANKDFABB,0,0,0,Marinisomatota,82.68,MAG
TARA_SAMEA2622149_METAG_PEPLBJAF,0,0,0,Marinisomatota,80.09,MAG
TARA_SAMEA2622149_METAG_OFOAFMEP,0,0,0,Patescibacteria,76.56,MAG
TARA_SAMEA2622149_METAG_FANDIGEF,0,0,0,Gamma-Other,84.12,MAG
TARA_SAMEA2622149_METAG_MOIDLNOH,0,0,0,Bacteroidota,77.58,MAG
TARA_SAMEA2622149_METAG_JJHHKGIN,0,0,0,Actinobacteriota,79.46,MAG
TARA_SAMEA2622149_METAG_DLLLMGMO,0,0,0,Gamma-SAR86,79.58,MAG
TARA_SAMEA2623275_METAG_MNHNLNNE,0,0,0,Archaea-Poseidoniia MGIIa,77.14,MAG
TARA_SAMEA2623868_METAG_HJLNMGIH,0,0,0,Archaea-Poseidoniia MGIIb,84.72,MAG
TARA_SAMEA2591057_METAG_BHJMOKBG,0,0,0,Alpha-Other,97.72,MAG
TARA_SAMEA2591057_METAG_NKJLBOGH,0,0,0,Gamma-Other,87.54,MAG
TARA_SAMEA2591057_METAG_BGGHCCFF,0,0,0,Alpha-Rhodobacter-LowGC,85.71,MAG
TARA_SAMEA2591057_METAG_BNLAPCAD,0,0,0,Alpha-Other,81.8,MAG
TARA_SAMEA2591057_METAG_DJAMAFCJ,0,0,0,Bacteroidota,84.26,MAG
TARA_SAMEA2591057_METAG_PNLGLEFB,0,0,0,Alpha-Puniceispirilla,77.18,MAG
TARA_SAMEA2591057_METAG_HGIMFGLO,0,0,0,Bacteroidota,78.98,MAG
TARA_SAMEA2591057_METAG_IAEIEBLI,0,0,0,Gamma-SAR86,83.24,MAG
TARA_SAMEA2620828_METAG_MBKEEICB,0,0,0,Actinobacteriota,80.46,MAG
TARA_SAMEA2620828_METAG_CCGNJGLP,0,0,0,Actinobacteriota,81.14,MAG
TARA_SAMEA2620828_METAG_IPGCFPEE,0,0,0,Chloroflexota,83.99,MAG
TARA_SAMEA2620828_METAG_HNDLMPML,0,0,0,SAR324,78.96,MAG
TARA_SAMEA2620828_METAG_BFLLNNEO,0,0,0,Chloroflexota,75.78,MAG
TARA_SAMEA2620828_METAG_BKBEAKDL,0,0,0,Alpha-Other,76.04,MAG
TARA_SAMEA2623868_METAG_AHMAFADD,0,0,0,Archaea-Poseidoniia MGIIb,81.81,MAG
TARA_SAMEA2621013_METAG_FHBCEPPH,1,1,1,Gamma-Alteromonas,78.21,MAG
TARA_SAMEA2621013_METAG_HJEGMEDL,0,0,0,Actinobacteriota,91.56,MAG
TARA_SAMEA2621013_METAG_GHNACFLA,0,0,0,Alpha-Rhodobacter-LowGC,81.18,MAG
TARA_SAMEA2621013_METAG_HEOKAEBJ,0,0,0,Gamma-Other,76.54,MAG
TARA_SAMEA2620000_METAG_PHAPBFFE,0,0,0,Gamma-Other,80.79,MAG
TARA_SAMEA2620000_METAG_FODMEMJC,0,0,0,Gamma-Other,86.02,MAG
TARA_SAMEA2620000_METAG_NLNNLOAL,0,0,0,Gamma-SAR86,75.58,MAG
TARA_SAMEA2622021_METAG_HPKKJKHP,0,0,0,Actinobacteriota,86.68,MAG
TARA_SAMEA2622021_METAG_KNJHEPIC,0,0,0,Marinisomatota,84.64,MAG
TARA_SAMEA2622021_METAG_LODGFNPF,0,0,0,Bacteroidota,86.72,MAG
TARA_SAMEA2622021_METAG_LAILKBCN,0,0,0,Actinobacteriota,86.74,MAG
TARA_SAMEA2622021_METAG_CCKCJKOB,0,0,0,Dadabacteria,86.76,MAG
TARA_SAMEA2622021_METAG_IHKGGJDE,0,0,0,Gamma-SAR86,79.97,MAG
TARA_SAMEA2622021_METAG_IEJFOHBI,0,0,0,Gamma-SAR86,79.68,MAG
TARA_SAMEA2622021_METAG_CHGKKNHA,0,0,0,Gamma-SAR86,78.55,MAG
TARA_SAMEA2623370_METAG_EOHOGHGH,0,0,0,Marinisomatota,83.77,MAG
TARA_SAMEA2623155_METAG_JMHMLONB,0,0,0,Actinobacteriota,90.9,MAG
TARA_SAMEA2623155_METAG_GKOBEDDH,0,0,0,Marinisomatota,92.92,MAG
TARA_SAMEA2623155_METAG_EPLECKIF,0,0,0,Gamma-Other,82.24,MAG
TARA_SAMEA2623155_METAG_GALNHCHL,0,0,0,Actinobacteriota,92.31,MAG
TARA_SAMEA2623155_METAG_FOKGGLBB,0,0,0,Marinisomatota,92.18,MAG
TARA_SAMEA2623155_METAG_CEDEKABF,0,0,0,Bacteroidota,88.37,MAG
TARA_SAMEA2623155_METAG_PBCBNDCD,0,0,0,Marinisomatota,89.28,MAG
TARA_SAMEA2623155_METAG_LDPNAMMP,0,0,0,Bacteroidota,87.75,MAG
TARA_SAMEA2623155_METAG_FNNLCFGK,0,0,0,Actinobacteriota,81.44,MAG
TARA_SAMEA2623155_METAG_KNMGIBFI,0,0,0,Marinisomatota,84.2,MAG
TARA_SAMEA2623155_METAG_NJGAEKOE,0,0,0,Marinisomatota,85.25,MAG
TARA_SAMEA2623155_METAG_NHHIEKGH,0,0,0,Gemmatimonadota,86.33,MAG
TARA_SAMEA2623155_METAG_HEBLJLEI,0,0,0,SAR324,83.78,MAG
TARA_SAMEA2623155_METAG_FCMBOPCO,0,0,0,Marinisomatota,84.74,MAG
TARA_SAMEA2623155_METAG_KDAKGJEN,0,0,0,Alpha-Other,85.38,MAG
TARA_SAMEA2623155_METAG_GGGBMELF,0,0,0,Chloroflexota,79.21,MAG
TARA_SAMEA2623155_METAG_MCOPGOAH,0,0,0,Gemmatimonadota,77.36,MAG
TARA_SAMEA2623155_METAG_OAAIKLLM,0,0,0,Marinisomatota,76.18,MAG
TARA_SAMEA2623155_METAG_HBDCIMFD,0,0,0,Marinisomatota,76.31,MAG
TARA_SAMEA2623155_METAG_OOHKDFIH,0,0,0,Marinisomatota,75.16,MAG
TARA_SAMEA2622499_METAG_NONMCIHF,0,0,0,Archaea-Poseidoniia MGIIb,80.18,MAG
TARA_SAMEA2622402_METAG_KCFGFBOG,0,0,0,Archaea-Poseidoniia MGIIb,84.28,MAG
TARA_SAMEA2622402_METAG_HGMFGDKF,0,0,0,Archaea-Poseidoniia MGIIb,79.73,MAG
TARA_SAMEA2619818_METAG_IPBHECHK,0,0,0,Alpha-Other,87.41,MAG
TARA_SAMEA2619818_METAG_OAKMADNK,0,0,0,SAR324,87.69,MAG
TARA_SAMEA2622402_METAG_IOHAHFOL,0,0,0,Archaea-Poseidoniia MGIIb,78.54,MAG
TARA_SAMEA2591122_METAG_NKMKLIKH,0,0,0,Marinisomatota,91.48,MAG
TARA_SAMEA2591122_METAG_PKPLHAPE,0,0,0,Marinisomatota,91.6,MAG
TARA_SAMEA2591122_METAG_AGLJEJJF,0,0,0,Marinisomatota,82.08,MAG
TARA_SAMEA2591122_METAG_NFNMCJMA,0,0,0,Alpha-Other,79.78,MAG
TARA_SAMEA2591122_METAG_CBKJPCMG,0,0,0,Bacteroidota,84.78,MAG
TARA_SAMEA2591122_METAG_OKANJJLB,0,0,0,Gamma-SAR86,85.12,MAG
TARA_SAMEA2591122_METAG_MFKOLMLB,0,0,0,Verrucomicrobiota,78.81,MAG
TARA_SAMEA2591122_METAG_GMKELHGK,0,0,0,Alpha-Rhodobacter,76.32,MAG
TARA_SAMEA2591122_METAG_BKBPJCOO,0,0,0,Gamma-Other,77.01,MAG
TARA_SAMEA2620666_METAG_NOABJILO,0,0,0,Marinisomatota,90.82,MAG
TARA_SAMEA2620666_METAG_CLMJMHDG,0,0,0,Alpha-Other,90.25,MAG
TARA_SAMEA2620666_METAG_AJFFJEEN,0,0,0,Gemmatimonadota,86.16,MAG
TARA_SAMEA2620666_METAG_NPOJBMEG,0,0,0,Marinisomatota,84,MAG
TARA_SAMEA2620666_METAG_IBHKDHPO,0,0,0,Marinisomatota,75.31,MAG
TARA_SAMEA2620666_METAG_IIJAOAOI,0,0,0,Gamma-Other,81.3,MAG
TARA_SAMEA2620666_METAG_DEDEDBIK,0,0,0,Alpha-Pelagibacter,75.15,MAG
TARA_SAMEA2623135_METAG_JEBBDGCH,0,0,0,Alpha-Other,89.48,MAG
TARA_SAMEA2623135_METAG_ACOPPEKD,0,0,0,Verrucomicrobiota,81.14,MAG
TARA_SAMEA2623135_METAG_ADKAGOMC,0,0,0,Verrucomicrobiota,87.52,MAG
TARA_SAMEA2623135_METAG_FBKPEOOB,0,0,0,Bacteroidota,85.62,MAG
TARA_SAMEA2623135_METAG_DBLCDEFD,0,0,0,Verrucomicrobiota,78.56,MAG
TARA_SAMEA2623135_METAG_OFDKOGHH,0,0,0,Alpha-Rhodobacter-LowGC,82.58,MAG
TARA_SAMEA2623135_METAG_KGDHLMLN,0,0,0,Gamma-SAR86,79.76,MAG
TARA_SAMEA2623135_METAG_DLKCNDNH,0,0,0,Gamma-SAR86,78.97,MAG
TARA_SAMEA2619678_METAG_AGIPMOEC,0,0,0,Actinobacteriota,92.78,MAG
TARA_SAMEA2619678_METAG_PCEKNLHD,0,0,0,Gamma-Other,79.15,MAG
TARA_SAMEA2619678_METAG_KIHIEFFO,0,0,0,Bacteroidota,87.4,MAG
TARA_SAMEA2619678_METAG_JBJIBNDK,0,0,0,Marinisomatota,81.9,MAG
TARA_SAMEA2619678_METAG_CENNDHAJ,0,0,0,Gamma-Other,88.57,MAG
TARA_SAMEA2619678_METAG_BFHEIMBD,0,0,0,Marinisomatota,85.1,MAG
TARA_SAMEA2619678_METAG_DAHJDDLB,0,0,0,Bacteroidota,83.16,MAG
TARA_SAMEA2619678_METAG_DJALJIJF,0,0,0,Gamma-Other,82.47,MAG
TARA_SAMEA2619678_METAG_OKNIIMAO,0,0,0,Marinisomatota,81.65,MAG
TARA_SAMEA2619678_METAG_PPAFOCHN,0,0,0,Marinisomatota,76.61,MAG
TARA_SAMEA2619678_METAG_CNEAICJP,0,0,0,Alpha-Pelagibacter,78.1,MAG
TARA_SAMEA2619678_METAG_EIGECDOP,0,0,0,Gamma-SAR86,84.28,MAG
TARA_SAMEA2619678_METAG_OHBJEOMF,0,0,0,Gamma-Other,75.82,MAG
TARA_SAMEA2619678_METAG_LKAPHJCO,0,0,0,Gamma-SAR86,78.3,MAG
TARA_SAMEA2622219_METAG_AJCCJKGH,0,0,0,Archaea-Poseidoniia MGIIb,83.72,MAG
TARA_SAMEA2622219_METAG_JOCNKLGP,0,0,0,Archaea-Poseidoniia MGIIb,82.28,MAG
TARA_SAMEA2622568_METAG_NIPMGLIE,0,0,0,Chloroflexota,91.53,MAG
TARA_SAMEA2622568_METAG_NDNHAAHH,0,0,0,Marinisomatota,94,MAG
TARA_SAMEA2622568_METAG_JIEMLICG,0,0,0,Marinisomatota,91.29,MAG
TARA_SAMEA2622568_METAG_EDOILDOD,0,0,0,Bacteroidota,87.89,MAG
TARA_SAMEA2622568_METAG_NEPFNGEG,0,0,0,Chloroflexota,86.4,MAG
TARA_SAMEA2622568_METAG_FNEKIODI,0,0,0,Actinobacteriota,81.18,MAG
TARA_SAMEA2622568_METAG_EMAGPNEG,0,0,0,Chloroflexota,79.14,MAG
TARA_SAMEA2622568_METAG_ABOAAEMM,0,0,0,Gamma-Other,84.07,MAG
TARA_SAMEA2622568_METAG_DIMAINLL,0,0,0,Chloroflexota,79.38,MAG
TARA_SAMEA2622568_METAG_DKEPOBLK,0,0,0,Alpha-Other,86.01,MAG
TARA_SAMEA2622568_METAG_KOKIFIOJ,0,0,0,Acidobacteriota,79.96,MAG
TARA_SAMEA2622568_METAG_BLIGGIGB,0,0,0,Alpha-Other,75.55,MAG
TARA_SAMEA2622568_METAG_FCFEIPFJ,0,0,0,Gamma-Other,80.54,MAG
TARA_SAMEA2622568_METAG_EMKDAIMB,0,0,0,Marinisomatota,77.46,MAG
TARA_SAMEA2622568_METAG_DKBINPBN,0,0,0,Bacteria-Other,77.56,MAG
TARA_SAMEA2620672_METAG_CBEKHACD,0,0,0,Alpha-Other,96.04,MAG
TARA_SAMEA2620672_METAG_KFKLPBLG,0,0,0,Alpha-Rhodobacter,77.44,MAG
TARA_SAMEA2620672_METAG_HPIIGKLM,0,0,0,Alpha-Other,79.64,MAG
TARA_SAMEA2622901_METAG_GPOAHCIN,0,0,0,Archaea-Poseidoniia MGIIb,83.86,MAG
TARA_SAMEA2621423_METAG_ODFBMHGD,0,0,0,Gamma-Other,93.38,MAG
TARA_SAMEA2621423_METAG_HINHENBD,0,0,0,Alpha-Rhodobacter-LowGC,89.57,MAG
TARA_SAMEA2621423_METAG_HFECBNAM,0,0,0,Alpha-Rhodobacter-LowGC,82.16,MAG
TARA_SAMEA2620404_METAG_BCCEBMIN,0,0,0,Verrucomicrobiota,93.42,MAG
TARA_SAMEA2620404_METAG_PKFBMPKO,0,0,0,Gamma-SAR86,79.14,MAG
TARA_SAMEA2620404_METAG_OMNJKGGL,0,0,0,Gamma-SAR86,78.84,MAG
TARA_SAMEA2619376_METAG_KNIOHDBN,0,0,0,Marinisomatota,88.56,MAG
TARA_SAMEA2619376_METAG_IKAKOBEA,0,0,0,Alpha-Pelagibacter,81.31,MAG
TARA_SAMEA2619376_METAG_DAPFDOOO,0,0,0,Verrucomicrobiota,83.19,MAG
TARA_SAMEA2619376_METAG_GOOCBCNP,0,0,0,Verrucomicrobiota,80.89,MAG
TARA_SAMEA2619376_METAG_CIMNPOML,0,0,0,Gamma-Other,77.48,MAG
TARA_SAMEA2619376_METAG_CEOLAEFM,0,0,0,Alpha-Rhodobacter,79.46,MAG
TARA_SAMEA2619376_METAG_NFOJNJFA,0,0,0,Gamma-SAR86,81.46,MAG
TARA_SAMEA2619376_METAG_EJJJKIMK,0,0,0,Gamma-Other,75.87,MAG
TARA_SAMEA2620756_METAG_JIGMMAHO,0,0,0,Alpha-Other,85.74,MAG
TARA_SAMEA2620756_METAG_NONPAMNB,0,0,0,Marinisomatota,82.02,MAG
TARA_SAMEA2620756_METAG_MHIIBKIP,0,0,0,Gamma-SAR86,76.96,MAG
TARA_SAMEA2620995_METAG_CPCOKCCE,0,0,0,Gamma-Other,93.72,MAG
TARA_SAMEA2620995_METAG_LKNHAAFI,0,0,0,Marinisomatota,91.82,MAG
TARA_SAMEA2620995_METAG_OFLFCMCO,0,0,0,Marinisomatota,91.46,MAG
TARA_SAMEA2620995_METAG_ALEEMNPE,0,0,0,Actinobacteriota,91.77,MAG
TARA_SAMEA2620995_METAG_BAIHPDEG,0,0,0,Marinisomatota,89.42,MAG
TARA_SAMEA2620995_METAG_KDIABAAD,0,0,0,Alpha-Pelagibacter,87.62,MAG
TARA_SAMEA2620995_METAG_FMDGPEDJ,0,0,0,Marinisomatota,87.4,MAG
TARA_SAMEA2620995_METAG_BKONFDOL,0,0,0,Actinobacteriota,82.42,MAG
TARA_SAMEA2620995_METAG_KPNGAMOD,0,0,0,Gamma-Other,87.18,MAG
TARA_SAMEA2620995_METAG_BDJIHGBP,0,0,0,Gamma-Other,85.62,MAG
TARA_SAMEA2620995_METAG_LGGJLLMA,0,0,0,Marinisomatota,82.68,MAG
TARA_SAMEA2620995_METAG_CAMHCCAA,0,0,0,Alpha-Other,79.76,MAG
TARA_SAMEA2620995_METAG_PNCLGBAG,0,0,0,Gamma-Other,82.11,MAG
TARA_SAMEA2620995_METAG_OCKFMBPJ,0,0,0,Bacteroidota,82.22,MAG
TARA_SAMEA2622048_METAG_EDPELLCB,0,0,0,Archaea-Poseidoniia MGIIb,78.6,MAG
TARA_SAMEA2623116_METAG_HDAFLMCO,0,0,0,Verrucomicrobiota,93.76,MAG
TARA_SAMEA2623116_METAG_GHLJONKC,0,0,0,Verrucomicrobiota,85.02,MAG
TARA_SAMEA2623116_METAG_AKICMCEA,0,0,0,Gamma-Other,85.55,MAG
TARA_SAMEA2623116_METAG_IIDMBAGO,0,0,0,Gamma-Other,84.93,MAG
TARA_SAMEA2623116_METAG_FNCKCDOP,0,0,0,Alpha-Other,82.66,MAG
TARA_SAMEA2623116_METAG_DGGOKKIE,0,0,0,Gamma-Other,78.9,MAG
TARA_SAMEA2623116_METAG_LMKNDBMH,0,0,0,Verrucomicrobiota,75.02,MAG
TARA_SAMEA2623116_METAG_BDHHDMKC,0,0,0,Alpha-Rhodobacter,77.48,MAG
TARA_SAMEA2623116_METAG_DJIIKHOC,0,0,0,Gamma-SAR86,77.76,MAG
TARA_SAMEA2623116_METAG_MJHACBBH,0,0,0,Verrucomicrobiota,77.22,MAG
TARA_SAMEA2623116_METAG_PHOOBEJH,0,0,0,Gamma-SAR86,76.93,MAG
TARA_SAMEA2623116_METAG_NDOPKABI,0,0,0,Gamma-Other,75.6,MAG
TARA_SAMEA2623116_METAG_IDGLDLOI,0,0,0,Gamma-SAR86,80.28,MAG
TARA_SAMEA2623116_METAG_KMOCPGFL,0,0,0,Gamma-SAR86,75.72,MAG
TARA_SAMEA2622478_METAG_GKAPCMJJ,0,0,0,Actinobacteriota,90.18,MAG
TARA_SAMEA2622478_METAG_EMHPDFDN,0,0,0,Alpha-Other,86.58,MAG
TARA_SAMEA2622478_METAG_HNDHKFBA,0,0,0,Actinobacteriota,84,MAG
TARA_SAMEA2622478_METAG_PPGKGBFK,0,0,0,Actinobacteriota,88.81,MAG
TARA_SAMEA2622478_METAG_BPPIGFJK,0,0,0,Bacteroidota,88.1,MAG
TARA_SAMEA2622478_METAG_GCKNGJNH,0,0,0,Marinisomatota,78.26,MAG
TARA_SAMEA2622478_METAG_LKJACLIN,1,1,1,Verrucomicrobiota,80.69,MAG
TARA_SAMEA2622478_METAG_HAEEGDCL,0,0,0,SAR324,83.82,MAG
TARA_SAMEA2622478_METAG_JHFPIJDG,0,0,0,Dadabacteria,85.46,MAG
TARA_SAMEA2622478_METAG_LAAJFJHM,0,0,0,Alpha-Other,79.5,MAG
TARA_SAMEA2622478_METAG_GGJODNPK,0,0,0,Bacteria-Other,75.17,MAG
TARA_SAMEA2621272_METAG_LODNDPBB,0,0,0,Archaea-Poseidoniia MGIIa,86.08,MAG
TARA_SAMEA2621272_METAG_EHAEELFH,0,0,0,Archaea-Poseidoniia MGIIb,83.58,MAG
TARA_SAMEA2619667_METAG_NGAKALOM,0,0,0,Alpha-Pelagibacter,85.76,MAG
TARA_SAMEA2619667_METAG_OAAABDFI,0,0,0,Dadabacteria,90.21,MAG
TARA_SAMEA2619667_METAG_CACCAJGJ,0,0,0,Gamma-Other,85.85,MAG
TARA_SAMEA2619667_METAG_CEIMOBAF,0,0,0,Marinisomatota,85.82,MAG
TARA_SAMEA2619667_METAG_CMBNKIEI,0,0,0,Bacteroidota,82.12,MAG
TARA_SAMEA2619667_METAG_GIIOCIGA,0,0,0,Gamma-Other,80.93,MAG
TARA_SAMEA2619667_METAG_FDEOHNBF,0,0,0,Marinisomatota,75.43,MAG
TARA_SAMEA2619667_METAG_KOHIGACA,0,0,0,Gamma-Other,83.22,MAG
TARA_SAMEA2619667_METAG_AACMAMMH,0,0,0,Gamma-SAR86,80.04,MAG
TARA_SAMEA2619667_METAG_LKEEHNFA,0,0,0,Gamma-SAR86,76.81,MAG
TARA_SAMEA2619667_METAG_AILLMMLN,0,0,0,Gamma-SAR86,77.6,MAG
TARA_SAMEA2619667_METAG_CGPIMNNL,0,0,0,Gamma-SAR86,75.37,MAG
TARA_SAMEA2623446_METAG_KGJGAAJI,0,0,0,Alpha-Other,87.02,MAG
TARA_SAMEA2623446_METAG_ALAALNDP,0,0,0,Alpha-Rhodobacter,89.35,MAG
TARA_SAMEA2623446_METAG_BDPKAPCH,0,0,0,Alpha-Other,81.65,MAG
TARA_SAMEA2623446_METAG_JCAGGBBN,0,0,0,Alpha-Rhodobacter-LowGC,82.1,MAG
TARA_SAMEA2623446_METAG_CNPCAJPD,0,0,0,Bacteroidota,80.09,MAG
TARA_SAMEA2623446_METAG_CLPIDPFC,0,0,0,Bacteroidota,76.84,MAG
TARA_SAMEA2621155_METAG_PNDFJIDI,0,0,0,Alpha-Pelagibacter,83.28,MAG
TARA_SAMEA2621155_METAG_NBLBFJOH,0,0,0,Alpha-Other,88.74,MAG
TARA_SAMEA2621155_METAG_BLPICKFJ,0,0,0,Bacteria-Other,89.6,MAG
TARA_SAMEA2621155_METAG_FLNGPOHE,0,0,0,Alpha-Other,85.31,MAG
TARA_SAMEA2621155_METAG_GFPMKBCA,0,0,0,Bacteroidota,82.36,MAG
TARA_SAMEA2621155_METAG_HJBFHPEP,0,0,0,Actinobacteriota,80.44,MAG
TARA_SAMEA2621155_METAG_FAEIPIKM,0,0,0,Actinobacteriota,82.48,MAG
TARA_SAMEA2621155_METAG_CFOMCELO,0,0,0,Gamma-Other,75.26,MAG
TARA_SAMEA2620542_METAG_BNDJIAOH,0,0,0,Archaea-Poseidoniia MGIIb,78.18,MAG
TARA_SAMEA2623488_METAG_HFHNMJLM,0,0,0,Bacteroidota,90.69,MAG
TARA_SAMEA2623488_METAG_DFLKNGKI,0,0,0,Marinisomatota,91.38,MAG
TARA_SAMEA2623488_METAG_PGDAPALK,0,0,0,Chloroflexota,88.58,MAG
TARA_SAMEA2623488_METAG_LFMKGOGC,0,0,0,Alpha-Other,76.34,MAG
TARA_SAMEA2623488_METAG_GJIHJEOC,0,0,0,Alpha-Other,89.09,MAG
TARA_SAMEA2623488_METAG_GIHIDHOE,0,0,0,Actinobacteriota,78.44,MAG
TARA_SAMEA2623488_METAG_MLPBMLDA,0,0,0,Bacteroidota,80.63,MAG
TARA_SAMEA2623488_METAG_FCCCELGA,0,0,0,Actinobacteriota,77.76,MAG
TARA_SAMEA2623488_METAG_LHIBGJCF,0,0,0,Marinisomatota,78.01,MAG
TARA_SAMEA2623488_METAG_DOHFKJIJ,0,0,0,Gamma-Other,76.03,MAG
TARA_SAMEA2623488_METAG_EANOCOMF,0,0,0,Marinisomatota,76.27,MAG
TARA_SAMEA2623649_METAG_BOJIOIGP,0,0,0,Archaea-Poseidoniia MGIIb,84.41,MAG
TARA_SAMEA2623649_METAG_APLNANDN,0,0,0,Archaea-Poseidoniia MGIIb,79.9,MAG
TARA_SAMEA4397278_METAG_KFCICLPM,0,0,0,Gamma-Other,97.36,MAG
TARA_SAMEA4397278_METAG_OBBPFILF,0,0,0,Bacteroidota,96.06,MAG
TARA_SAMEA4397278_METAG_OFKBPLAF,0,0,0,Bacteroidota,92.67,MAG
TARA_SAMEA4397278_METAG_KLBKGHAE,0,0,0,Alpha-Other,84.38,MAG
TARA_SAMEA4397278_METAG_IHJOELLL,0,0,0,Bacteroidota,80.24,MAG
TARA_SAMEA4397278_METAG_GPKKHNOL,0,0,0,Alpha-Rhodobacter-LowGC,86.22,MAG
TARA_SAMEA4397278_METAG_LBEDCLCP,0,0,0,Gamma-SAR92,75.53,MAG
TARA_SAMEA2621401_METAG_GADFMMBD,0,0,0,Bacteroidota,96.05,MAG
TARA_SAMEA2621401_METAG_JHIAHNCD,0,0,0,Bacteroidota,82.02,MAG
TARA_SAMEA2621401_METAG_KKFECFOL,0,0,0,Gamma-SAR86,80.68,MAG
TARA_SAMEA2621401_METAG_FKLCAOJE,0,0,0,Alpha-Rhodobacter-LowGC,82.42,MAG
TARA_SAMEA2622710_METAG_DBGJLHNK,0,0,0,Alpha-Other,99.23,MAG
TARA_SAMEA2622710_METAG_JLIMCGGF,0,0,0,Bacteroidota,93.76,MAG
TARA_SAMEA2622710_METAG_DKCPLEAG,0,0,0,Bacteroidota,81.47,MAG
TARA_SAMEA2622710_METAG_KOHPLGIJ,0,0,0,Bacteroidota,86.46,MAG
TARA_SAMEA2622710_METAG_IJJCMKFC,0,0,0,Alpha-Other,84.73,MAG
TARA_SAMEA2622710_METAG_IBPFDOMA,1,1,1,Gamma-Other,89.5,MAG
TARA_SAMEA2622710_METAG_JILOENEK,0,0,0,Alpha-Other,86.35,MAG
TARA_SAMEA2622710_METAG_EMEHNOOJ,0,0,0,Marinisomatota,76.76,MAG
TARA_SAMEA2622710_METAG_CFHPMFJA,0,0,0,Gamma-SAR86,80.66,MAG
TARA_SAMEA2622710_METAG_EANFJCEN,0,0,0,Gamma-SAR86,75.54,MAG
TARA_SAMEA2622362_METAG_JAANLLPJ,0,0,0,Bacteroidota,89.58,MAG
TARA_SAMEA2622362_METAG_JBEAFIJD,0,0,0,Chloroflexota,89.3,MAG
TARA_SAMEA2622362_METAG_IFNGKHNP,0,0,0,Marinisomatota,88.92,MAG
TARA_SAMEA2622362_METAG_BGKEPPDI,0,0,0,Gamma-Other,92.87,MAG
TARA_SAMEA2622362_METAG_JFECIJCA,0,0,0,Actinobacteriota,87.77,MAG
TARA_SAMEA2622362_METAG_ILIBDBIG,0,0,0,Alpha-Other,87.58,MAG
TARA_SAMEA2622362_METAG_OPNNLIBE,0,0,0,Gamma-Other,87.32,MAG
TARA_SAMEA2622362_METAG_LMEDJMCL,0,0,0,SAR324,88.9,MAG
TARA_SAMEA2622362_METAG_HOGJOGHF,0,0,0,Gamma-Other,77.08,MAG
TARA_SAMEA2622362_METAG_BBJMCAJG,0,0,0,Actinobacteriota,84.95,MAG
TARA_SAMEA2622362_METAG_GCACFOMC,0,0,0,Marinisomatota,83.28,MAG
TARA_SAMEA2622362_METAG_FNIJGION,0,0,0,Marinisomatota,82.25,MAG
TARA_SAMEA2622362_METAG_KAGHEKBL,0,0,0,Marinisomatota,80.91,MAG
TARA_SAMEA2622362_METAG_CNGFNEPM,0,0,0,Marinisomatota,82.18,MAG
TARA_SAMEA2622362_METAG_GNNBLFDM,0,0,0,Actinobacteriota,78.11,MAG
TARA_SAMEA2622362_METAG_LNDNHPKI,0,0,0,Alpha-Pelagibacter,77.77,MAG
TARA_SAMEA2622362_METAG_AMOJIMGP,0,0,0,Bacteroidota,76.59,MAG
TARA_SAMEA2623426_METAG_ONNAFFGO,0,0,0,Archaea-Poseidoniia MGIIb,83.32,MAG
TARA_SAMEA2622837_METAG_ALABJMLJ,0,0,0,Archaea-Poseidoniia MGIIb,79.85,MAG
TARA_SAMEA2623079_METAG_DAGBKOGK,0,0,0,Bacteria-Other,96.46,MAG
TARA_SAMEA2623079_METAG_OAONAFLK,0,0,0,Actinobacteriota,89.2,MAG
TARA_SAMEA2623079_METAG_JIAOMKJK,0,0,0,Alpha-Pelagibacter,77.01,MAG
TARA_SAMEA2623079_METAG_ILICKNDD,0,0,0,Marinisomatota,79.6,MAG
TARA_SAMEA2623079_METAG_EOFNLCOJ,0,0,0,Bacteroidota,76.64,MAG
TARA_SAMEA2623079_METAG_KJCPAHGK,0,0,0,Gamma-Other,76.26,MAG
TARA_SAMEA2623079_METAG_KJALDNFC,0,0,0,Gamma-Other,89.43,MAG
TARA_SAMEA2623079_METAG_BEHLNHMO,0,0,0,Gamma-Other,81.96,MAG
TARA_SAMEA2623079_METAG_KHBAENNM,0,0,0,Marinisomatota,79.08,MAG
TARA_SAMEA2623079_METAG_HJLMJGAO,0,0,0,Marinisomatota,77.56,MAG
TARA_SAMEA2621232_METAG_JNKIOFLF,0,0,0,Alpha-Other,92.6,MAG
TARA_SAMEA2621232_METAG_MHFHJELJ,0,0,0,Actinobacteriota,87.06,MAG
TARA_SAMEA2621232_METAG_FOPCHFIO,0,0,0,Gemmatimonadota,86.65,MAG
TARA_SAMEA2621232_METAG_JIACGPBC,0,0,0,Marinisomatota,88.35,MAG
TARA_SAMEA2621232_METAG_LJDCFJLN,0,0,0,Marinisomatota,89.28,MAG
TARA_SAMEA2621232_METAG_ACFPFBIO,0,0,0,Marinisomatota,88.01,MAG
TARA_SAMEA2621232_METAG_MEPCOKGI,0,0,0,Alpha-Other,87.7,MAG
TARA_SAMEA2621232_METAG_LFHKKFMK,0,0,0,Bacteria-Other,85.79,MAG
TARA_SAMEA2621232_METAG_PCMPGFFI,0,0,0,Gamma-Other,81.57,MAG
TARA_SAMEA2621232_METAG_KIALKPLO,0,0,0,Alpha-Pelagibacter,75.38,MAG
TARA_SAMEA2621232_METAG_ILBGPGOB,0,0,0,Actinobacteriota,76.46,MAG
TARA_SAMEA2621232_METAG_MJNPEMOJ,0,0,0,Gemmatimonadota,76.84,MAG
TARA_SAMEA2621132_METAG_HELGHMIC,0,0,0,Actinobacteriota,84.91,MAG
TARA_SAMEA2621132_METAG_OJFEGECA,0,0,0,Gamma-Other,76.42,MAG
TARA_SAMEA2622173_METAG_ECPLNLMD,0,0,0,Bacteroidota,96.57,MAG
TARA_SAMEA2622173_METAG_MEJOLCIC,0,0,0,Bacteroidota,76.22,MAG
TARA_SAMEA2622173_METAG_KMIFEPGA,0,0,0,Dadabacteria,79.13,MAG
TARA_SAMEA2622173_METAG_CFKKAGFM,0,0,0,Gamma-SAR86,76.43,MAG
TARA_SAMEA2619399_METAG_JHCBJGEH,0,0,0,Archaea-Poseidoniia MGIIb,75.76,MAG
TARA_SAMEA2623390_METAG_BMIPDNDI,0,0,0,Actinobacteriota,96.22,MAG
TARA_SAMEA2623390_METAG_LNAPLDHH,0,0,0,Chloroflexota,92.5,MAG
TARA_SAMEA2623390_METAG_DEEMDONP,0,0,0,Gamma-Other,96.03,MAG
TARA_SAMEA2623390_METAG_IAFJGHDO,0,0,0,Acidobacteriota,92.38,MAG
TARA_SAMEA2623390_METAG_GNEIDFCC,0,0,0,Alpha-Other,91.7,MAG
TARA_SAMEA2623390_METAG_OOLJNMIA,0,0,0,Marinisomatota,89.44,MAG
TARA_SAMEA2623390_METAG_DMLMGEMH,0,0,0,Gamma-Other,91.74,MAG
TARA_SAMEA2623390_METAG_FLFENLHO,0,0,0,Bacteroidota,88.36,MAG
TARA_SAMEA2623390_METAG_JFMDKJEF,0,0,0,Chloroflexota,86.98,MAG
TARA_SAMEA2623390_METAG_HECBHMKG,0,0,0,Chloroflexota,85.08,MAG
TARA_SAMEA2623390_METAG_ADCLFOIG,0,0,0,Actinobacteriota,79.26,MAG
TARA_SAMEA2623390_METAG_KCIBEPJC,0,0,0,Chloroflexota,81.45,MAG
TARA_SAMEA2620734_METAG_HIGCBKAJ,0,0,0,Archaea-Poseidoniia MGIIb,83.28,MAG
TARA_SAMEA2623390_METAG_EBIFEEAH,0,0,0,Patescibacteria,77.06,MAG
TARA_SAMEA2623390_METAG_CCHKCNHO,0,0,0,Marinisomatota,82.35,MAG
TARA_SAMEA2623390_METAG_INHGEAFB,0,0,0,Marinisomatota,82.47,MAG
TARA_SAMEA2623390_METAG_JGGCMOPO,0,0,0,Alpha-Pelagibacter,79.92,MAG
TARA_SAMEA2623390_METAG_LMNAJLNI,0,0,0,Chloroflexota,75.31,MAG
TARA_SAMEA2623390_METAG_DDAGOLHH,0,0,0,Bacteroidota,78.03,MAG
TARA_SAMEA2620855_METAG_DDGLPDIK,0,0,0,Archaea-Poseidoniia MGIIb,83.96,MAG
TARA_SAMEA2621066_METAG_MCPCKLCF,0,0,0,Archaea-Poseidoniia MGIIb,78.19,MAG
TARA_SAMEA2621066_METAG_MNEKLALE,0,0,0,Archaea-Poseidoniia MGIIb,75.68,MAG
TARA_SAMEA2623693_METAG_MLPGADLM,0,0,0,Gamma-Other,88.08,MAG
TARA_SAMEA2623693_METAG_BIFEJPDE,0,0,0,Actinobacteriota,75.36,MAG
TARA_SAMEA2620890_METAG_JJLGBBMA,0,0,0,Archaea-Poseidoniia MGIIb,82.64,MAG
TARA_SAMEA2620081_METAG_IOMPHDFN,0,0,0,Alpha-Rhodobacter,89.23,MAG
TARA_SAMEA2620081_METAG_IDEBNHDF,0,0,0,Alpha-Other,86.53,MAG
TARA_SAMEA2619782_METAG_HNGHLNBO,0,0,0,Archaea-Poseidoniia MGIIb,81.78,MAG
TARA_SAMEA2619782_METAG_PIAGLPHK,0,0,0,Archaea-Poseidoniia MGIIb,78.58,MAG
TARA_SAMEA2622690_METAG_PKNKJFIM,0,0,0,Archaea-Poseidoniia MGIIb,87.44,MAG
TARA_SAMEA2619970_METAG_CLFMKPOM,0,0,0,Actinobacteriota,96.43,MAG
TARA_SAMEA2622690_METAG_JDJPCPMB,0,0,0,Archaea-Poseidoniia MGIIa,75.52,MAG
TARA_SAMEA2619970_METAG_OPOMKGEC,0,0,0,Actinobacteriota,94.5,MAG
TARA_SAMEA2619970_METAG_PAOIJDAJ,0,0,0,Marinisomatota,92.69,MAG
TARA_SAMEA2619970_METAG_JMFNEFCE,0,0,0,Marinisomatota,89.66,MAG
TARA_SAMEA2622690_METAG_CENJGHLL,0,0,0,Archaea-Poseidoniia MGIIb,82.94,MAG
TARA_SAMEA2622690_METAG_CNLJOBBB,0,0,0,Archaea-Poseidoniia MGIIb,80.9,MAG
TARA_SAMEA2619970_METAG_ILIJLLHM,0,0,0,Chloroflexota,90.96,MAG
TARA_SAMEA2619970_METAG_OABCANKE,0,0,0,Marinisomatota,90.9,MAG
TARA_SAMEA2619970_METAG_JBFPHNOD,0,0,0,Alpha-Other,88.99,MAG
TARA_SAMEA2619970_METAG_CEDBKEAJ,0,0,0,Marinisomatota,89.61,MAG
TARA_SAMEA2619970_METAG_DIFNHGDL,0,0,0,Chloroflexota,83.62,MAG
TARA_SAMEA2622690_METAG_EJCKHKIC,0,0,0,Archaea-Poseidoniia MGIIb,77.44,MAG
TARA_SAMEA2622690_METAG_MBDGBJOO,0,0,0,Archaea-Poseidoniia MGIIb,78.35,MAG
TARA_SAMEA2619970_METAG_OAMDOEKP,0,0,0,Marinisomatota,86.98,MAG
TARA_SAMEA2619970_METAG_LJJGGJEI,0,0,0,Chloroflexota,83.59,MAG
TARA_SAMEA2619970_METAG_AGFNHNHK,0,0,0,Marinisomatota,83.72,MAG
TARA_SAMEA2619970_METAG_KIGOGAJK,0,0,0,SAR324,84.42,MAG
TARA_SAMEA2619970_METAG_DDCKMJBB,0,0,0,Patescibacteria,78.15,MAG
TARA_SAMEA2619970_METAG_DJMHBJNL,0,0,0,Marinisomatota,80.39,MAG
TARA_SAMEA2619970_METAG_CJDEJIKD,0,0,0,Patescibacteria,77.58,MAG
TARA_SAMEA2619970_METAG_NKOMOPAH,0,0,0,Patescibacteria,79.16,MAG
TARA_SAMEA2619970_METAG_JHDNOJKG,0,0,0,Alpha-Other,77.12,MAG
TARA_SAMEA2619970_METAG_JOMOCMFK,0,0,0,Bacteria-Other,75.94,MAG
TARA_SAMEA2619970_METAG_BNLDCDOD,0,0,0,Patescibacteria,76.38,MAG
TARA_SAMEA2619970_METAG_EABNMDLE,0,0,0,Marinisomatota,75.34,MAG
TARA_SAMEA2622197_METAG_HLDFKAAA,0,0,0,Archaea-Other,83.28,MAG
TARA_SAMEA2620097_METAG_MAMMGGGB,0,0,0,Archaea-Other,84.52,MAG
TARA_SAMEA2621037_METAG_FJCBONLK,0,0,0,Archaea-Poseidoniia MGIIb,83.16,MAG
TARA_SAMEA2620651_METAG_BOIAMFDD,0,0,0,Archaea-Poseidoniia MGIIb,76.63,MAG
TARA_SAMEA2622545_METAG_MGPNGBBN,0,0,0,Archaea-Other,83.63,MAG
TARA_SAMEA2620339_METAG_ENNHIIDF,0,0,0,Alpha-Other,91.8,MAG
TARA_SAMEA2620339_METAG_NHAGLCAK,0,0,0,Bacteroidota,88.58,MAG
TARA_SAMEA2620339_METAG_CMFLFIIF,0,0,0,Bacteroidota,80.23,MAG
TARA_SAMEA2620339_METAG_OIJDEDKH,0,0,0,SAR324,79.32,MAG
TARA_SAMEA2620339_METAG_BGMJGFOJ,0,0,0,Gamma-SAR86,76.7,MAG
TARA_SAMEA2591084_METAG_KEAIOFMB,0,0,0,Alpha-Other,98.88,MAG
TARA_SAMEA2591084_METAG_PCHHHJGD,0,0,0,Alpha-Rhodobacter-LowGC,93.72,MAG
TARA_SAMEA2591084_METAG_EKBIOPJB,0,0,0,Alpha-Other,89.43,MAG
TARA_SAMEA2591084_METAG_AGLOMKBH,0,0,0,Gamma-Other,87.6,MAG
TARA_SAMEA2591084_METAG_FHAHGCGB,0,0,0,Alpha-Other,78.06,MAG
TARA_SAMEA2591084_METAG_HFJJKKFK,0,0,0,Gamma-Other,77.62,MAG
TARA_SAMEA2591084_METAG_MCNDNKFP,0,0,0,Gamma-SAR86,80.62,MAG
TARA_SAMEA2622545_METAG_AANPKENI,0,0,0,Archaea-Other,79.76,MAG
TARA_SAMEA2620021_METAG_FPHBIKKN,0,0,0,Marinisomatota,91.25,MAG
TARA_SAMEA2620021_METAG_GBIHLJMF,0,0,0,Actinobacteriota,93.56,MAG
TARA_SAMEA2620021_METAG_PCADMNKO,0,0,0,Chloroflexota,78.69,MAG
TARA_SAMEA2620021_METAG_NHAIJEJL,1,1,1,Gamma-Alteromonas,75.96,MAG
TARA_SAMEA2620021_METAG_ILPKNCGA,0,0,0,Marinisomatota,80.06,MAG
TARA_SAMEA2620021_METAG_POPHBOPN,0,0,0,Alpha-Other,80.97,MAG
TARA_SAMEA2620021_METAG_NBJLNKHI,0,0,0,Alpha-Other,78,MAG
TARA_SAMEA2620021_METAG_HGAFLIIK,0,0,0,Dadabacteria,80.57,MAG
TARA_SAMEA2620021_METAG_FAILMJMK,0,0,0,Alpha-Other,79.46,MAG
TARA_SAMEA2620021_METAG_FAAKBBFH,0,0,0,Gamma-SAR86,79.23,MAG
TARA_SAMEA2591098_METAG_ELHAFCCE,0,0,0,Gamma-Other,97.04,MAG
TARA_SAMEA2591098_METAG_NLMGDPCC,0,0,0,Actinobacteriota,90.64,MAG
TARA_SAMEA2591098_METAG_NBLJLINN,0,0,0,Alpha-Other,81.68,MAG
TARA_SAMEA2591098_METAG_KPFJJBGM,0,0,0,Alpha-Other,85.69,MAG
TARA_SAMEA2591098_METAG_EEJFIOKH,0,0,0,Chloroflexota,76.43,MAG
TARA_SAMEA2591098_METAG_ONMMEFFK,0,0,0,Marinisomatota,78.12,MAG
TARA_SAMEA2591098_METAG_FOJIJCMO,0,0,0,Gamma-SAR86,83.94,MAG
TARA_SAMEA2591098_METAG_NPFNAOKN,0,0,0,Dadabacteria,81.65,MAG
TARA_SAMEA2591098_METAG_KJMEDDBP,0,0,0,Chloroflexota,75.66,MAG
TARA_SAMEA2620882_METAG_IPKCKHKP,0,0,0,Chloroflexota,92.16,MAG
TARA_SAMEA2620882_METAG_BNMHGDEA,0,0,0,Marinisomatota,90.82,MAG
TARA_SAMEA2620882_METAG_OABCIMNP,0,0,0,Gamma-Other,93.24,MAG
TARA_SAMEA2620882_METAG_JCELMPOG,0,0,0,Marinisomatota,90.28,MAG
TARA_SAMEA2620882_METAG_EKGHMCEB,0,0,0,Actinobacteriota,85.35,MAG
TARA_SAMEA2620882_METAG_EKEBJOFI,0,0,0,Marinisomatota,84.18,MAG
TARA_SAMEA2620882_METAG_ACCKEIKJ,0,0,0,Gamma-Other,78.61,MAG
TARA_SAMEA2620882_METAG_FGNIEJOE,0,0,0,Actinobacteriota,77.02,MAG
TARA_SAMEA2620882_METAG_CBEFIOHO,0,0,0,Actinobacteriota,80.18,MAG
TARA_SAMEA2620882_METAG_GLFOFJAN,0,0,0,Chloroflexota,75.72,MAG
TARA_SAMEA2591074_METAG_CIBFOADC,0,0,0,Archaea-Poseidoniia MGIIb,76.37,MAG
TARA_SAMEA2621487_METAG_JOMANGEL,1,1,1,Actinobacteriota,81.94,MAG
TARA_SAMEA2621487_METAG_BGHMKNHJ,0,0,0,Bacteroidota,83.04,MAG
TARA_SAMEA2620194_METAG_KCIGOJEN,0,0,0,Verrucomicrobiota,91.3,MAG
TARA_SAMEA2620194_METAG_PFBMLOHC,0,0,0,Bacteroidota,77.32,MAG
TARA_SAMEA2620194_METAG_BJLGHDLJ,0,0,0,Gamma-SAR86,82.88,MAG
TARA_SAMEA2622673_METAG_EPCPGHPB,0,0,0,Marinisomatota,93.44,MAG
TARA_SAMEA2622673_METAG_IBIEALEP,0,0,0,Chloroflexota,89.99,MAG
TARA_SAMEA2622673_METAG_DKMPIMBP,0,0,0,Alpha-Other,88.04,MAG
TARA_SAMEA2622673_METAG_AGDHGJJB,0,0,0,Actinobacteriota,84.56,MAG
TARA_SAMEA2622673_METAG_EOOHAFPO,0,0,0,Gamma-Other,89.96,MAG
TARA_SAMEA2622673_METAG_KAKLFAKF,0,0,0,Marinisomatota,86.72,MAG
TARA_SAMEA2622673_METAG_CJIGMHLC,0,0,0,Actinobacteriota,81.4,MAG
TARA_SAMEA2622673_METAG_KCINIIAC,0,0,0,Marinisomatota,82.58,MAG
TARA_SAMEA2622673_METAG_EKLHALNE,0,0,0,Marinisomatota,78.75,MAG
TARA_SAMEA2622673_METAG_FJACJMLO,0,0,0,Actinobacteriota,77.92,MAG
TARA_SAMEA2622673_METAG_FHMBICAN,0,0,0,Gamma-SAR86,76.26,MAG
TARA_SAMEA2622673_METAG_AKHNKHFB,0,0,0,Bacteroidota,75.12,MAG
TARA_SAMEA2623919_METAG_ELAJEEBP,0,0,0,Archaea-Poseidoniia MGIIb,82.6,MAG
TARA_SAMEA2623919_METAG_GIFACCMC,0,0,0,Archaea-Poseidoniia MGIIb,82.28,MAG
TARA_SAMEA2623919_METAG_CMDEMKIK,0,0,0,Archaea-Poseidoniia MGIIb,83.12,MAG
TARA_SAMEA2619548_METAG_JKDPPLBC,0,0,0,Planctomycetota,96.55,MAG
TARA_SAMEA2619548_METAG_ANCJELAM,0,0,0,Marinisomatota,89.52,MAG
TARA_SAMEA2619548_METAG_HKLDOIJI,0,0,0,Actinobacteriota,92.26,MAG
TARA_SAMEA2619548_METAG_IPOLIDGH,0,0,0,Actinobacteriota,86.32,MAG
TARA_SAMEA2619548_METAG_FBIELPMF,0,0,0,Actinobacteriota,87.85,MAG
TARA_SAMEA2619548_METAG_NLEEGJMK,0,0,0,Gamma-Other,85.46,MAG
TARA_SAMEA2619548_METAG_BHMBLJNC,0,0,0,Alpha-Other,81.73,MAG
TARA_SAMEA2619548_METAG_JNEINPOF,0,0,0,Bacteroidota,75.42,MAG
TARA_SAMEA2619548_METAG_HGLBDHOO,0,0,0,Gamma-Other,81.67,MAG
TARA_SAMEA2619548_METAG_AGAMGOMH,0,0,0,Actinobacteriota,77.12,MAG
TARA_SAMEA2619548_METAG_PBNJAFDJ,0,0,0,Gamma-SAR86,75.63,MAG
TARA_SAMEA2619548_METAG_CEFDGKOF,0,0,0,Gamma-SAR86,75.34,MAG
TARA_SAMEA2621551_METAG_DMLPNCOO,0,0,0,Actinobacteriota,95.21,MAG
TARA_SAMEA2621551_METAG_INMMJGPH,0,0,0,Marinisomatota,91.84,MAG
TARA_SAMEA2621551_METAG_FGDPBCFM,0,0,0,Bacteroidota,90.89,MAG
TARA_SAMEA2621551_METAG_INDABBBF,0,0,0,Gamma-Other,77.97,MAG
TARA_SAMEA2621551_METAG_BLMELPME,0,0,0,Chloroflexota,88.48,MAG
TARA_SAMEA2621551_METAG_LJHLGKNH,0,0,0,Marinisomatota,84.17,MAG
TARA_SAMEA2621551_METAG_FNAEDAOL,0,0,0,Marinisomatota,85.14,MAG
TARA_SAMEA2621551_METAG_ODIBNCME,0,0,0,Marinisomatota,84.54,MAG
TARA_SAMEA2621551_METAG_ECCJNGEL,0,0,0,Alpha-Other,78.14,MAG
TARA_SAMEA2619840_METAG_PDGDDJFJ,0,0,0,Archaea-Poseidoniia MGIIb,82.26,MAG
TARA_SAMEA2621551_METAG_JBCNKCNE,0,0,0,Gamma-Other,82.34,MAG
TARA_SAMEA2621551_METAG_INDGPGGO,0,0,0,Marinisomatota,78.31,MAG
TARA_SAMEA2621551_METAG_OHJBDPKP,0,0,0,Bacteroidota,81.56,MAG
TARA_SAMEA2619840_METAG_HHKLFHAI,0,0,0,Archaea-Poseidoniia MGIIb,81.26,MAG
TARA_SAMEA2621551_METAG_ENIPPLDB,0,0,0,Bacteroidota,79.31,MAG
TARA_SAMEA2619840_METAG_CDPFKNGC,0,0,0,Archaea-Other,79.26,MAG
TARA_SAMEA2619840_METAG_DNAGMCKI,0,0,0,Archaea-Poseidoniia MGIIb,76.09,MAG
TARA_SAMEA2622336_METAG_PLHFDNAM,0,0,0,Alpha-Other,76.82,MAG
TARA_SAMEA2622336_METAG_MLHBOMEH,0,0,0,Alpha-Puniceispirilla,79.56,MAG
TARA_SAMEA2622336_METAG_NINLODAE,0,0,0,Gamma-SAR86,84.18,MAG
TARA_SAMEA2622336_METAG_AFDOBEHP,0,0,0,Marinisomatota,75.15,MAG
TARA_SAMEA2622336_METAG_OBKDBLKH,0,0,0,Bacteroidota,77.28,MAG
TARA_SAMEA2622336_METAG_BNBONIDD,0,0,0,Gamma-Other,76.03,MAG
TARA_SAMEA2623627_METAG_DHBMBDKD,0,0,0,Marinisomatota,93.55,MAG
TARA_SAMEA2623627_METAG_FKGACBLF,0,0,0,Actinobacteriota,91.52,MAG
TARA_SAMEA2623627_METAG_KGIGKHLA,0,0,0,Dadabacteria,89.86,MAG
TARA_SAMEA2623627_METAG_ALOBLLDP,0,0,0,Dadabacteria,89.72,MAG
TARA_SAMEA2623627_METAG_NHDAHNNM,0,0,0,Bacteroidota,85.48,MAG
TARA_SAMEA2623627_METAG_JBIOOEFI,0,0,0,Chloroflexota,85.35,MAG
TARA_SAMEA2623627_METAG_GIFJOKAA,0,0,0,Alpha-Rhodobacter-LowGC,87.34,MAG
TARA_SAMEA2623627_METAG_ADALMAHP,0,0,0,Alpha-Other,76.14,MAG
TARA_SAMEA2623627_METAG_IGAMABGL,0,0,0,Alpha-Rhodobacter-LowGC,85.35,MAG
TARA_SAMEA2623627_METAG_ELDLOACN,0,0,0,SAR324,86.18,MAG
TARA_SAMEA2623627_METAG_LELPFHFI,0,0,0,Gamma-Other,83.6,MAG
TARA_SAMEA2623627_METAG_LPPFPIBK,0,0,0,Chloroflexota,78.48,MAG
TARA_SAMEA2623627_METAG_OGELIOCO,0,0,0,Gamma-SAR92,76,MAG
TARA_SAMEA2623627_METAG_LCJIGEAJ,0,0,0,Gamma-SAR86,79.76,MAG
TARA_SAMEA2623627_METAG_ENFEJIND,0,0,0,Alpha-Rhodobacter-LowGC,76.87,MAG
TARA_SAMEA2623627_METAG_FIPIBJPE,0,0,0,Gamma-SAR86,81.56,MAG
TARA_SAMEA2623808_METAG_GCBFMMAE,0,0,0,Actinobacteriota,93.17,MAG
TARA_SAMEA2623808_METAG_HCDEKAPD,0,0,0,Actinobacteriota,90.3,MAG
TARA_SAMEA2623808_METAG_HAANABKK,0,0,0,Gamma-Other,78.58,MAG
TARA_SAMEA2623808_METAG_MPCKCAAI,0,0,0,Bacteroidota,85.64,MAG
TARA_SAMEA2623808_METAG_NFPEPGIB,0,0,0,Alpha-Pelagibacter,78.02,MAG
TARA_SAMEA2623808_METAG_LMGGDHME,0,0,0,Bacteroidota,77.34,MAG
TARA_SAMEA2623808_METAG_ILGAMHGA,0,0,0,Gamma-Other,80.79,MAG
TARA_SAMEA2623808_METAG_ALANFKEP,0,0,0,Gamma-Other,80.61,MAG
TARA_SAMEA2623808_METAG_PIBNLNPM,0,0,0,Gamma-Other,76.18,MAG
TARA_SAMEA4396496_METAG_COKIOMEG,0,0,0,Archaea-Poseidoniia MGIIb,79.2,MAG
TARA_SAMEA2620929_METAG_IHFJDGHL,0,0,0,Bacteroidota,86.12,MAG
TARA_SAMEA4396496_METAG_HLFLEEHM,0,0,0,Archaea-Poseidoniia MGIIb,77.36,MAG
TARA_SAMEA2620929_METAG_NOFAAEHE,0,0,0,Actinobacteriota,75.97,MAG
TARA_SAMEA2620929_METAG_NMAHDDDP,0,0,0,Gamma-SAR86,76.3,MAG
TARA_SAMEA2620230_METAG_DNABOCAK,0,0,0,Bacteroidota,94.66,MAG
TARA_SAMEA2620230_METAG_OGDODKFM,0,0,0,Dadabacteria,88.99,MAG
TARA_SAMEA2620230_METAG_AHKIFNKA,0,0,0,Bacteroidota,76.75,MAG
TARA_SAMEA2620230_METAG_FLEKPBOE,0,0,0,Gamma-SAR86,82.64,MAG
TARA_SAMEA2620230_METAG_CJDLKNDM,0,0,0,Gamma-Other,79.35,MAG
TARA_SAMEA2622119_METAG_DDKAAOLH,0,0,0,Verrucomicrobiota,95.86,MAG
TARA_SAMEA2622119_METAG_JDBJOIBA,0,0,0,Alpha-Pelagibacter,89.06,MAG
TARA_SAMEA2622119_METAG_AAKNDNBK,0,0,0,Bacteroidota,80.05,MAG
TARA_SAMEA2622119_METAG_LNMCJPKC,0,0,0,Gamma-Other,78.84,MAG
TARA_SAMEA2622796_METAG_BOADKHEC,0,0,0,Chloroflexota,97.32,MAG
TARA_SAMEA2622796_METAG_NAJLOALF,0,0,0,Marinisomatota,94.24,MAG
TARA_SAMEA2622796_METAG_CAEKOMAH,0,0,0,Alpha-Other,89.29,MAG
TARA_SAMEA2622796_METAG_FHGCBOIM,0,0,0,Actinobacteriota,91.86,MAG
TARA_SAMEA2622796_METAG_KDBKCMEK,0,0,0,Alpha-Other,93.72,MAG
TARA_SAMEA2622796_METAG_ICINOFDJ,0,0,0,Alpha-Other,93.9,MAG
TARA_SAMEA2622796_METAG_NEBCDNLH,0,0,0,Actinobacteriota,92.18,MAG
TARA_SAMEA2622796_METAG_FBJMAKDD,0,0,0,Marinisomatota,88.75,MAG
TARA_SAMEA2622796_METAG_MIEALHJP,0,0,0,Marinisomatota,88.2,MAG
TARA_SAMEA2622796_METAG_JMOLOLLH,0,0,0,Alpha-Other,87.86,MAG
TARA_SAMEA2622796_METAG_KLKACEPK,0,0,0,Bacteria-Other,86.59,MAG
TARA_SAMEA2622796_METAG_GCENBJLL,0,0,0,Actinobacteriota,86.27,MAG
TARA_SAMEA2622796_METAG_GBCPHHOB,0,0,0,Dadabacteria,88.1,MAG
TARA_SAMEA2622796_METAG_KPADOEEJ,0,0,0,Chloroflexota,83.7,MAG
TARA_SAMEA2622796_METAG_IBKNLDHP,0,0,0,Verrucomicrobiota,78.76,MAG
TARA_SAMEA2622796_METAG_DLBGGOGL,0,0,0,Chloroflexota,82.4,MAG
TARA_SAMEA2622796_METAG_AHKFBPKL,0,0,0,Chloroflexota,80.26,MAG
TARA_SAMEA2622796_METAG_CPMDFBNN,0,0,0,Chloroflexota,83.04,MAG
TARA_SAMEA2622796_METAG_ABFGCEIO,0,0,0,Gamma-SAR86,80.6,MAG
TARA_SAMEA2622796_METAG_AMMPOJJC,0,0,0,Gamma-Other,76.54,MAG
TARA_SAMEA2622796_METAG_POIDBPCL,0,0,0,Gamma-Other,78.1,MAG
TARA_SAMEA2622796_METAG_FFJOLABC,0,0,0,Chloroflexota,75.19,MAG
TARA_SAMEA4397611_METAG_CNBIAKJP,0,0,0,Archaea-Other,81.5,MAG
TARA_SAMEA2623886_METAG_LLPNBDAJ,0,0,0,Actinobacteriota,94.71,MAG
TARA_SAMEA2623886_METAG_EGDOHLAP,0,0,0,Bacteria-Other,79.64,MAG
TARA_SAMEA2623886_METAG_DCCFAOBI,0,0,0,Alpha-Rhodobacter-LowGC,82.12,MAG
TARA_SAMEA2623886_METAG_OLCKFOHO,0,0,0,Alpha-Pelagibacter,84.42,MAG
TARA_SAMEA2623886_METAG_IDCLBCOA,0,0,0,Bacteroidota,87.38,MAG
TARA_SAMEA2623886_METAG_MNDDENPN,0,0,0,Gamma-Other,83.18,MAG
TARA_SAMEA2623886_METAG_NOFLMJDI,0,0,0,Gamma-SAR86,78.97,MAG
TARA_SAMEA2623886_METAG_LJNHHCPJ,0,0,0,Bacteroidota,75.28,MAG
TARA_SAMEA2623734_METAG_FMEHMANI,0,0,0,Actinobacteriota,85.52,MAG
TARA_SAMEA2623734_METAG_JNCJFMLG,0,0,0,Actinobacteriota,91.56,MAG
TARA_SAMEA2623734_METAG_IKNBAAMP,0,0,0,Alpha-Other,81.03,MAG
TARA_SAMEA2623734_METAG_FLDIJGPE,0,0,0,Actinobacteriota,86.28,MAG
TARA_SAMEA2623734_METAG_IENGIHCM,0,0,0,Dadabacteria,88.88,MAG
TARA_SAMEA2623734_METAG_DGLJFOPG,0,0,0,Bacteroidota,76.32,MAG
TARA_SAMEA4398150_METAG_OLEPMELI,0,0,0,Archaea-Other,82.9,MAG
TARA_SAMEA4398150_METAG_BJNLDEKH,0,0,0,Archaea-Poseidoniia MGIIb,78.48,MAG
TARA_SAMEA2621092_METAG_IBENKOHC,0,0,0,Alpha-Other,90.55,MAG
TARA_SAMEA2621092_METAG_MGMEPOBP,0,0,0,Alpha-Other,86.86,MAG
TARA_SAMEA2621092_METAG_KLHMGDEG,1,1,1,Gamma-Other,88.8,MAG
TARA_SAMEA2621092_METAG_BJJCDLMP,0,0,0,Actinobacteriota,84.76,MAG
TARA_SAMEA2621092_METAG_FIINLELG,0,0,0,Marinisomatota,85.92,MAG
TARA_SAMEA2621092_METAG_MOJMJMFN,0,0,0,Marinisomatota,84.27,MAG
TARA_SAMEA2621092_METAG_LBCFAKNP,0,0,0,Alpha-Pelagibacter,77.16,MAG
TARA_SAMEA2621092_METAG_PBJHGBON,0,0,0,Gamma-Other,83.07,MAG
TARA_SAMEA4398150_METAG_NLMLODFG,0,0,0,Archaea-Poseidoniia MGIIb,82.5,MAG
TARA_SAMEA2621092_METAG_BNMOCHDI,0,0,0,Gamma-Other,79.23,MAG
TARA_SAMEA4398150_METAG_ONCLAPME,0,0,0,Archaea-Poseidoniia MGIIb,78.22,MAG
TARA_SAMEA4396424_METAG_HMLFGMDH,0,0,0,Archaea-Poseidoniia MGIIb,76.79,MAG
TARA_SAMEA2622923_METAG_GOPGNBLJ,0,0,0,Bacteroidota,83.61,MAG
TARA_SAMEA2622923_METAG_BHAEFEEJ,1,1,1,Alpha-Other,81.98,MAG
TARA_SAMEA2622923_METAG_LNDHCLCC,0,0,0,Alpha-Other,75.32,MAG
TARA_SAMEA2622923_METAG_IBDHIJGF,0,0,0,Gamma-SAR86,80.35,MAG
TARA_SAMEA2622923_METAG_CPDBDALO,0,0,0,Gamma-SAR86,75.24,MAG
TARA_SAMEA2622817_METAG_EKCGFEKO,0,0,0,Bacteria-Other,92.5,MAG
TARA_SAMEA2622817_METAG_GIHAJKJK,0,0,0,Gamma-Other,85.6,MAG
TARA_SAMEA2622817_METAG_JODNMIJD,0,0,0,Gamma-SAR86,81.03,MAG
TARA_SAMEA2622817_METAG_OMDFBDAJ,0,0,0,Gamma-SAR86,78.74,MAG
TARA_SAMEA4398219_METAG_HEKNMIBG,0,0,0,Archaea-Poseidoniia MGIIa,75.24,MAG
TARA_SAMEA2620217_METAG_MCDCMNAH,0,0,0,Alpha-Other,91.84,MAG
TARA_SAMEA2620217_METAG_NAPGDILO,0,0,0,Actinobacteriota,92.96,MAG
TARA_SAMEA2620217_METAG_KFNFAJLF,0,0,0,Actinobacteriota,86.16,MAG
TARA_SAMEA2620217_METAG_FOEDCKCL,0,0,0,Actinobacteriota,83.6,MAG
TARA_SAMEA2620217_METAG_GFJBKAAK,0,0,0,Alpha-Other,84.13,MAG
TARA_SAMEA2620217_METAG_JBPKMCAG,0,0,0,Actinobacteriota,77.96,MAG
TARA_SAMEA2620217_METAG_BJJAGMIF,0,0,0,Marinisomatota,81.82,MAG
TARA_SAMEA2620217_METAG_GKNBPAAB,0,0,0,Gamma-Other,77.79,MAG
TARA_SAMEA2620217_METAG_JPLGPEKC,0,0,0,Gamma-SAR86,77.9,MAG
TARA_SAMEA2620217_METAG_OHJEEPAI,0,0,0,Gamma-SAR86,81.42,MAG
TARA_SAMEA2623059_METAG_JACFGJDE,0,0,0,Marinisomatota,86.64,MAG
TARA_SAMEA2623059_METAG_KAFHDPCI,0,0,0,Bacteroidota,80.8,MAG
TARA_SAMEA2623059_METAG_AAKICAOM,0,0,0,Alpha-Rhodobacter,75.66,MAG
TARA_SAMEA2623059_METAG_PPBHABJF,0,0,0,Gamma-SAR86,79.54,MAG
TARA_SAMEA2622429_METAG_CICNCJKL,0,0,0,Gamma-Other,84.26,MAG
TARA_SAMEA2622429_METAG_GEIBKEOM,0,0,0,Actinobacteriota,93.92,MAG
TARA_SAMEA2622429_METAG_PAPNKPMD,0,0,0,Gamma-Other,82.61,MAG
TARA_SAMEA2622429_METAG_DNDCLALF,0,0,0,Actinobacteriota,91.13,MAG
TARA_SAMEA2622429_METAG_IHICAGHD,0,0,0,SAR324,91.5,MAG
TARA_SAMEA2622429_METAG_EMGBALDF,0,0,0,Marinisomatota,88.01,MAG
TARA_SAMEA2622429_METAG_LOKMPMCK,0,0,0,Actinobacteriota,89.42,MAG
TARA_SAMEA2622429_METAG_MLKDBDJL,0,0,0,Alpha-Pelagibacter,85.7,MAG
TARA_SAMEA2622429_METAG_PPGFJNOL,0,0,0,Marinisomatota,82.83,MAG
TARA_SAMEA2622429_METAG_CMPJPAHA,0,0,0,Marinisomatota,83.81,MAG
TARA_SAMEA2622429_METAG_EOFLCMEN,0,0,0,Alpha-Other,80.55,MAG
TARA_SAMEA2622429_METAG_DOAEOFBD,0,0,0,Gamma-Other,85.18,MAG
TARA_SAMEA2622429_METAG_GIKAOJGC,0,0,0,Marinisomatota,82.54,MAG
TARA_SAMEA2622429_METAG_ICJBIGPJ,0,0,0,Bacteroidota,82.04,MAG
TARA_SAMEA4398009_METAG_HBHNDPGJ,0,0,0,Archaea-Poseidoniia MGIIa,83.74,MAG
TARA_SAMEA4397072_METAG_KBMLGJIK,0,0,0,Archaea-Other,87.22,MAG
TARA_SAMEA4397072_METAG_PFPPFKPB,0,0,0,Archaea-Poseidoniia MGIIb,86.82,MAG
TARA_SAMEA4397072_METAG_PJCLLFFE,0,0,0,Archaea-Poseidoniia MGIIb,75.65,MAG
TARA_SAMEA4397072_METAG_HOOGJPMA,0,0,0,Archaea-Poseidoniia MGIIb,76.23,MAG
TARA_SAMEA2620970_METAG_EFKAICOO,0,0,0,Bacteroidota,83.57,MAG
TARA_SAMEA2620970_METAG_NLJDDDNJ,0,0,0,Bacteroidota,88.92,MAG
TARA_SAMEA2620970_METAG_GGBEMCNM,0,0,0,Marinisomatota,85.48,MAG
TARA_SAMEA2620970_METAG_IAKPIJKN,0,0,0,Gamma-SAR86,77.09,MAG
TARA_SAMEA2620570_METAG_LNCAKDIM,0,0,0,Alpha-Other,85.23,MAG
TARA_SAMEA2620570_METAG_GLCKGBPG,0,0,0,Marinisomatota,84.56,MAG
TARA_SAMEA2620570_METAG_LIEAEHFH,0,0,0,Marinisomatota,82.85,MAG
TARA_SAMEA2620570_METAG_IPFGDOMK,0,0,0,Marinisomatota,77.41,MAG
TARA_SAMEA2620570_METAG_KHLHJCBH,0,0,0,Bacteroidota,75.59,MAG
TARA_SAMEA4397355_METAG_ECANMBHN,0,0,0,Archaea-Poseidoniia MGIIb,85.34,MAG
TARA_SAMEA4397355_METAG_BDLIAFKL,0,0,0,Archaea-Poseidoniia MGIIb,80.88,MAG
TARA_SAMEA4397355_METAG_IDPLEFHL,0,0,0,Archaea-Poseidoniia MGIIb,78.36,MAG
TARA_SAMEA2620950_METAG_NIKCBMAO,0,0,0,Alpha-Other,78.48,MAG
TARA_SAMEA2620950_METAG_GLDBGHEF,0,0,0,Bacteroidota,84.94,MAG
TARA_SAMEA2621216_METAG_GPCKMPLA,0,0,0,Chloroflexota,94.21,MAG
TARA_SAMEA2621216_METAG_AJCOPIIB,0,0,0,Chloroflexota,92.72,MAG
TARA_SAMEA2621216_METAG_BMKOBLHB,0,0,0,Chloroflexota,91.65,MAG
TARA_SAMEA4397730_METAG_JJAJLAAJ,0,0,0,Archaea-Other,84.76,MAG
TARA_SAMEA2621216_METAG_OFFMGLFP,0,0,0,Chloroflexota,89.44,MAG
TARA_SAMEA2621216_METAG_KPOPHNKP,0,0,0,Marinisomatota,86.48,MAG
TARA_SAMEA2621216_METAG_JKFDOBKO,0,0,0,Alpha-Other,85.05,MAG
TARA_SAMEA4397730_METAG_KKOEOLLB,0,0,0,Archaea-Poseidoniia MGIIb,87.14,MAG
TARA_SAMEA2623850_METAG_IHLNEPNK,0,0,0,Actinobacteriota,88.94,MAG
TARA_SAMEA2623850_METAG_OCHPAGMA,0,0,0,Actinobacteriota,86.61,MAG
TARA_SAMEA2623850_METAG_PONIJALA,0,0,0,Alpha-Other,85.7,MAG
TARA_SAMEA2623850_METAG_OPBDMHEH,0,0,0,Alpha-Pelagibacter,83.46,MAG
TARA_SAMEA2623850_METAG_JCIBPKNM,0,0,0,Alpha-Other,85.7,MAG
TARA_SAMEA2623850_METAG_GKBDOLKF,0,0,0,Gamma-Other,82.39,MAG
TARA_SAMEA4397730_METAG_ICJELEOM,0,0,0,Archaea-Poseidoniia MGIIb,88.17,MAG
TARA_SAMEA4397730_METAG_NLAMIBJG,0,0,0,Archaea-Poseidoniia MGIIb,80.8,MAG
TARA_SAMEA2619879_METAG_PEAABLIP,0,0,0,Marinisomatota,91.42,MAG
TARA_SAMEA2619879_METAG_GLNPLMPM,0,0,0,Marinisomatota,91.68,MAG
TARA_SAMEA2619879_METAG_LHHMECAM,0,0,0,Alpha-Other,86.1,MAG
TARA_SAMEA2619879_METAG_MCEEGJKO,0,0,0,Alpha-Puniceispirilla,75.14,MAG
TARA_SAMEA2619879_METAG_BLAFFCOD,0,0,0,Gamma-SAR86,78.03,MAG
TARA_SAMEA2620259_METAG_DNKGKCGO,0,0,0,Marinisomatota,94.87,MAG
TARA_SAMEA2620259_METAG_BMKKGOJJ,0,0,0,Alpha-Other,95.87,MAG
TARA_SAMEA4398067_METAG_KEONJPLA,0,0,0,Archaea-Poseidoniia MGIIa,82.32,MAG
TARA_SAMEA2620259_METAG_CMPHBKIN,0,0,0,Alpha-Other,89.75,MAG
TARA_SAMEA2620259_METAG_BINPLAKO,0,0,0,Actinobacteriota,89.38,MAG
TARA_SAMEA2620259_METAG_OCEKDHGO,0,0,0,Actinobacteriota,83.74,MAG
TARA_SAMEA2620259_METAG_OMLMCNCN,0,0,0,Actinobacteriota,80.44,MAG
TARA_SAMEA2620259_METAG_KKHKBAKC,0,0,0,Marinisomatota,77.82,MAG
TARA_SAMEA2620259_METAG_DAAGAEBK,0,0,0,Marinisomatota,82.19,MAG
TARA_SAMEA2620259_METAG_EDPAFJAK,0,0,0,Marinisomatota,82.74,MAG
TARA_SAMEA2620259_METAG_NKAHCAPK,0,0,0,Alpha-Other,78.46,MAG
TARA_SAMEA2620259_METAG_BIAPFGNA,0,0,0,Actinobacteriota,81,MAG
TARA_SAMEA2620259_METAG_DCDGHICL,0,0,0,Dadabacteria,83.31,MAG
TARA_SAMEA2620259_METAG_CFEHIANL,0,0,0,Gamma-SAR86,80.4,MAG
TARA_SAMEA4398413_METAG_CFCPNNHC,0,0,0,Archaea-Poseidoniia MGIIb,82.41,MAG
TARA_SAMEA4397004_METAG_FNGMFNEC,0,0,0,Archaea-Poseidoniia MGIIb,84.88,MAG
TARA_SAMEA2623756_METAG_ADIACIIP,0,0,0,Chloroflexota,95.74,MAG
TARA_SAMEA4397004_METAG_OCAONAKA,0,0,0,Archaea-Poseidoniia MGIIb,83.68,MAG
TARA_SAMEA2623756_METAG_GLPHFJKB,0,0,0,Chloroflexota,93.54,MAG
TARA_SAMEA2623756_METAG_MIHFNHCC,0,0,0,Chloroflexota,88.5,MAG
TARA_SAMEA2623756_METAG_NFIBGMOG,0,0,0,Chloroflexota,91.27,MAG
TARA_SAMEA2623756_METAG_MHGKNBJE,0,0,0,Marinisomatota,88.84,MAG
TARA_SAMEA2623756_METAG_AHONMCJO,0,0,0,Actinobacteriota,87.4,MAG
TARA_SAMEA2623756_METAG_MGNAIKDI,0,0,0,Chloroflexota,86.98,MAG
TARA_SAMEA2623756_METAG_AHBGEJKI,0,0,0,Chloroflexota,78.9,MAG
TARA_SAMEA2623756_METAG_AJJHPDBO,0,0,0,Alpha-Other,79.67,MAG
TARA_SAMEA2623756_METAG_NJFKOENM,0,0,0,Chloroflexota,84.09,MAG
TARA_SAMEA2623756_METAG_NCABMADH,0,0,0,Marinisomatota,82.11,MAG
TARA_SAMEA2623756_METAG_HHHMMKDF,0,0,0,Dadabacteria,84.5,MAG
TARA_SAMEA2623756_METAG_PAOCEMOG,0,0,0,Gamma-Other,82.47,MAG
TARA_SAMEA2623756_METAG_BNJLBMPF,0,0,0,Bacteroidota,82.3,MAG
TARA_SAMEA2623756_METAG_GIMFKGMG,0,0,0,Actinobacteriota,81.84,MAG
TARA_SAMEA2623756_METAG_LKBOOLKF,0,0,0,Marinisomatota,75.94,MAG
TARA_SAMEA4396468_METAG_KEFBBFEH,0,0,0,Archaea-Poseidoniia MGIIb,80.16,MAG
TARA_SAMEA2623756_METAG_LALAMBAD,0,0,0,Gamma-Other,82.51,MAG
TARA_SAMEA2623756_METAG_CDCNDNLC,0,0,0,Bacteroidota,79.95,MAG
BGEO_SAMN07136947_METAG_APFLEIKI,0,0,0,Archaea-Poseidoniia MGIIb,81.44,MAG
TARA_SAMEA2623295_METAG_DCFKMIDG,0,0,0,Chloroflexota,93.2,MAG
BGEO_SAMN07136915_METAG_PIBEJIBD,0,0,0,Archaea-Poseidoniia MGIIb,77.9,MAG
TARA_SAMEA2623295_METAG_BLPIHGAI,0,0,0,Actinobacteriota,94.88,MAG
TARA_SAMEA2623295_METAG_CIGFHKCM,0,0,0,Alpha-Pelagibacter,91.39,MAG
TARA_SAMEA2623295_METAG_GPKKLJCP,0,0,0,Actinobacteriota,91.18,MAG
TARA_SAMEA2623295_METAG_KLNBJOHN,0,0,0,Bacteria-Other,87.78,MAG
TARA_SAMEA2623295_METAG_JCIEMCBA,0,0,0,Marinisomatota,91.82,MAG
TARA_SAMEA2623295_METAG_KCPEGLAH,0,0,0,Actinobacteriota,89.46,MAG
TARA_SAMEA2623295_METAG_NOFAEONB,0,0,0,Chloroflexota,92.39,MAG
TARA_SAMEA2623295_METAG_PPFFMDJG,0,0,0,Gamma-Other,93.19,MAG
TARA_SAMEA2623295_METAG_AJCCJKOD,0,0,0,Marinisomatota,91.7,MAG
TARA_SAMEA2623295_METAG_CLGNDECM,0,0,0,Gamma-Other,92.54,MAG
TARA_SAMEA2623295_METAG_FNMDKGOE,0,0,0,Actinobacteriota,91.96,MAG
TARA_SAMEA2623295_METAG_OFLDHNLM,0,0,0,Chloroflexota,89.04,MAG
TARA_SAMEA2623295_METAG_PHBBDDEJ,0,0,0,Actinobacteriota,89.26,MAG
TARA_SAMEA2623295_METAG_MEHIBEAF,0,0,0,Chloroflexota,90.39,MAG
TARA_SAMEA2623295_METAG_KAMFACPE,0,0,0,Verrucomicrobiota,88.9,MAG
TARA_SAMEA2623295_METAG_FCPBADLK,0,0,0,Marinisomatota,89.61,MAG
TARA_SAMEA2623295_METAG_NBCHEMGN,0,0,0,Bacteroidota,81.86,MAG
TARA_SAMEA2623295_METAG_IFFDPLFD,0,0,0,Verrucomicrobiota,87.82,MAG
BATS_SAMN07137078_METAG_HOACHCKF,0,0,0,Archaea-Poseidoniia MGIIb,85.16,MAG
TARA_SAMEA2623295_METAG_DEPLDDBF,0,0,0,Marinisomatota,83.1,MAG
TARA_SAMEA2623295_METAG_NHCCDJOF,0,0,0,Marinisomatota,83.84,MAG
TARA_SAMEA2623295_METAG_MLHJNKPE,0,0,0,Marinisomatota,83.62,MAG
TARA_SAMEA2623295_METAG_OKGBPNPK,0,0,0,Gamma-Other,79.05,MAG
TARA_SAMEA2623295_METAG_PHMKOILK,0,0,0,Marinisomatota,81.66,MAG
TARA_SAMEA2623295_METAG_DHLBGCAP,0,0,0,Dadabacteria,83.25,MAG
TARA_SAMEA2623295_METAG_JNALGCOH,0,0,0,Bacteroidota,82.5,MAG
TARA_SAMEA2623295_METAG_EGIGFMID,0,0,0,SAR324,82.83,MAG
TARA_SAMEA2623295_METAG_GOLPHBFL,0,0,0,Patescibacteria,77.06,MAG
TARA_SAMEA2623295_METAG_KBDPCDDH,0,0,0,Chloroflexota,79.4,MAG
BGEO_SAMN07136546_METAG_BMAPGKKK,0,0,0,Archaea-Poseidoniia MGIIb,85.76,MAG
BGEO_SAMN07136762_METAG_CBLFFIJC,0,0,0,Archaea-Poseidoniia MGIIb,76.86,MAG
BGEO_SAMN07136626_METAG_LFBPCBNP,0,0,0,Archaea-Poseidoniia MGIIb,82.44,MAG
BGEO_SAMN07136657_METAG_KNGJFNLH,0,0,0,Archaea-Poseidoniia MGIIb,86.82,MAG
BATS_SAMN07137102_METAG_DBGJNEKK,0,0,0,Archaea-Poseidoniia MGIIb,84.46,MAG
TARA_SAMEA2623314_METAG_JFBKHEMH,0,0,0,Actinobacteriota,96,MAG
TARA_SAMEA2623314_METAG_DPHFBFLK,1,1,1,Gamma-Alteromonas,81.9,MAG
TARA_SAMEA2623314_METAG_GDDDJDCB,0,0,0,Chloroflexota,89.18,MAG
BGEO_SAMN07136799_METAG_HHEDPHJE,0,0,0,Archaea-Other,89.97,MAG
BGEO_SAMN07136799_METAG_KKKMDCEL,0,0,0,Archaea-Poseidoniia MGIIb,85.4,MAG
BGEO_SAMN07136573_METAG_PFDABIOP,0,0,0,Archaea-Poseidoniia MGIIb,82.93,MAG
TARA_SAMEA2623314_METAG_LIBMLEFM,0,0,0,Marinisomatota,89.06,MAG
TARA_SAMEA2623314_METAG_NBPBENFH,0,0,0,Chloroflexota,85.58,MAG
TARA_SAMEA2623314_METAG_KIIFANMP,0,0,0,Marinisomatota,88.9,MAG
BGEO_SAMN07136573_METAG_CPKHCLJC,0,0,0,Archaea-Poseidoniia MGIIb,75.09,MAG
TARA_SAMEA2623314_METAG_BCNJGNCJ,0,0,0,Bacteroidota,84.7,MAG
TARA_SAMEA2623314_METAG_DGDHOOEI,0,0,0,Marinisomatota,86.44,MAG
BGEO_SAMN07136513_METAG_HIAFKDFL,0,0,0,Archaea-Poseidoniia MGIIb,76.88,MAG
TARA_SAMEA2623314_METAG_PGINNPHJ,0,0,0,Alpha-Other,86.98,MAG
TARA_SAMEA2623314_METAG_KIEIABJB,0,0,0,Marinisomatota,84.67,MAG
BGEO_SAMN07136727_METAG_GCCJKJPJ,0,0,0,Archaea-Poseidoniia MGIIb,82.7,MAG
TARA_SAMEA2623314_METAG_CHBKFBHG,0,0,0,Marinisomatota,83.64,MAG
TARA_SAMEA2623314_METAG_ENGHNPHF,0,0,0,Chloroflexota,80.9,MAG
TARA_SAMEA2623314_METAG_EFJMDFLP,0,0,0,Patescibacteria,77,MAG
BGEO_SAMN07136672_METAG_GJGBCPKF,0,0,0,Archaea-Poseidoniia MGIIb,78.12,MAG
TARA_SAMEA2623314_METAG_BBFMOFNK,0,0,0,Marinisomatota,80.32,MAG
BATS_SAMN07137075_METAG_MCFJILNF,0,0,0,Archaea-Poseidoniia MGIIb,78.15,MAG
BATS_SAMN08390925_METAG_CPFEIALL,0,0,0,Archaea-Poseidoniia MGIIa,81.15,MAG
BGEO_SAMN07136494_METAG_LIAONDLL,0,0,0,Archaea-Poseidoniia MGIIb,77.66,MAG
TARA_SAMEA2619802_METAG_JGJBFDKN,0,0,0,Alpha-Other,81.19,MAG
TARA_SAMEA2619802_METAG_MJNCBELN,0,0,0,Alpha-Puniceispirilla,80.98,MAG
TARA_SAMEA2619802_METAG_EIIHIIGG,0,0,0,Chloroflexota,76.62,MAG
TARA_SAMEA2623826_METAG_DBFDPDJF,0,0,0,Actinobacteriota,92.06,MAG
TARA_SAMEA2623826_METAG_EFMFOMNJ,0,0,0,Bacteroidota,92.63,MAG
TARA_SAMEA2623826_METAG_CFODMHPN,0,0,0,Actinobacteriota,87.48,MAG
TARA_SAMEA2623826_METAG_CALBAJON,0,0,0,Bacteroidota,86.15,MAG
TARA_SAMEA2623826_METAG_FMAKCDHP,0,0,0,Actinobacteriota,84.76,MAG
TARA_SAMEA2623826_METAG_GEPOICIM,1,1,1,Planctomycetota,78.63,MAG
TARA_SAMEA2623826_METAG_KFLJPNGA,0,0,0,Gamma-SAR86,81.24,MAG
TARA_SAMEA2623826_METAG_GHDLHLGF,0,0,0,Gamma-Other,82.36,MAG
BGEO_SAMN07136951_METAG_CJIDDOGO,0,0,0,Archaea-Poseidoniia MGIIa,79.91,MAG
BGEO_SAMN07136955_METAG_GDOHJPHO,0,0,0,Archaea-Poseidoniia MGIIb,81.35,MAG
TARA_SAMEA2622652_METAG_LPBEFLOC,0,0,0,Bacteroidota,95.98,MAG
TARA_SAMEA2622652_METAG_JOMNILIA,0,0,0,Planctomycetota,78.68,MAG
TARA_SAMEA2622652_METAG_MJIDOCBE,0,0,0,Gamma-SAR86,76.9,MAG
TARA_SAMEA2622766_METAG_LNOJOHMB,0,0,0,Alpha-Other,98.02,MAG
TARA_SAMEA2622766_METAG_NJNGEMOJ,0,0,0,Bacteroidota,95.84,MAG
TARA_SAMEA2622766_METAG_KNPIPFGL,0,0,0,Bacteria-Other,87.6,MAG
TARA_SAMEA2622766_METAG_AOMHALMD,0,0,0,Bacteria-Other,92.93,MAG
TARA_SAMEA2622766_METAG_LLCPHHFD,0,0,0,Actinobacteriota,90.78,MAG
TARA_SAMEA2622766_METAG_LKAGEGIN,0,0,0,Alpha-Other,88.34,MAG
TARA_SAMEA2622766_METAG_AIAIENDD,0,0,0,Marinisomatota,84.4,MAG
TARA_SAMEA2622766_METAG_PFCMLPJO,0,0,0,Bacteroidota,82.25,MAG
TARA_SAMEA2622766_METAG_IKFLJNPA,0,0,0,Verrucomicrobiota,82.26,MAG
TARA_SAMEA2622766_METAG_KKPKDFJG,0,0,0,Bacteroidota,78.94,MAG
TARA_SAMEA2622766_METAG_BNPEBKEI,0,0,0,Gamma-Other,80.96,MAG
HOTS_SAMN07137008_METAG_NEGKMKAM,0,0,0,Archaea-Poseidoniia MGIIb,83.81,MAG
TARA_SAMEA2622766_METAG_LNBBIHNM,0,0,0,Bacteroidota,75.19,MAG
TARA_SAMEA2621839_METAG_FOCILNML,0,0,0,Verrucomicrobiota,85.76,MAG
TARA_SAMEA2621839_METAG_MGLIPNEN,1,1,1,Gamma-Alteromonas,80.36,MAG
TARA_SAMEA2621839_METAG_JGHLAKBB,0,0,0,Marinisomatota,82.46,MAG
TARA_SAMEA2621839_METAG_INGIPFAP,0,0,0,Gamma-SAR86,83.92,MAG
TARA_SAMEA2621839_METAG_JEPDKFNP,0,0,0,Alpha-Other,79.92,MAG
TARA_SAMEA2621839_METAG_NEIJCBGE,0,0,0,Gamma-SAR86,83.06,MAG
TARA_SAMEA2621839_METAG_GICEJHEK,0,0,0,Gamma-SAR86,82.93,MAG
TARA_SAMEA2623275_METAG_AJEKICDN,0,0,0,Marinisomatota,83.66,MAG
TARA_SAMEA2623275_METAG_HCMLMODC,0,0,0,Alpha-Other,83.81,MAG
TARA_SAMEA2623275_METAG_CPMMKBNI,0,0,0,Gamma-Other,76.4,MAG
TARA_SAMEA2623275_METAG_GPEBKJOA,0,0,0,Alpha-Puniceispirilla,75.39,MAG
TARA_SAMEA2623275_METAG_EIGNDEKD,0,0,0,Gamma-SAR86,80.52,MAG
BGEO_SAMN07136554_METAG_CEFCJINC,0,0,0,Archaea-Poseidoniia MGIIb,84.59,MAG
TARA_SAMEA2623868_METAG_GPCAFNKP,0,0,0,Chloroflexota,93,MAG
HOTS_SAMN07137024_METAG_LAMEODOH,0,0,0,Archaea-Poseidoniia MGIIb,77.08,MAG
TARA_SAMEA2623868_METAG_BNOJJAEN,0,0,0,Alpha-Other,80.31,MAG
TARA_SAMEA2623868_METAG_IJLBPCGE,0,0,0,Actinobacteriota,88.68,MAG
TARA_SAMEA2623868_METAG_FBCECGJD,0,0,0,Dadabacteria,86.94,MAG
TARA_SAMEA2623868_METAG_JMIMGBCF,0,0,0,Alpha-Other,82.94,MAG
TARA_SAMEA2623868_METAG_IILOIPPN,0,0,0,Gamma-Other,83.32,MAG
TARA_SAMEA2623868_METAG_EIDBBCAP,0,0,0,Alpha-Pelagibacter,76.34,MAG
TARA_SAMEA2623868_METAG_KCNPONEC,0,0,0,Bacteroidota,76.67,MAG
TARA_SAMEA2623868_METAG_KKHFCOPG,0,0,0,Gamma-Other,83.9,MAG
TARA_SAMEA2623868_METAG_GGBMKBBD,0,0,0,Gamma-Other,78.7,MAG
BGEO_SAMN07136517_METAG_PBEJMGKI,0,0,0,Archaea-Poseidoniia MGIIb,85.65,MAG
TARA_SAMEA2620786_METAG_ICINGBCA,0,0,0,Chloroflexota,87.46,MAG
TARA_SAMEA2620786_METAG_NGNFICDB,0,0,0,Alpha-Rhodobacter,87.74,MAG
TARA_SAMEA2620786_METAG_OABDKCFO,0,0,0,Alpha-Other,84.86,MAG
TARA_SAMEA2620786_METAG_DIDIBHDO,0,0,0,Marinisomatota,78.51,MAG
TARA_SAMEA2620786_METAG_DKFKHDEI,0,0,0,Gamma-Other,79.69,MAG
BGEO_SAMN07136647_METAG_BDNKBMCJ,0,0,0,Archaea-Poseidoniia MGIIb,86.18,MAG
TARA_SAMEA2622499_METAG_NLBIFABK,0,0,0,Bacteria-Other,93.92,MAG
TARA_SAMEA2622499_METAG_IECBOOAC,0,0,0,Actinobacteriota,94.88,MAG
TARA_SAMEA2622499_METAG_NFHHJOOA,0,0,0,Actinobacteriota,92.64,MAG
TARA_SAMEA2622499_METAG_LBJCOOIF,0,0,0,Marinisomatota,91.07,MAG
TARA_SAMEA2622499_METAG_MLNFGPEC,0,0,0,Actinobacteriota,90.2,MAG
TARA_SAMEA2622499_METAG_FIICNEFG,0,0,0,Marinisomatota,89.74,MAG
TARA_SAMEA2622499_METAG_AHPDKBOO,0,0,0,SAR324,90.16,MAG
TARA_SAMEA2622499_METAG_IDPKJOKI,0,0,0,Bacteroidota,87.45,MAG
TARA_SAMEA2622499_METAG_NEAODHBC,0,0,0,Actinobacteriota,87.76,MAG
TARA_SAMEA2622499_METAG_DFLDHHFL,0,0,0,Gamma-Other,91.1,MAG
TARA_SAMEA2622499_METAG_JILCHJBK,0,0,0,Chloroflexota,85.09,MAG
TARA_SAMEA2622499_METAG_PHOKOCEE,0,0,0,Alpha-Pelagibacter,80.9,MAG
TARA_SAMEA2622499_METAG_LMMJIKPJ,0,0,0,Alpha-Other,84.06,MAG
TARA_SAMEA2622499_METAG_CCKIDILO,0,0,0,Gemmatimonadota,75.41,MAG
TARA_SAMEA2622499_METAG_LMOJHPFB,0,0,0,Bacteroidota,84.31,MAG
TARA_SAMEA2622499_METAG_CHNAPOAA,0,0,0,Marinisomatota,78.28,MAG
TARA_SAMEA2622499_METAG_OLAIBBNM,0,0,0,Chloroflexota,75.84,MAG
TARA_SAMEA2622499_METAG_GPGKEENP,0,0,0,Gamma-Other,84.08,MAG
TARA_SAMEA2622499_METAG_LPKJMFMJ,0,0,0,Gemmatimonadota,79.85,MAG
TARA_SAMEA2622499_METAG_MHPMGBPA,0,0,0,Marinisomatota,75.92,MAG
BATS_SAMN07137087_METAG_BBPFAGFK,0,0,0,Archaea-Poseidoniia MGIIb,85.16,MAG
TARA_SAMEA2622499_METAG_ONJGHDNO,0,0,0,Bacteroidota,79.01,MAG
BGEO_SAMN07136522_METAG_IIKKJPIE,0,0,0,Archaea-Poseidoniia MGIIb,86.44,MAG
TARA_SAMEA2622402_METAG_JHNICAFN,0,0,0,Actinobacteriota,86.88,MAG
TARA_SAMEA2622402_METAG_MFJFNMDA,0,0,0,Actinobacteriota,90.66,MAG
TARA_SAMEA2622402_METAG_LPEDDODD,0,0,0,Marinisomatota,78.7,MAG
TARA_SAMEA2622402_METAG_ELCJBFJJ,0,0,0,Marinisomatota,76.92,MAG
TARA_SAMEA2622402_METAG_NELKOADF,0,0,0,Bacteroidota,75.9,MAG
TARA_SAMEA2622402_METAG_NLBDHHGD,0,0,0,Gamma-SAR86,77.65,MAG
BGEO_SAMN07136639_METAG_AAMPBDIF,0,0,0,Archaea-Poseidoniia MGIIb,80.44,MAG
TARA_SAMEA2621254_METAG_EEMDCLJJ,0,0,0,Bacteroidota,90.32,MAG
TARA_SAMEA2622074_METAG_OFPBOOHJ,0,0,0,Bacteria-Other,79.24,MAG
TARA_SAMEA2622074_METAG_LKACPLPM,0,0,0,Alpha-Other,79.25,MAG
TARA_SAMEA2622074_METAG_INCBMAHF,0,0,0,Alpha-Pelagibacter,79.3,MAG
TARA_SAMEA2622074_METAG_DCFDLKAB,0,0,0,Gamma-SAR86,83.4,MAG
TARA_SAMEA2622074_METAG_JKOGFJOM,0,0,0,Gamma-Other,81.58,MAG
TARA_SAMEA2623794_METAG_PIGDBPIB,0,0,0,Actinobacteriota,87.85,MAG
TARA_SAMEA2623794_METAG_OODCOEJD,0,0,0,Chloroflexota,87.64,MAG
TARA_SAMEA2623794_METAG_INFHIBMK,0,0,0,Actinobacteriota,86.52,MAG
TARA_SAMEA2623794_METAG_CPDNDNNE,0,0,0,Actinobacteriota,77.62,MAG
TARA_SAMEA2623794_METAG_ICHJGDMH,0,0,0,SAR324,80.5,MAG
TARA_SAMEA2623794_METAG_OLGJCCDJ,0,0,0,Marinisomatota,79.13,MAG
TARA_SAMEA2623794_METAG_CEPIILNA,0,0,0,Marinisomatota,78.54,MAG
TARA_SAMEA2623794_METAG_DHNGOCNG,0,0,0,Marinisomatota,75.06,MAG
TARA_SAMEA2622097_METAG_JKGCFDEC,0,0,0,Bacteroidota,86.44,MAG
TARA_SAMEA2622097_METAG_KFICFFMA,0,0,0,Bacteroidota,85.35,MAG
TARA_SAMEA2622097_METAG_AFAJDPDE,0,0,0,Verrucomicrobiota,78.06,MAG
TARA_SAMEA2622097_METAG_KIEMIALO,0,0,0,Marinisomatota,79.79,MAG
TARA_SAMEA2621779_METAG_BFMGGFKD,0,0,0,Gamma-Other,79.04,MAG
TARA_SAMEA2621779_METAG_JPEOBMFH,0,0,0,Alpha-Other,83.3,MAG
TARA_SAMEA2621779_METAG_MCGBIHLL,0,0,0,Alpha-Other,76.52,MAG
TARA_SAMEA2621779_METAG_FHAGAFHB,0,0,0,Alpha-Rhodobacter-LowGC,82.84,MAG
TARA_SAMEA2619766_METAG_PJEAKBDD,0,0,0,Alpha-Other,97.87,MAG
TARA_SAMEA2619766_METAG_LMODONND,0,0,0,Alpha-Other,95.27,MAG
TARA_SAMEA2619766_METAG_FBJOJBJM,0,0,0,Alpha-Puniceispirilla,94.88,MAG
TARA_SAMEA2619766_METAG_HBBLLENC,0,0,0,Verrucomicrobiota,84.17,MAG
TARA_SAMEA2619766_METAG_BAEFHEJJ,0,0,0,Gamma-Other,76.28,MAG
TARA_SAMEA2619766_METAG_IKHCOAAC,0,0,0,Verrucomicrobiota,77.26,MAG
TARA_SAMEA2619766_METAG_FBLLGDEP,0,0,0,Alpha-Other,82.07,MAG
TARA_SAMEA2619766_METAG_ECLCIBOP,0,0,0,Gamma-Other,85.74,MAG
TARA_SAMEA2619766_METAG_FKHOHCNH,0,0,0,Gamma-SAR86,79.63,MAG
TARA_SAMEA2619766_METAG_MMBBKJHN,0,0,0,Actinobacteriota,77.12,MAG
TARA_SAMEA2619766_METAG_KOKLJFEE,0,0,0,Gamma-SAR86,76.21,MAG
TARA_SAMEA2619766_METAG_EMONGGHA,0,0,0,Gamma-SAR86,79.28,MAG
TARA_SAMEA2622219_METAG_NBCOAPGJ,0,0,0,Alpha-Other,92.06,MAG
TARA_SAMEA2622219_METAG_FOKHOIFF,0,0,0,Actinobacteriota,90.57,MAG
TARA_SAMEA2622219_METAG_DLGPLEHE,0,0,0,Bacteroidota,90.25,MAG
TARA_SAMEA2622219_METAG_MNNBLHLM,0,0,0,Bacteria-Other,76.34,MAG
TARA_SAMEA2622219_METAG_KIIILGDE,0,0,0,Bacteroidota,83.56,MAG
TARA_SAMEA2622219_METAG_DEMJJGCC,0,0,0,Marinisomatota,77.22,MAG
TARA_SAMEA2622219_METAG_GBEBKFII,0,0,0,Gamma-SAR86,75.13,MAG
TARA_SAMEA2622901_METAG_OJIJLFFE,0,0,0,Bacteroidota,82.9,MAG
TARA_SAMEA2622901_METAG_MAABADLJ,0,0,0,Alpha-Other,79.03,MAG
TARA_SAMEA2622901_METAG_HLKJKEMN,0,0,0,Bacteroidota,79.72,MAG
TARA_SAMEA2622901_METAG_PEMIGDID,0,0,0,Alpha-Other,76.56,MAG
TARA_SAMEA2622048_METAG_OJBANIPE,0,0,0,Actinobacteriota,94.88,MAG
TARA_SAMEA2622048_METAG_PBNDAOBM,0,0,0,Actinobacteriota,87.96,MAG
TARA_SAMEA2622048_METAG_CDPGMKPF,0,0,0,Marinisomatota,89.34,MAG
TARA_SAMEA2622048_METAG_AFKPCFFI,0,0,0,Gamma-Other,93.22,MAG
TARA_SAMEA2622048_METAG_NFBPIMAH,0,0,0,Gemmatimonadota,88.2,MAG
TARA_SAMEA2622048_METAG_CFCNBICI,0,0,0,Marinisomatota,80.15,MAG
TARA_SAMEA2622048_METAG_DLHNHHMP,0,0,0,Alpha-Other,84.24,MAG
TARA_SAMEA2622048_METAG_JBIGLMJE,0,0,0,Marinisomatota,81.6,MAG
TARA_SAMEA2622048_METAG_HJBEHACA,0,0,0,Marinisomatota,82.56,MAG
TARA_SAMEA2622048_METAG_FGNBCDHL,0,0,0,Marinisomatota,82.5,MAG
TARA_SAMEA2622048_METAG_KIJODANL,0,0,0,Gamma-Other,79.1,MAG
TARA_SAMEA2622048_METAG_PGPEPOMC,0,0,0,Chloroflexota,79.26,MAG
TARA_SAMEA2622048_METAG_NJCCBHMN,0,0,0,Chloroflexota,75.3,MAG
TARA_SAMEA2622048_METAG_PEPHGIFB,0,0,0,Gamma-Other,79.27,MAG
TARA_SAMEA2591108_METAG_KOCPIGAD,0,0,0,Verrucomicrobiota,96.87,MAG
TARA_SAMEA2591108_METAG_CJFJJFFP,0,0,0,Verrucomicrobiota,94.84,MAG
TARA_SAMEA2591108_METAG_OFDIBOFL,0,0,0,Alpha-Other,90.24,MAG
TARA_SAMEA2591108_METAG_OMMEKIDM,0,0,0,Alpha-Other,82.72,MAG
TARA_SAMEA2591108_METAG_HOFPGFAI,0,0,0,Alpha-Rhodobacter-LowGC,86.93,MAG
TARA_SAMEA2591108_METAG_BPECLDGN,0,0,0,Bacteroidota,77.5,MAG
TARA_SAMEA2591108_METAG_NFNLAKJB,0,0,0,Gamma-Other,83.7,MAG
TARA_SAMEA2591108_METAG_GOFFDKLO,0,0,0,Patescibacteria,75.47,MAG
TARA_SAMEA2591108_METAG_DJBDEBDG,0,0,0,Gamma-SAR86,79.9,MAG
TARA_SAMEA2621272_METAG_FCFCOBCJ,0,0,0,Chloroflexota,94.38,MAG
TARA_SAMEA2621272_METAG_DNBJPIPE,0,0,0,Gemmatimonadota,93.79,MAG
TARA_SAMEA2621272_METAG_NBLOMKMN,0,0,0,Chloroflexota,92.9,MAG
TARA_SAMEA2621272_METAG_NGEHNNNM,0,0,0,Chloroflexota,93.72,MAG
TARA_SAMEA2621272_METAG_LOLICIOM,0,0,0,Chloroflexota,90.62,MAG
TARA_SAMEA2621272_METAG_IBCPDKBE,0,0,0,Bacteroidota,90.6,MAG
TARA_SAMEA2621272_METAG_AMCOAAOG,1,1,1,Gamma-Other,87.28,MAG
TARA_SAMEA2621272_METAG_MMNAHIJO,0,0,0,Bacteria-Other,83.02,MAG
TARA_SAMEA2621272_METAG_AJKHIIII,0,0,0,Gamma-Other,80.37,MAG
TARA_SAMEA2621272_METAG_EKHCCLLF,0,0,0,Marinisomatota,78.01,MAG
TARA_SAMEA2621272_METAG_PLFIJCMJ,0,0,0,Bacteroidota,77.04,MAG
TARA_SAMEA2621272_METAG_NENGECCK,0,0,0,Gamma-Other,75.1,MAG
TARA_SAMEA2620542_METAG_MEOGFAGI,1,1,1,Gamma-Alteromonas,80.62,MAG
TARA_SAMEA2623649_METAG_APCFMDIE,0,0,0,Gamma-Other,95.63,MAG
TARA_SAMEA2623649_METAG_IFABJCBC,0,0,0,Marinisomatota,93.28,MAG
TARA_SAMEA2623649_METAG_ACFBIHJP,0,0,0,Alpha-Other,93.26,MAG
TARA_SAMEA2623649_METAG_LINAFEAP,0,0,0,Marinisomatota,88.56,MAG
TARA_SAMEA2623649_METAG_JNHJPEEE,0,0,0,Gamma-Other,88.98,MAG
TARA_SAMEA2623649_METAG_CEPJDLGC,0,0,0,Gamma-Other,86.68,MAG
TARA_SAMEA2623649_METAG_BHALHCEJ,0,0,0,Marinisomatota,86.3,MAG
TARA_SAMEA2623649_METAG_ELECPGMK,0,0,0,Alpha-Pelagibacter,76.47,MAG
TARA_SAMEA2623649_METAG_APBJDHIC,0,0,0,Alpha-Pelagibacter,77.54,MAG
TARA_SAMEA2623649_METAG_PPBBEABF,0,0,0,Actinobacteriota,80.47,MAG
TARA_SAMEA2623649_METAG_FFCDNLHJ,0,0,0,Chloroflexota,80.09,MAG
TARA_SAMEA2623649_METAG_PKEFJCOD,0,0,0,Gamma-Other,81.02,MAG
TARA_SAMEA2623649_METAG_JPDGPIFI,0,0,0,Bacteroidota,78.26,MAG
BGEO_SAMN07136521_METAG_MIFBNLBO,0,0,0,Archaea-Poseidoniia MGIIb,76.05,MAG
TARA_SAMEA2623426_METAG_FCAEHENC,0,0,0,Marinisomatota,90.74,MAG
TARA_SAMEA2623426_METAG_HHDLKFCD,0,0,0,Dadabacteria,88.5,MAG
TARA_SAMEA2623426_METAG_FDKAABOF,0,0,0,Bacteroidota,82.06,MAG
TARA_SAMEA2623426_METAG_MOIFBDCC,0,0,0,Gamma-Other,78.94,MAG
TARA_SAMEA2623426_METAG_IIOGEGGI,0,0,0,Bacteroidota,76.22,MAG
TARA_SAMEA2623426_METAG_OLKLDLEE,0,0,0,Gamma-Other,75.58,MAG
BGEO_SAMN07136937_METAG_PGHJKLJI,0,0,0,Archaea-Poseidoniia MGIIb,84.1,MAG
TARA_SAMEA2622837_METAG_LGNHAJJH,0,0,0,Verrucomicrobiota,96.44,MAG
TARA_SAMEA2622837_METAG_MNEPLOKD,0,0,0,Chloroflexota,96.93,MAG
TARA_SAMEA2622837_METAG_JFEFLGPD,0,0,0,Chloroflexota,95.64,MAG
TARA_SAMEA2622837_METAG_POOBDMOF,0,0,0,Actinobacteriota,97.43,MAG
BGEO_SAMN07136937_METAG_ECDHNNGH,0,0,0,Archaea-Poseidoniia MGIIb,75.1,MAG
TARA_SAMEA2622837_METAG_PCMKELBL,0,0,0,Chloroflexota,95.18,MAG
TARA_SAMEA2622837_METAG_PPDOBEOP,0,0,0,Chloroflexota,94.37,MAG
TARA_SAMEA2622837_METAG_DMBFDJMC,0,0,0,Chloroflexota,93.48,MAG
TARA_SAMEA2622837_METAG_OKLLKCJJ,0,0,0,Bacteria-Other,93.66,MAG
TARA_SAMEA2622837_METAG_PAODPMMI,0,0,0,Gemmatimonadota,94.97,MAG
TARA_SAMEA2622837_METAG_DEPIABGA,0,0,0,Actinobacteriota,91.4,MAG
TARA_SAMEA2622837_METAG_LLDONMCH,0,0,0,Chloroflexota,93.02,MAG
TARA_SAMEA2622837_METAG_DMCHDHDD,0,0,0,Chloroflexota,92.68,MAG
TARA_SAMEA2622837_METAG_EFHCFHDK,0,0,0,Chloroflexota,94.03,MAG
TARA_SAMEA2622837_METAG_INCIHHJP,0,0,0,Marinisomatota,89.2,MAG
TARA_SAMEA2622837_METAG_AFJNLKBG,0,0,0,Alpha-Other,91.5,MAG
TARA_SAMEA2622837_METAG_MEOGPOJG,0,0,0,Chloroflexota,90.1,MAG
TARA_SAMEA2622837_METAG_BCCMNEFM,0,0,0,Chloroflexota,85.87,MAG
TARA_SAMEA2622837_METAG_LKADBGOG,0,0,0,Alpha-Other,85.2,MAG
TARA_SAMEA2622837_METAG_JMDHKPDK,1,1,1,Verrucomicrobiota,80.16,MAG
TARA_SAMEA2622837_METAG_CJFAICFB,0,0,0,Actinobacteriota,81.38,MAG
TARA_SAMEA2622837_METAG_HAIEBHHH,0,0,0,Gamma-Other,88.84,MAG
TARA_SAMEA2622837_METAG_IGLKDKEO,0,0,0,Alpha-Other,79.64,MAG
TARA_SAMEA2622837_METAG_NKJHAEDL,0,0,0,Dadabacteria,86.94,MAG
TARA_SAMEA2622837_METAG_PBNNOGHJ,0,0,0,Marinisomatota,84.38,MAG
TARA_SAMEA2622837_METAG_KOPBDLFL,0,0,0,Chloroflexota,82.6,MAG
TARA_SAMEA2622837_METAG_OCPFBMAE,0,0,0,Actinobacteriota,83.8,MAG
TARA_SAMEA2622837_METAG_EKMHKNJP,0,0,0,Dadabacteria,84.58,MAG
TARA_SAMEA2622837_METAG_NGKAGALG,0,0,0,Gamma-Other,80.07,MAG
TARA_SAMEA2622837_METAG_EKOGNPDE,0,0,0,Alpha-Pelagibacter,77.18,MAG
TARA_SAMEA2622837_METAG_MFPALHAO,0,0,0,Alpha-Other,79.28,MAG
TARA_SAMEA2622837_METAG_NGKGNMGL,0,0,0,Chloroflexota,77.06,MAG
TARA_SAMEA2622837_METAG_MJFDLFFO,0,0,0,Chloroflexota,79.5,MAG
TARA_SAMEA2622837_METAG_NLPHMBBG,0,0,0,Actinobacteriota,80.17,MAG
TARA_SAMEA2622837_METAG_ALGNAFPH,0,0,0,Alpha-Pelagibacter,75.4,MAG
TARA_SAMEA2622837_METAG_MEPBEJDM,0,0,0,Alpha-Other,80.4,MAG
TARA_SAMEA2622837_METAG_FKFNBBME,0,0,0,Marinisomatota,80.68,MAG
TARA_SAMEA2622837_METAG_KEABLLDN,0,0,0,Gamma-Other,85.04,MAG
TARA_SAMEA2622837_METAG_PKDIIDOD,0,0,0,Gamma-Other,83.4,MAG
TARA_SAMEA2622837_METAG_LIDHFCAE,0,0,0,Actinobacteriota,76.9,MAG
TARA_SAMEA2622837_METAG_OIEDKMBF,0,0,0,Gamma-SAR86,77.92,MAG
HOTS_SAMN07137026_METAG_DBMOJJPB,0,0,0,Archaea-Poseidoniia MGIIb,85.88,MAG
BGEO_SAMN07136949_METAG_IFJLIKFG,0,0,0,Archaea-Poseidoniia MGIIb,83.26,MAG
TARA_SAMEA2619399_METAG_BEFHKAFJ,0,0,0,Actinobacteriota,88.1,MAG
TARA_SAMEA2619399_METAG_NBLFOPGP,0,0,0,Actinobacteriota,89.73,MAG
TARA_SAMEA2619399_METAG_FNPEGBLM,0,0,0,Verrucomicrobiota,82.18,MAG
TARA_SAMEA2619399_METAG_HKEJGHME,0,0,0,Planctomycetota,84.92,MAG
TARA_SAMEA2619399_METAG_HAIBGANF,0,0,0,Gamma-SAR86,77.79,MAG
TARA_SAMEA2619399_METAG_NMABMOHA,0,0,0,Gamma-Other,82.16,MAG
BGEO_SAMN07136961_METAG_FLPBPEBC,0,0,0,Archaea-Poseidoniia MGIIb,84.53,MAG
TARA_SAMEA2619399_METAG_KLJOJKLJ,0,0,0,Gamma-SAR86,78.21,MAG
TARA_SAMEA2620734_METAG_JNCELEHI,0,0,0,Verrucomicrobiota,96.38,MAG
TARA_SAMEA2620734_METAG_FPJALIKP,0,0,0,Marinisomatota,86.49,MAG
TARA_SAMEA2620734_METAG_MJKJLIJJ,0,0,0,Marinisomatota,84.96,MAG
TARA_SAMEA2620734_METAG_NONNIGNP,1,1,1,Gamma-Alteromonas,83.57,MAG
TARA_SAMEA2620734_METAG_KNEIBAEE,0,0,0,Verrucomicrobiota,80.46,MAG
TARA_SAMEA2620734_METAG_IGPBLCIN,0,0,0,Alpha-Other,81.26,MAG
TARA_SAMEA2620734_METAG_MGLBJJJJ,0,0,0,Marinisomatota,78.41,MAG
TARA_SAMEA2620734_METAG_ADKDJAPC,0,0,0,Dadabacteria,81.62,MAG
TARA_SAMEA2620734_METAG_CGAKCKLL,0,0,0,Gamma-Other,82.92,MAG
TARA_SAMEA2620855_METAG_HIMEABOK,0,0,0,Alpha-Other,85.54,MAG
TARA_SAMEA2620855_METAG_MDACEHGD,0,0,0,Gamma-SAR86,79.69,MAG
HOTS_SAMN07137021_METAG_JFHKPJIG,0,0,0,Archaea-Poseidoniia MGIIb,78.11,MAG
TARA_SAMEA2621287_METAG_MKCMNKDJ,0,0,0,Marinisomatota,94.38,MAG
TARA_SAMEA2621287_METAG_JCFBPKPP,0,0,0,Marinisomatota,90.38,MAG
TARA_SAMEA2621287_METAG_BPKBMIBO,0,0,0,Alpha-Other,90.59,MAG
TARA_SAMEA2621287_METAG_KMFFPIBD,0,0,0,Actinobacteriota,90.74,MAG
TARA_SAMEA2621287_METAG_LEKEKBKF,0,0,0,Chloroflexota,90.02,MAG
TARA_SAMEA2621287_METAG_BBCLLGLF,0,0,0,Actinobacteriota,83.82,MAG
TARA_SAMEA2621287_METAG_NMBBNOAA,0,0,0,Alpha-Pelagibacter,86.78,MAG
TARA_SAMEA2621287_METAG_CKILIGCP,0,0,0,Marinisomatota,84.38,MAG
TARA_SAMEA2621287_METAG_OCOBMNHE,0,0,0,Chloroflexota,77.97,MAG
TARA_SAMEA2621287_METAG_CFHEBDOK,1,1,1,Verrucomicrobiota,79.13,MAG
BATS_SAMN07137099_METAG_DELGIJPN,0,0,0,Archaea-Poseidoniia MGIIb,84.9,MAG
TARA_SAMEA2621287_METAG_GMBNJDEB,0,0,0,Chloroflexota,75.44,MAG
TARA_SAMEA2621287_METAG_HGAJEFBN,0,0,0,Acidobacteriota,76.48,MAG
BGEO_SAMN07136684_METAG_EFAEIBJD,0,0,0,Archaea-Poseidoniia MGIIb,86.56,MAG
TARA_SAMEA2619531_METAG_MPNCPFCL,0,0,0,Verrucomicrobiota,95.82,MAG
TARA_SAMEA2619531_METAG_OJDIKCFD,0,0,0,Gamma-Other,95.74,MAG
TARA_SAMEA2619531_METAG_AGNPCEJN,0,0,0,Marinisomatota,91.84,MAG
TARA_SAMEA2619531_METAG_CKCKKEKA,0,0,0,Alpha-Pelagibacter,84.18,MAG
TARA_SAMEA2619531_METAG_EPIPNPAJ,0,0,0,Gamma-Other,79.42,MAG
TARA_SAMEA2619531_METAG_NJABHBAI,0,0,0,Alpha-Rhodobacter-LowGC,87.02,MAG
TARA_SAMEA2619531_METAG_ICFLOOMJ,0,0,0,Alpha-Other,75.86,MAG
TARA_SAMEA2619531_METAG_COHBIEBH,0,0,0,Gamma-SAR86,81.32,MAG
TARA_SAMEA2619531_METAG_KEIOHFPF,0,0,0,Gamma-SAR86,79.42,MAG
TARA_SAMEA2619531_METAG_BDJONHMD,0,0,0,Verrucomicrobiota,79.66,MAG
TARA_SAMEA2619531_METAG_DFAIPNOJ,0,0,0,Gamma-SAR86,78.76,MAG
TARA_SAMEA2621066_METAG_EPCLDIMM,0,0,0,Verrucomicrobiota,78.65,MAG
BGEO_SAMN07136920_METAG_HDIKIFBD,0,0,0,Archaea-Poseidoniia MGIIb,86.26,MAG
TARA_SAMEA2620890_METAG_PEMHIFNG,0,0,0,Alpha-Other,82.84,MAG
TARA_SAMEA2620890_METAG_KOELFKAD,0,0,0,Alpha-Rhodobacter,90.8,MAG
TARA_SAMEA2620890_METAG_GADMIAIK,0,0,0,Actinobacteriota,77.42,MAG
TARA_SAMEA2620890_METAG_OIPDMHJN,0,0,0,Gamma-SAR86,77.75,MAG
BGEO_SAMN07136725_METAG_NGNGKIEM,0,0,0,Archaea-Poseidoniia MGIIb,83.19,MAG
TARA_SAMEA2621812_METAG_HPILOGFH,0,0,0,Alpha-Rhodobacter-LowGC,88.3,MAG
TARA_SAMEA2621812_METAG_OHFADIIO,0,0,0,Gamma-Other,81,MAG
TARA_SAMEA2621812_METAG_AFGIKEHA,0,0,0,Alpha-Other,81.6,MAG
TARA_SAMEA2619782_METAG_HIMFJKHE,0,0,0,Bacteroidota,96.58,MAG
TARA_SAMEA2619782_METAG_ICHHLBDI,0,0,0,Alpha-Pelagibacter,91.12,MAG
TARA_SAMEA2619782_METAG_DLAEFBDJ,0,0,0,Gamma-Other,93.23,MAG
TARA_SAMEA2619782_METAG_OACDEEBP,0,0,0,Gamma-Other,90.58,MAG
BGEO_SAMN07136611_METAG_GMDHEGAI,0,0,0,Archaea-Poseidoniia MGIIb,85.56,MAG
TARA_SAMEA2619782_METAG_NJNCDONI,0,0,0,Actinobacteriota,87.69,MAG
TARA_SAMEA2619782_METAG_LNNMBFAE,0,0,0,Gamma-Other,85.78,MAG
TARA_SAMEA2619782_METAG_CJOCANFE,0,0,0,Alpha-Other,83.66,MAG
TARA_SAMEA2619782_METAG_ICDEDHNJ,0,0,0,Marinisomatota,82.38,MAG
TARA_SAMEA2619782_METAG_KHJJPHBA,0,0,0,Gamma-Other,80.49,MAG
TARA_SAMEA2619782_METAG_DEKNLEHG,0,0,0,Gamma-SAR86,79.4,MAG
TARA_SAMEA2619782_METAG_CINHBFPC,0,0,0,Gamma-Other,77,MAG
TARA_SAMEA2622690_METAG_LJMBMAFL,0,0,0,Chloroflexota,94.95,MAG
TARA_SAMEA2622690_METAG_OJIDHPCK,0,0,0,Alpha-Other,93.69,MAG
TARA_SAMEA2622690_METAG_PJDPAOBM,0,0,0,Chloroflexota,93.87,MAG
TARA_SAMEA2622690_METAG_ILADFONE,0,0,0,Alpha-Pelagibacter,91.21,MAG
TARA_SAMEA2622690_METAG_PDLCEEEI,0,0,0,Marinisomatota,89.02,MAG
TARA_SAMEA2622690_METAG_IABECLLI,0,0,0,Alpha-Other,75.61,MAG
TARA_SAMEA2622690_METAG_APGOPEDN,0,0,0,Alpha-Pelagibacter,84.78,MAG
TARA_SAMEA2622690_METAG_DNGBHCDG,0,0,0,Actinobacteriota,89.53,MAG
TARA_SAMEA2622690_METAG_KKBPELLH,0,0,0,Marinisomatota,79.36,MAG
TARA_SAMEA2622690_METAG_CMBAFPAJ,0,0,0,Marinisomatota,81.84,MAG
TARA_SAMEA2622690_METAG_DGIFCODI,0,0,0,Dadabacteria,86.62,MAG
TARA_SAMEA2622690_METAG_GMEPICAM,0,0,0,Marinisomatota,84.1,MAG
TARA_SAMEA2622690_METAG_LGLOGEDF,0,0,0,Alpha-Other,84.31,MAG
TARA_SAMEA2622690_METAG_EGFJIFAI,0,0,0,Alpha-Pelagibacter,83.92,MAG
TARA_SAMEA2622690_METAG_KEIPAIEC,1,1,1,Bacteroidota,87.64,MAG
TARA_SAMEA2622690_METAG_GFKEHACG,0,0,0,Actinobacteriota,84.3,MAG
TARA_SAMEA2622690_METAG_MPAEHNCE,0,0,0,Alpha-Other,80.9,MAG
TARA_SAMEA2622690_METAG_BJODMKJA,0,0,0,Gamma-Other,85.63,MAG
TARA_SAMEA2622690_METAG_HDHAMJAC,0,0,0,Alpha-Pelagibacter,78.08,MAG
TARA_SAMEA2622690_METAG_DHCBJPGL,0,0,0,Alpha-Pelagibacter,81.16,MAG
TARA_SAMEA2622690_METAG_CDOHBAKO,0,0,0,Chloroflexota,77.87,MAG
TARA_SAMEA2622690_METAG_DLNDPLBP,0,0,0,Gamma-Other,76.54,MAG
TARA_SAMEA2622690_METAG_NMEBBBLF,0,0,0,Actinobacteriota,76.9,MAG
TARA_SAMEA2622690_METAG_OGIAHCDA,0,0,0,Dadabacteria,83.22,MAG
TARA_SAMEA2622690_METAG_COGJLLPN,0,0,0,Gamma-Other,82.6,MAG
TARA_SAMEA2622690_METAG_LAGALIMM,0,0,0,Alpha-Pelagibacter,75.02,MAG
TARA_SAMEA2622690_METAG_OOBLLDNH,0,0,0,Marinisomatota,75.77,MAG
TARA_SAMEA2622690_METAG_JLHFKMLH,0,0,0,Bacteria-Other,75.63,MAG
TARA_SAMEA2622690_METAG_AHAFDIAC,0,0,0,Gamma-SAR86,77.18,MAG
TARA_SAMEA2622690_METAG_EOMFBACH,0,0,0,Gamma-SAR86,81.98,MAG
TARA_SAMEA2622690_METAG_FCDHGEBC,0,0,0,Patescibacteria,76.7,MAG
BGEO_SAMN07136634_METAG_CCKGEODA,0,0,0,Archaea-Poseidoniia MGIIb,76,MAG
TARA_SAMEA2621990_METAG_PIMBOAPG,0,0,0,Alpha-Other,90.12,MAG
TARA_SAMEA2621990_METAG_MCOCAHAH,0,0,0,Alpha-Pelagibacter,86.34,MAG
TARA_SAMEA2621990_METAG_FEBDFCLP,0,0,0,Gamma-Other,76.44,MAG
TARA_SAMEA2623350_METAG_AABBBMCB,0,0,0,Marinisomatota,80.82,MAG
TARA_SAMEA2623350_METAG_OJIPOFCD,0,0,0,Marinisomatota,80.61,MAG
TARA_SAMEA2623350_METAG_FLOEKNPL,0,0,0,Verrucomicrobiota,81.68,MAG
TARA_SAMEA2623350_METAG_NNMKAPNI,0,0,0,Gamma-SAR86,84.9,MAG
TARA_SAMEA2623350_METAG_MPACFNBC,0,0,0,Dadabacteria,75.24,MAG
TARA_SAMEA2623350_METAG_OCMIGCBI,0,0,0,Gamma-SAR86,78.44,MAG
TARA_SAMEA2622197_METAG_AAGFPMND,0,0,0,Actinobacteriota,90.62,MAG
TARA_SAMEA2622197_METAG_DDGIMMEI,0,0,0,Bacteroidota,89.3,MAG
TARA_SAMEA2622197_METAG_KHGNHLIC,0,0,0,Actinobacteriota,92.88,MAG
TARA_SAMEA2622197_METAG_NFCMKNJN,0,0,0,Gamma-Other,89.62,MAG
TARA_SAMEA2622197_METAG_ADBOFCOI,0,0,0,Marinisomatota,90.28,MAG
TARA_SAMEA2622197_METAG_HNCGMNJO,0,0,0,Marinisomatota,88.56,MAG
TARA_SAMEA2622197_METAG_MIIAIGNL,0,0,0,Actinobacteriota,91.35,MAG
TARA_SAMEA2622197_METAG_EHENOKBK,0,0,0,Actinobacteriota,85.82,MAG
TARA_SAMEA2622197_METAG_LNFLCDLJ,0,0,0,Gamma-Other,91.6,MAG
TARA_SAMEA2622197_METAG_JNAAFNAF,0,0,0,Alpha-Pelagibacter,83.78,MAG
TARA_SAMEA2622197_METAG_HFNHFLID,0,0,0,Marinisomatota,83.82,MAG
TARA_SAMEA2622197_METAG_KDEDCJFK,0,0,0,Alpha-Other,82.86,MAG
TARA_SAMEA2622197_METAG_LKPPAOBM,0,0,0,Gamma-Other,85.2,MAG
TARA_SAMEA2622197_METAG_EOFJHOEH,0,0,0,Marinisomatota,80.7,MAG
TARA_SAMEA2622197_METAG_ALOKMABB,0,0,0,Gamma-Other,85.96,MAG
TARA_SAMEA2622197_METAG_DOJFNFPB,0,0,0,Bacteroidota,81.25,MAG
TARA_SAMEA2622197_METAG_BMGJDGIO,0,0,0,Marinisomatota,80.43,MAG
TARA_SAMEA2622197_METAG_GKONPIBC,0,0,0,Gamma-Other,75.76,MAG
TARA_SAMEA2622197_METAG_LPIDFHDI,0,0,0,Bacteroidota,75.61,MAG
HOTS_SAMN07137002_METAG_MJPNEEFN,0,0,0,Archaea-Poseidoniia MGIIb,79.05,MAG
BGEO_SAMN07136714_METAG_NJACHJCB,0,0,0,Archaea-Poseidoniia MGIIb,79.06,MAG
TARA_SAMEA2620097_METAG_OLPLCJOO,0,0,0,Actinobacteriota,94.52,MAG
TARA_SAMEA2620097_METAG_JIPBCHKA,0,0,0,Alpha-Pelagibacter,90.73,MAG
TARA_SAMEA2620097_METAG_CJLMDCMC,0,0,0,Chloroflexota,92.42,MAG
TARA_SAMEA2620097_METAG_LACLEMNM,0,0,0,Marinisomatota,93.24,MAG
TARA_SAMEA2620097_METAG_MCJLCJFN,0,0,0,Marinisomatota,92.69,MAG
TARA_SAMEA2620097_METAG_HPDJDOPC,0,0,0,Marinisomatota,89.99,MAG
BGEO_SAMN07136922_METAG_NNHCNKCB,0,0,0,Archaea-Poseidoniia MGIIb,75.37,MAG
TARA_SAMEA2620097_METAG_KFKEBGIK,0,0,0,Marinisomatota,88.64,MAG
TARA_SAMEA2620097_METAG_HKBALOMB,0,0,0,Marinisomatota,86.83,MAG
BGEO_SAMN07136936_METAG_DLAHGJNE,0,0,0,Archaea-Poseidoniia MGIIb,84.5,MAG
TARA_SAMEA2620097_METAG_MHBDNMKL,0,0,0,Marinisomatota,83.98,MAG
TARA_SAMEA2620097_METAG_CDHJMJIA,0,0,0,Marinisomatota,84.18,MAG
BGEO_SAMN07136945_METAG_PGCODIFC,0,0,0,Archaea-Poseidoniia MGIIb,81.22,MAG
BATS_SAMN07137108_METAG_LBLHBODI,0,0,0,Archaea-Poseidoniia MGIIb,81.46,MAG
BGEO_SAMN07136697_METAG_HLIPKOOK,0,0,0,Archaea-Poseidoniia MGIIb,86.56,MAG
TARA_SAMEA2620097_METAG_ACFHFGAM,0,0,0,Patescibacteria,79.22,MAG
BGEO_SAMN07136697_METAG_ABFDCNOP,0,0,0,Archaea-Poseidoniia MGIIb,84.02,MAG
BATS_SAMN07137070_METAG_LAFPDKBJ,0,0,0,Archaea-Poseidoniia MGIIb,81.96,MAG
BATS_SAMN07137070_METAG_APGOECFM,0,0,0,Archaea-Poseidoniia MGIIb,78.62,MAG
BGEO_SAMN07136547_METAG_NCEJGJDG,0,0,0,Archaea-Poseidoniia MGIIb,85.78,MAG
BGEO_SAMN07136530_METAG_BPDOAABO,0,0,0,Archaea-Poseidoniia MGIIb,82.54,MAG
BGEO_SAMN07136659_METAG_ELINKKFK,0,0,0,Archaea-Poseidoniia MGIIb,79.76,MAG
TARA_SAMEA2621037_METAG_OBEBPNJN,0,0,0,Actinobacteriota,93.6,MAG
BGEO_SAMN07136944_METAG_AHFCFBCL,0,0,0,Archaea-Poseidoniia MGIIb,75.63,MAG
TARA_SAMEA2621037_METAG_DGFHLAJE,0,0,0,Gamma-SAR86,82.46,MAG
TARA_SAMEA2621037_METAG_NCDCECPG,0,0,0,Gamma-Other,75.32,MAG
BGEO_SAMN07136549_METAG_DMBFOLCO,0,0,0,Archaea-Poseidoniia MGIIb,84.28,MAG
BGEO_SAMN07136506_METAG_MFOKHCIE,0,0,0,Archaea-Poseidoniia MGIIb,80.9,MAG
TARA_SAMEA2620651_METAG_OMFHMLOH,0,0,0,Marinisomatota,76.99,MAG
TARA_SAMEA2620651_METAG_DOGJLILA,0,0,0,Marinisomatota,80.93,MAG
TARA_SAMEA2620651_METAG_KELCOBEL,0,0,0,Gamma-Other,82.94,MAG
TARA_SAMEA2622545_METAG_LPECMJHH,0,0,0,Chloroflexota,94.21,MAG
TARA_SAMEA2622545_METAG_HPKFPAAP,0,0,0,Marinisomatota,83.86,MAG
TARA_SAMEA2622545_METAG_NKPCIGDP,0,0,0,Marinisomatota,86.84,MAG
TARA_SAMEA2622545_METAG_EPEMNNLA,0,0,0,Actinobacteriota,86,MAG
TARA_SAMEA2622545_METAG_OBMKOGFA,0,0,0,Bacteroidota,86.41,MAG
TARA_SAMEA2622545_METAG_ENEPJGDB,0,0,0,Chloroflexota,84.05,MAG
TARA_SAMEA2622545_METAG_ABOBHLDF,0,0,0,Chloroflexota,83.16,MAG
TARA_SAMEA2622545_METAG_NPEGMMIF,0,0,0,Gamma-SAR86,81.27,MAG
TARA_SAMEA2622545_METAG_GPCOCIIK,0,0,0,Gamma-Other,77.96,MAG
BATS_SAMN07137090_METAG_KNFGANLC,0,0,0,Archaea-Poseidoniia MGIIb,81.76,MAG
BATS_SAMN07137090_METAG_BKFFIOMG,0,0,0,Archaea-Poseidoniia MGIIb,75.64,MAG
TARA_SAMEA2591074_METAG_BKPFMDCM,0,0,0,Gamma-Other,93.08,MAG
TARA_SAMEA2591074_METAG_EEIKIFPM,0,0,0,Gamma-Other,92.41,MAG
TARA_SAMEA2591074_METAG_HPAIGDKP,0,0,0,Gamma-Other,89.57,MAG
TARA_SAMEA2591074_METAG_BKNMALKG,0,0,0,Alpha-Other,82.84,MAG
TARA_SAMEA2591074_METAG_OFOACEOK,0,0,0,Bacteroidota,77.17,MAG
TARA_SAMEA2591074_METAG_AELKKNAC,0,0,0,Bacteroidota,77.91,MAG
TARA_SAMEA2591074_METAG_HDDDPOCM,0,0,0,Alpha-Other,77.56,MAG
BGEO_SAMN07136953_METAG_BJAFOJMD,0,0,0,Archaea-Poseidoniia MGIIa,79.18,MAG
BATS_SAMN07137071_METAG_LMCBPIBL,0,0,0,Archaea-Poseidoniia MGIIb,79.06,MAG
TARA_SAMEA2623919_METAG_HFBDAGJJ,0,0,0,Actinobacteriota,90.86,MAG
TARA_SAMEA2623919_METAG_OJECHCHF,0,0,0,Alpha-Pelagibacter,87.14,MAG
TARA_SAMEA2623919_METAG_GOOABBIG,0,0,0,Bacteroidota,84.12,MAG
TARA_SAMEA2623919_METAG_CLGBBDCI,0,0,0,Alpha-Rhodobacter-LowGC,78.18,MAG
TARA_SAMEA2623919_METAG_NAJKLAAP,0,0,0,Verrucomicrobiota,77.76,MAG
TARA_SAMEA2623919_METAG_OAMNOHHJ,0,0,0,SAR324,81.18,MAG
TARA_SAMEA2623919_METAG_JLHHMHPC,0,0,0,Gamma-Other,85.15,MAG
TARA_SAMEA2623919_METAG_OJLOAHFI,0,0,0,Gamma-SAR86,75.96,MAG
TARA_SAMEA2619840_METAG_FBNAIJLK,0,0,0,Bacteria-Other,87.34,MAG
TARA_SAMEA2619840_METAG_CFEDGIMN,0,0,0,Chloroflexota,92.78,MAG
TARA_SAMEA2619840_METAG_FCCPIBAO,0,0,0,Alpha-Other,94,MAG
TARA_SAMEA2619840_METAG_JCNOPLKM,0,0,0,Actinobacteriota,88.12,MAG
TARA_SAMEA2619840_METAG_EFBPEJPB,0,0,0,Gemmatimonadota,91.33,MAG
TARA_SAMEA2619840_METAG_FMINBCGC,0,0,0,Actinobacteriota,91.03,MAG
TARA_SAMEA2619840_METAG_FCGFHPFL,0,0,0,Chloroflexota,84.23,MAG
TARA_SAMEA2619840_METAG_OGMGICLD,0,0,0,Chloroflexota,85.2,MAG
TARA_SAMEA2619840_METAG_MBDGFPGI,0,0,0,Bacteria-Other,84.08,MAG
TARA_SAMEA2619840_METAG_GCIEJHED,0,0,0,Chloroflexota,88.13,MAG
TARA_SAMEA2619840_METAG_CFNELHEM,0,0,0,Chloroflexota,82.51,MAG
TARA_SAMEA2619840_METAG_NBMOBNMD,0,0,0,Chloroflexota,79.62,MAG
TARA_SAMEA2619840_METAG_FIKGPJHD,0,0,0,Chloroflexota,79.3,MAG
TARA_SAMEA2619840_METAG_BAMFICDI,0,0,0,Alpha-Other,76.86,MAG
TARA_SAMEA2619840_METAG_CCCFECED,0,0,0,Bacteroidota,79.12,MAG
TARA_SAMEA2619840_METAG_HLCKADNH,0,0,0,Gamma-SAR86,79.54,MAG
TARA_SAMEA2623098_METAG_ANFBCGOL,0,0,0,Marinisomatota,92.92,MAG
TARA_SAMEA2623098_METAG_NJIGAFGO,0,0,0,Actinobacteriota,93.74,MAG
TARA_SAMEA2623098_METAG_EMNAOEKK,0,0,0,Marinisomatota,91.74,MAG
TARA_SAMEA2623098_METAG_EFMHGCBK,0,0,0,Gamma-Other,91.5,MAG
TARA_SAMEA2623098_METAG_CHHKHFPO,0,0,0,Gemmatimonadota,88.65,MAG
TARA_SAMEA2623098_METAG_KLEOBMND,0,0,0,Marinisomatota,85.99,MAG
TARA_SAMEA2623098_METAG_FILIDIOA,0,0,0,Marinisomatota,85.57,MAG
TARA_SAMEA2623098_METAG_ONBLGAEM,0,0,0,Marinisomatota,85.28,MAG
TARA_SAMEA2623098_METAG_KAAPEELN,0,0,0,Alpha-Pelagibacter,77.82,MAG
TARA_SAMEA2623098_METAG_HNADIKME,0,0,0,Marinisomatota,82.56,MAG
TARA_SAMEA2623098_METAG_CEJDMPLB,0,0,0,Chloroflexota,78.32,MAG
TARA_SAMEA2623098_METAG_BGLGDLCH,0,0,0,Marinisomatota,79.55,MAG
TARA_SAMEA2623098_METAG_EJCEDOGH,0,0,0,Bacteroidota,75.1,MAG
TARA_SAMEA2623098_METAG_OOBGFJPE,0,0,0,Bacteroidota,75.9,MAG
BATS_SAMN07137096_METAG_ODEMFOIG,0,0,0,Archaea-Poseidoniia MGIIb,85.78,MAG
BATS_SAMN07137117_METAG_CGHCEMAO,0,0,0,Archaea-Poseidoniia MGIIb,85.29,MAG
TARA_SAMEA4397157_METAG_EDKOKKMJ,0,0,0,Alpha-Other,94.47,MAG
TARA_SAMEA4397157_METAG_OEELFNMN,0,0,0,Marinisomatota,90.74,MAG
TARA_SAMEA4397157_METAG_HCEBBFJE,0,0,0,Gamma-Other,90.06,MAG
TARA_SAMEA4397157_METAG_BLJLFDDE,0,0,0,Bacteroidota,83.8,MAG
TARA_SAMEA4397705_METAG_DNKHMENJ,0,0,0,Bacteroidota,93.58,MAG
TARA_SAMEA4397705_METAG_LHHIOMBA,0,0,0,Gamma-Other,94.93,MAG
TARA_SAMEA4397705_METAG_PBLMCPBF,0,0,0,Alpha-Other,90.71,MAG
TARA_SAMEA4397705_METAG_JHPHAAAC,0,0,0,Gamma-Other,92.66,MAG
TARA_SAMEA4397705_METAG_EIHLJOJK,0,0,0,Bacteroidota,78.97,MAG
TARA_SAMEA4397516_METAG_HGNBAOFA,0,0,0,Bacteroidota,96.14,MAG
TARA_SAMEA4397516_METAG_DCDOIPBN,0,0,0,Gamma-Other,97.22,MAG
TARA_SAMEA4397516_METAG_FPEECNPB,0,0,0,Bacteroidota,95.92,MAG
TARA_SAMEA4397516_METAG_IPKOIBKJ,0,0,0,Gamma-Other,79.16,MAG
TARA_SAMEA4397516_METAG_EMKDJPMG,0,0,0,Gamma-Other,94.04,MAG
TARA_SAMEA4397516_METAG_APKDJONF,0,0,0,Gamma-Other,95.39,MAG
TARA_SAMEA4397516_METAG_FGBONFPL,0,0,0,Alpha-Rhodobacter,88.9,MAG
TARA_SAMEA4397516_METAG_MBKOPILO,0,0,0,Bacteroidota,82.65,MAG
TARA_SAMEA4397516_METAG_DNIDNLGG,0,0,0,Bacteroidota,90.2,MAG
TARA_SAMEA4397516_METAG_BGFIPJEF,0,0,0,Bacteroidota,83.35,MAG
TARA_SAMEA4397516_METAG_CJNFLEHD,0,0,0,Alpha-Rhodobacter-LowGC,90.22,MAG
TARA_SAMEA4397516_METAG_COCNPILF,0,0,0,Gamma-SAR92,90.3,MAG
TARA_SAMEA4397516_METAG_OFLOKOLE,0,0,0,Alpha-Rhodobacter-LowGC,88.88,MAG
TARA_SAMEA4397516_METAG_PGHBECEM,0,0,0,Gamma-SAR86,82,MAG
TARA_SAMEA4396971_METAG_PMKNPOJE,0,0,0,Marinisomatota,81.74,MAG
TARA_SAMEA4396971_METAG_HPFAEJIJ,0,0,0,Bacteroidota,78.66,MAG
TARA_SAMEA4396971_METAG_PKJHBJLK,0,0,0,Marinisomatota,83.84,MAG
TARA_SAMEA4396971_METAG_EDNDHFBB,0,0,0,Alpha-Pelagibacter,75.31,MAG
TARA_SAMEA4396971_METAG_NMGDDPGE,0,0,0,Alpha-Other,78.24,MAG
TARA_SAMEA4396496_METAG_EJIEKEGE,0,0,0,Verrucomicrobiota,95.88,MAG
TARA_SAMEA4396496_METAG_DIKFKALH,0,0,0,Bacteroidota,82.42,MAG
TARA_SAMEA4396496_METAG_LCBLJFJI,0,0,0,Alpha-Rhodobacter-LowGC,91.48,MAG
TARA_SAMEA4396496_METAG_BPKEAHCI,0,0,0,Alpha-Rhodobacter-LowGC,90.54,MAG
TARA_SAMEA4396496_METAG_BEOOFIHL,0,0,0,Gamma-SAR92,85.63,MAG
TARA_SAMEA4396496_METAG_CGAKDNHB,0,0,0,Alpha-Rhodobacter-LowGC,85.68,MAG
TARA_SAMEA4396496_METAG_AMOMFOGM,0,0,0,Actinobacteriota,79.1,MAG
TARA_SAMEA4396496_METAG_LFLFKFIM,0,0,0,Gamma-SAR86,76.64,MAG
TARA_SAMEA4396496_METAG_ACEDGMBE,0,0,0,Gamma-SAR86,75.89,MAG
TARA_SAMEA4397239_METAG_LPCJDNJC,0,0,0,Gamma-Other,97.03,MAG
TARA_SAMEA4397239_METAG_HDLNBPFM,0,0,0,Gamma-Other,93.42,MAG
TARA_SAMEA4397239_METAG_OMAFMOIH,0,0,0,Alpha-Other,85.45,MAG
TARA_SAMEA4397239_METAG_ALJJHNLM,0,0,0,Bacteroidota,86.51,MAG
TARA_SAMEA4397239_METAG_BGNPFJBK,0,0,0,Alpha-Rhodobacter-LowGC,81.81,MAG
TARA_SAMEA4397930_METAG_EFBPDAAB,0,0,0,Gamma-Other,97.36,MAG
TARA_SAMEA4397930_METAG_LKGEFOPE,0,0,0,Alpha-Other,94.41,MAG
TARA_SAMEA4397930_METAG_OEKPNDGN,0,0,0,Gamma-Other,95.39,MAG
TARA_SAMEA4397930_METAG_FDOALGEH,0,0,0,Alpha-Rhodobacter,90.42,MAG
TARA_SAMEA4397930_METAG_PBFOHJCB,0,0,0,Gamma-Other,93.23,MAG
TARA_SAMEA4397930_METAG_ENPHBNKM,0,0,0,Gamma-Other,87.38,MAG
TARA_SAMEA4397930_METAG_JNFBIAKC,0,0,0,Verrucomicrobiota,90.14,MAG
TARA_SAMEA4397930_METAG_FOCBEMAH,0,0,0,Gamma-Other,89.95,MAG
TARA_SAMEA4397930_METAG_PELOOLIL,0,0,0,Bacteroidota,90.98,MAG
TARA_SAMEA4397930_METAG_NLBIBMBP,0,0,0,Alpha-Other,84.92,MAG
TARA_SAMEA4397930_METAG_KBPLHCIN,0,0,0,Verrucomicrobiota,88.86,MAG
TARA_SAMEA4397930_METAG_CAFNLJIB,0,0,0,Alpha-Rhodobacter-LowGC,78.54,MAG
TARA_SAMEA4397930_METAG_EBPJPIPN,0,0,0,Alpha-Rhodobacter-LowGC,80.44,MAG
TARA_SAMEA4397930_METAG_IFJLOOJP,0,0,0,Gamma-SAR86,82.13,MAG
TARA_SAMEA4397930_METAG_LMBDMBJJ,0,0,0,Gamma-Other,77.22,MAG
TARA_SAMEA4397611_METAG_LDDDHIJK,0,0,0,Gamma-Other,97.17,MAG
TARA_SAMEA4397611_METAG_GJFPHMJM,0,0,0,Gamma-Other,96.74,MAG
TARA_SAMEA4397611_METAG_MEMFOCCL,0,0,0,Actinobacteriota,92.92,MAG
TARA_SAMEA4397611_METAG_FDICDOGD,0,0,0,Bacteroidota,87.38,MAG
TARA_SAMEA4397611_METAG_FOKAKHCN,0,0,0,Marinisomatota,90.28,MAG
TARA_SAMEA4397611_METAG_AEHIAKJO,0,0,0,Marinisomatota,88.56,MAG
TARA_SAMEA4397611_METAG_DKOCJOBL,0,0,0,Marinisomatota,88.28,MAG
TARA_SAMEA4397611_METAG_IDDPFGGC,0,0,0,Alpha-Other,82.95,MAG
TARA_SAMEA4397611_METAG_DIPKNOEH,0,0,0,Bacteroidota,89,MAG
TARA_SAMEA4397611_METAG_DAEPNFKN,0,0,0,Alpha-Rhodobacter-LowGC,88.14,MAG
TARA_SAMEA4397611_METAG_BENKFIHC,0,0,0,Alpha-Other,87.38,MAG
TARA_SAMEA4397611_METAG_AFBCMNFN,0,0,0,Bacteroidota,78.08,MAG
TARA_SAMEA4397611_METAG_CMELBKCI,0,0,0,Alpha-Rhodobacter-LowGC,85.14,MAG
TARA_SAMEA4397611_METAG_CFKCNEFB,0,0,0,Chloroflexota,75.14,MAG
BGEO_SAMN07136533_METAG_JHCKPFNB,0,0,0,Archaea-Poseidoniia MGIIb,85.78,MAG
TARA_SAMEA4397756_METAG_LGNFMIEE,0,0,0,Gamma-Other,97.54,MAG
TARA_SAMEA4397756_METAG_ALFJIJFA,0,0,0,Gamma-Other,95.53,MAG
TARA_SAMEA4397756_METAG_JAONMKEH,0,0,0,Gamma-Other,95.88,MAG
TARA_SAMEA4397756_METAG_JEGHJHDL,0,0,0,Gamma-Other,95.5,MAG
TARA_SAMEA4397756_METAG_HCJEFNGM,0,0,0,Bacteroidota,82.4,MAG
TARA_SAMEA4397756_METAG_OEJHMMLL,0,0,0,Bacteroidota,80.87,MAG
TARA_SAMEA4398296_METAG_ABFEHANB,0,0,0,Gamma-Other,90.06,MAG
TARA_SAMEA4398296_METAG_EJDAEPNF,0,0,0,Gamma-Other,95.08,MAG
TARA_SAMEA4398296_METAG_IGKNBHPD,0,0,0,Gamma-Other,88.69,MAG
TARA_SAMEA4398296_METAG_KJJDGCFL,0,0,0,Gamma-SAR92,81.44,MAG
TARA_SAMEA4398296_METAG_PGINMNCD,0,0,0,Alpha-Other,87.98,MAG
TARA_SAMEA4398296_METAG_ONMJKIFK,0,0,0,Bacteroidota,90.28,MAG
TARA_SAMEA4398296_METAG_EIEEHFGN,1,1,1,Gamma-Other,92.02,MAG
TARA_SAMEA4398296_METAG_DAILBIBF,0,0,0,Alpha-Other,81.18,MAG
TARA_SAMEA4398296_METAG_NFCCDKGK,0,0,0,Alpha-Rhodobacter-LowGC,89.34,MAG
TARA_SAMEA4398296_METAG_PJDIFKAO,0,0,0,Bacteroidota,80.18,MAG
TARA_SAMEA4398296_METAG_IHDDKPJJ,0,0,0,Gamma-SAR92,77.94,MAG
TARA_SAMEA4398296_METAG_DODPIHCD,0,0,0,Gamma-SAR86,78.13,MAG
TARA_SAMEA4398296_METAG_NMLLNCGJ,0,0,0,Gamma-SAR86,77.57,MAG
BGEO_SAMN07136733_METAG_LDHBJBOO,0,0,0,Archaea-Poseidoniia MGIIb,81.06,MAG
BGEO_SAMN07136946_METAG_KNINBOHK,0,0,0,Archaea-Poseidoniia MGIIb,81.93,MAG
TARA_SAMEA4397196_METAG_CNEGLGIP,0,0,0,Verrucomicrobiota,98.06,MAG
TARA_SAMEA4397196_METAG_DBBDHPDM,0,0,0,Bacteroidota,95.78,MAG
TARA_SAMEA4397196_METAG_JJCLHKFL,0,0,0,Gamma-Other,89.84,MAG
TARA_SAMEA4397196_METAG_BBADGCKO,0,0,0,Marinisomatota,87.3,MAG
TARA_SAMEA4397196_METAG_BAPJJBIE,0,0,0,Gamma-Other,92.74,MAG
TARA_SAMEA4397196_METAG_HDKMPBBK,0,0,0,Bacteroidota,89.52,MAG
TARA_SAMEA4397196_METAG_KFKHPOIA,0,0,0,Alpha-Other,86.54,MAG
TARA_SAMEA4397196_METAG_AOMEIBCJ,0,0,0,Bacteroidota,83.82,MAG
TARA_SAMEA4397196_METAG_ILCMOBKI,0,0,0,Gamma-Other,76.9,MAG
TARA_SAMEA4397196_METAG_KFENNNDD,0,0,0,Bacteroidota,75.74,MAG
TARA_SAMEA4397196_METAG_LEBFBDKM,0,0,0,Alpha-Rhodobacter,76.69,MAG
TARA_SAMEA4397983_METAG_OOBDKNEL,0,0,0,Actinobacteriota,96.26,MAG
TARA_SAMEA4397983_METAG_NCGNJONP,0,0,0,Actinobacteriota,96.64,MAG
TARA_SAMEA4397983_METAG_NHFCNOHN,0,0,0,Bacteroidota,94.28,MAG
TARA_SAMEA4397983_METAG_DFLPAILK,0,0,0,Gamma-Other,95.34,MAG
TARA_SAMEA4397983_METAG_PPGPBODH,0,0,0,Marinisomatota,87.11,MAG
TARA_SAMEA4397983_METAG_NEINHJBB,0,0,0,Marinisomatota,92.01,MAG
TARA_SAMEA4397983_METAG_DCEGKOMN,0,0,0,Bacteroidota,92.2,MAG
TARA_SAMEA4397983_METAG_BJEHDBPJ,0,0,0,Gamma-SAR92,90.38,MAG
TARA_SAMEA4397983_METAG_LGCGLCMA,0,0,0,Marinisomatota,85.56,MAG
TARA_SAMEA4397983_METAG_KKNGNCJE,0,0,0,Gamma-Other,85.27,MAG
TARA_SAMEA4397983_METAG_ONMPNHKG,0,0,0,Alpha-Rhodobacter-LowGC,87.17,MAG
TARA_SAMEA4397983_METAG_HGHEMLDL,0,0,0,Gamma-SAR86,85.07,MAG
TARA_SAMEA4397983_METAG_MPJDDEPK,0,0,0,Alpha-Rhodobacter-LowGC,85.76,MAG
TARA_SAMEA4397983_METAG_HFPBLJEJ,0,0,0,Marinisomatota,78.33,MAG
TARA_SAMEA4397983_METAG_EOIEFMNJ,0,0,0,Gamma-Other,83.68,MAG
TARA_SAMEA4397983_METAG_MNKJIAEG,0,0,0,Bacteroidota,75.74,MAG
TARA_SAMEA4397983_METAG_JKIFDLEP,0,0,0,Gamma-SAR86,79.14,MAG
HOTS_SAMN07137023_METAG_CJKDCFMN,0,0,0,Archaea-Poseidoniia MGIIb,84.9,MAG
BGEO_SAMN07136590_METAG_DLMBFNJL,0,0,0,Archaea-Other,86.52,MAG
BGEO_SAMN07136590_METAG_NHPAOMKB,0,0,0,Archaea-Poseidoniia MGIIb,85.87,MAG
TARA_SAMEA4398094_METAG_CPEGNKKA,0,0,0,Gamma-Other,90.1,MAG
TARA_SAMEA4398094_METAG_HAOJDEHI,0,0,0,Gamma-Other,86.55,MAG
TARA_SAMEA4398094_METAG_DKJNDOPO,0,0,0,Alpha-Other,88.22,MAG
TARA_SAMEA4398094_METAG_KAIHMEFI,0,0,0,Alpha-Rhodobacter,78.76,MAG
TARA_SAMEA4398094_METAG_FAFJEAOK,0,0,0,Alpha-Pelagibacter,84.94,MAG
TARA_SAMEA4398094_METAG_JHHFDOFF,0,0,0,Bacteroidota,85.28,MAG
TARA_SAMEA4398094_METAG_CONPAKBO,0,0,0,Gamma-Other,81.48,MAG
BGEO_SAMN07136590_METAG_EGEONEPJ,0,0,0,Archaea-Poseidoniia MGIIb,80.16,MAG
TARA_SAMEA4398150_METAG_FCHKNKAE,0,0,0,Gamma-Other,97.12,MAG
TARA_SAMEA4398150_METAG_LFLDINND,0,0,0,Marinisomatota,87.62,MAG
TARA_SAMEA4398150_METAG_FHDPLIID,0,0,0,Actinobacteriota,93.85,MAG
TARA_SAMEA4398150_METAG_CNJPPFDK,0,0,0,Gamma-Other,95.46,MAG
TARA_SAMEA4398150_METAG_LMDPCKBB,0,0,0,Bacteroidota,91.34,MAG
TARA_SAMEA4398150_METAG_GJMDHFBG,0,0,0,Marinisomatota,91.1,MAG
TARA_SAMEA4398150_METAG_CDOMDIPF,0,0,0,Bacteroidota,82.02,MAG
TARA_SAMEA4398150_METAG_AKHNEOPH,0,0,0,Planctomycetota,87.56,MAG
TARA_SAMEA4398150_METAG_ALCJKDMB,0,0,0,Marinisomatota,87.54,MAG
BGEO_SAMN07136585_METAG_PFNPHDMB,0,0,0,Archaea-Poseidoniia MGIIb,77.54,MAG
TARA_SAMEA4398150_METAG_GHMKAIHL,0,0,0,Alpha-Rhodobacter-LowGC,87.53,MAG
TARA_SAMEA4398150_METAG_GEKNJCAP,0,0,0,Bacteroidota,85.62,MAG
TARA_SAMEA4398150_METAG_KKGFDBHK,0,0,0,Bacteroidota,84.28,MAG
TARA_SAMEA4398150_METAG_FMGCFHEE,0,0,0,Gamma-SAR86,83.71,MAG
TARA_SAMEA4398150_METAG_NFLPKEDM,0,0,0,Alpha-Pelagibacter,79.78,MAG
TARA_SAMEA4398150_METAG_JBBHFEAI,0,0,0,Alpha-Rhodobacter-LowGC,84.38,MAG
TARA_SAMEA4398150_METAG_HBKAMDDB,0,0,0,Bacteroidota,75.18,MAG
TARA_SAMEA4397842_METAG_HHJGFAHJ,0,0,0,Gamma-Other,97.31,MAG
TARA_SAMEA4397842_METAG_OFNOIKAK,0,0,0,Alpha-Other,94.71,MAG
TARA_SAMEA4397842_METAG_OIMALLNB,0,0,0,Alpha-Other,93.82,MAG
TARA_SAMEA4397842_METAG_OMMPKION,0,0,0,Gamma-Other,86.36,MAG
TARA_SAMEA4397842_METAG_AGACCHCI,0,0,0,Alpha-Rhodobacter,90.36,MAG
TARA_SAMEA4397842_METAG_PNMIJIPE,0,0,0,Bacteroidota,86.13,MAG
TARA_SAMEA4397842_METAG_JGJPLJJO,0,0,0,Alpha-Other,87.78,MAG
TARA_SAMEA4397842_METAG_MHAKJJMA,0,0,0,Bacteroidota,79.03,MAG
TARA_SAMEA4397842_METAG_AFLJODFA,0,0,0,Alpha-Pelagibacter,76.31,MAG
TARA_SAMEA4397034_METAG_FPLIPEMG,0,0,0,Bacteroidota,87.38,MAG
TARA_SAMEA4397034_METAG_AJPELJHC,0,0,0,Gamma-Other,96.98,MAG
TARA_SAMEA4397034_METAG_POGHGGLO,0,0,0,Gamma-Other,93.07,MAG
TARA_SAMEA4397034_METAG_ALFDNADB,0,0,0,Gamma-SAR92,83.34,MAG
TARA_SAMEA4397034_METAG_BCFNDNAI,0,0,0,Gamma-SAR92,84.38,MAG
TARA_SAMEA4397034_METAG_JAHDJCEL,0,0,0,Bacteroidota,78.4,MAG
TARA_SAMEA4397034_METAG_GHFAKLOF,0,0,0,Gamma-Other,78.03,MAG
TARA_SAMEA4397034_METAG_IHOEKCIM,0,0,0,Gamma-Other,81.1,MAG
TARA_SAMEA4397426_METAG_CEPJJGPN,0,0,0,Gamma-Other,97.31,MAG
TARA_SAMEA4397426_METAG_IAJNDNLF,0,0,0,Gamma-Other,90.21,MAG
TARA_SAMEA4396424_METAG_MEHMBKLF,0,0,0,Verrucomicrobiota,93.32,MAG
TARA_SAMEA4396424_METAG_DGMOOONO,0,0,0,Alpha-Rhodobacter-LowGC,90,MAG
TARA_SAMEA4396424_METAG_FNKONPIM,0,0,0,Bacteroidota,86.45,MAG
TARA_SAMEA4396424_METAG_FOFCIOMP,0,0,0,Gamma-SAR92,78.82,MAG
TARA_SAMEA4396424_METAG_FFOCIFAL,0,0,0,Gamma-Other,84.56,MAG
TARA_SAMEA4396424_METAG_ODADGICJ,0,0,0,Actinobacteriota,80.74,MAG
TARA_SAMEA4396424_METAG_FPAEDCIP,0,0,0,Alpha-Rhodobacter-LowGC,85.94,MAG
TARA_SAMEA4396424_METAG_CMFOJHLK,0,0,0,Marinisomatota,80.9,MAG
TARA_SAMEA4396424_METAG_DGIPCBPG,0,0,0,Bacteroidota,81.21,MAG
TARA_SAMEA4396424_METAG_GDLLDJOF,0,0,0,Alpha-Rhodobacter-LowGC,83.34,MAG
TARA_SAMEA4396424_METAG_KDJGPJEE,0,0,0,Bacteroidota,77.01,MAG
TARA_SAMEA4396424_METAG_ELCAAJGE,0,0,0,Alpha-Other,76.1,MAG
TARA_SAMEA4396424_METAG_GADJAPAJ,0,0,0,Bacteroidota,80.54,MAG
TARA_SAMEA4396424_METAG_FONKJCAJ,0,0,0,Bacteroidota,75,MAG
TARA_SAMEA4396424_METAG_NMPIFHDF,0,0,0,Gamma-SAR86,78.33,MAG
HOTS_SAMN07137027_METAG_FEDOLLME,0,0,0,Archaea-Poseidoniia MGIIb,75,MAG
TARA_SAMEA4398219_METAG_HODLGDFN,0,0,0,Planctomycetota,97.13,MAG
TARA_SAMEA4398219_METAG_FDBHAJHL,0,0,0,Alpha-Other,96.04,MAG
TARA_SAMEA4398219_METAG_ECOAADOF,0,0,0,Gamma-Other,96.98,MAG
TARA_SAMEA4398219_METAG_IFDIDLFO,0,0,0,Marinisomatota,88.22,MAG
TARA_SAMEA4398219_METAG_INKKHDCA,0,0,0,Verrucomicrobiota,94.19,MAG
TARA_SAMEA4398219_METAG_DILNGADE,0,0,0,Marinisomatota,93.74,MAG
TARA_SAMEA4398219_METAG_AEGOGEEC,0,0,0,Marinisomatota,87.71,MAG
TARA_SAMEA4398219_METAG_BBDHDICP,0,0,0,Actinobacteriota,93.34,MAG
TARA_SAMEA4398219_METAG_AMAGPKKD,0,0,0,Gamma-Other,96.04,MAG
TARA_SAMEA4398219_METAG_JLIKEAKL,0,0,0,Marinisomatota,86.76,MAG
TARA_SAMEA4398219_METAG_DJBECECL,0,0,0,Marinisomatota,89.83,MAG
TARA_SAMEA4398219_METAG_IAIIOOBE,0,0,0,Bacteroidota,78.52,MAG
TARA_SAMEA4398219_METAG_CNDPPMAK,0,0,0,Bacteroidota,82.88,MAG
TARA_SAMEA4398219_METAG_FBDOKIIH,0,0,0,Alpha-Other,78.5,MAG
TARA_SAMEA4398219_METAG_BOCMGCFG,0,0,0,Alpha-Rhodobacter-LowGC,86.38,MAG
TARA_SAMEA4398219_METAG_PFNKPPAH,0,0,0,Alpha-Rhodobacter-LowGC,84.66,MAG
TARA_SAMEA4398219_METAG_EFEBIOEA,0,0,0,Actinobacteriota,76.76,MAG
TARA_SAMEA4398219_METAG_OPODCKFA,0,0,0,Marinisomatota,75.45,MAG
TARA_SAMEA4398219_METAG_MABEGLKO,0,0,0,Gamma-SAR92,78.66,MAG
TARA_SAMEA4398219_METAG_HPBEAEEA,0,0,0,Gamma-SAR86,82.39,MAG
BGEO_SAMN07136485_METAG_JLOABCFG,0,0,0,Archaea-Poseidoniia MGIIb,78.64,MAG
TARA_SAMEA4397390_METAG_BJADNIGL,0,0,0,Gamma-Other,97.31,MAG
TARA_SAMEA4397390_METAG_PHEHBJJC,0,0,0,Gamma-Other,93.4,MAG
TARA_SAMEA4397390_METAG_BHCFHJHD,0,0,0,Bacteroidota,88.44,MAG
TARA_SAMEA4397390_METAG_EAHJAEBF,0,0,0,Gamma-Other,78.1,MAG
TARA_SAMEA4397390_METAG_KJBILPOA,0,0,0,Actinobacteriota,85.64,MAG
TARA_SAMEA4397390_METAG_KJBHKKGC,0,0,0,Bacteroidota,77.4,MAG
TARA_SAMEA4397390_METAG_BIMACBDG,0,0,0,Bacteroidota,75.95,MAG
TARA_SAMEA4397390_METAG_MHENKCCI,0,0,0,Gamma-SAR92,75.83,MAG
TARA_SAMEA4397903_METAG_FDCNBAGC,0,0,0,Gamma-Other,96.94,MAG
TARA_SAMEA4397903_METAG_BMLFBCHI,0,0,0,Bacteroidota,94.18,MAG
TARA_SAMEA4397903_METAG_CGDPMDGK,0,0,0,Alpha-Rhodobacter,94.02,MAG
TARA_SAMEA4397903_METAG_IGJGCINC,0,0,0,Alpha-Other,90.5,MAG
TARA_SAMEA4397903_METAG_KLMHKELM,0,0,0,Bacteroidota,89.99,MAG
TARA_SAMEA4397903_METAG_MCGGEBGG,0,0,0,Gamma-Other,87.78,MAG
TARA_SAMEA4397903_METAG_OLJFCELB,0,0,0,Marinisomatota,75.47,MAG
TARA_SAMEA4398370_METAG_APHBFFDH,0,0,0,Marinisomatota,94.92,MAG
TARA_SAMEA4398370_METAG_GOBFGPOL,0,0,0,Bacteroidota,94.97,MAG
TARA_SAMEA4398370_METAG_LLBMFOKG,0,0,0,Marinisomatota,88.22,MAG
TARA_SAMEA4398370_METAG_LGCOGMKG,0,0,0,Alpha-Other,95.08,MAG
TARA_SAMEA4398370_METAG_OOKPLEMK,0,0,0,Gamma-Other,95.4,MAG
TARA_SAMEA4398370_METAG_EHKIJLNC,0,0,0,Alpha-Other,94.96,MAG
TARA_SAMEA4398370_METAG_CJCLOHFL,0,0,0,Bacteroidota,81.9,MAG
TARA_SAMEA4398370_METAG_ALDNHGAO,0,0,0,Verrucomicrobiota,88.69,MAG
TARA_SAMEA4398370_METAG_KMBKJPDG,0,0,0,Alpha-Pelagibacter,80.01,MAG
TARA_SAMEA4398370_METAG_FGENLPNA,0,0,0,Gamma-Other,77.26,MAG
TARA_SAMEA4398370_METAG_JNHHIGOD,0,0,0,Bacteroidota,83,MAG
TARA_SAMEA4398370_METAG_NBIHMDII,0,0,0,Alpha-Rhodobacter-LowGC,86,MAG
TARA_SAMEA4398370_METAG_PMNFNGGK,0,0,0,Alpha-Pelagibacter,78.07,MAG
TARA_SAMEA4398370_METAG_ILDJJAMF,0,0,0,Gamma-SAR86,81.79,MAG
TARA_SAMEA4398370_METAG_ODMJMAEN,0,0,0,Actinobacteriota,79.93,MAG
TARA_SAMEA4398009_METAG_EMPGBFFH,0,0,0,Gamma-Other,97.12,MAG
TARA_SAMEA4398009_METAG_HICHEFKH,0,0,0,Alpha-Other,91.88,MAG
TARA_SAMEA4398009_METAG_BCDADFPM,0,0,0,Bacteroidota,94.34,MAG
TARA_SAMEA4398009_METAG_KFDHDLHA,0,0,0,Alpha-Rhodobacter,91.02,MAG
TARA_SAMEA4398009_METAG_LCHHJLIO,0,0,0,Gamma-Other,75.56,MAG
TARA_SAMEA4397798_METAG_ACACMPIM,0,0,0,Gamma-Other,97.36,MAG
TARA_SAMEA4397798_METAG_MDFHKJJK,0,0,0,Alpha-Rhodobacter,95.18,MAG
TARA_SAMEA4397798_METAG_MEOLNJOJ,0,0,0,Gamma-Other,96.18,MAG
TARA_SAMEA4397798_METAG_ELNFKPKP,0,0,0,Gamma-Other,93.8,MAG
TARA_SAMEA4397798_METAG_GIIFJNOP,0,0,0,Gamma-Other,91.34,MAG
TARA_SAMEA4397798_METAG_MCJEHICI,0,0,0,Gamma-Other,85.82,MAG
TARA_SAMEA4397798_METAG_ANOHGHCC,0,0,0,Alpha-Other,81.96,MAG
TARA_SAMEA4397798_METAG_DHJONKMD,0,0,0,Bacteroidota,79.46,MAG
TARA_SAMEA4397101_METAG_BJOEADNP,0,0,0,Alpha-Other,87.26,MAG
TARA_SAMEA4397101_METAG_OHKFPHBA,0,0,0,Alpha-Pelagibacter,84.37,MAG
TARA_SAMEA4397072_METAG_MFLIINBH,0,0,0,Gemmatimonadota,95.06,MAG
TARA_SAMEA4397072_METAG_ENIEPPKB,0,0,0,Actinobacteriota,92.26,MAG
TARA_SAMEA4397072_METAG_GCAODHIG,0,0,0,Actinobacteriota,95.4,MAG
TARA_SAMEA4397072_METAG_HDOLDMLO,0,0,0,Gamma-SAR92,88.65,MAG
TARA_SAMEA4397072_METAG_FAPEAHCH,0,0,0,Planctomycetota,90.8,MAG
TARA_SAMEA4397072_METAG_LFEEDDAD,0,0,0,Marinisomatota,92.72,MAG
TARA_SAMEA4397072_METAG_PEGNBACF,0,0,0,Marinisomatota,87.22,MAG
TARA_SAMEA4397072_METAG_DOJHDOBG,0,0,0,Chloroflexota,89.16,MAG
TARA_SAMEA4397072_METAG_AALKFHFB,0,0,0,Bacteroidota,76.38,MAG
TARA_SAMEA4397072_METAG_EPJFNDFL,0,0,0,Bacteroidota,85.45,MAG
TARA_SAMEA4397072_METAG_GNOOGOGN,0,0,0,Marinisomatota,87.96,MAG
TARA_SAMEA4397072_METAG_ICOAMHLI,0,0,0,Alpha-Other,89.4,MAG
TARA_SAMEA4397072_METAG_FBINOIKL,0,0,0,Alpha-Rhodobacter-LowGC,88.58,MAG
TARA_SAMEA4397072_METAG_JMGKIDMN,0,0,0,Actinobacteriota,83.08,MAG
TARA_SAMEA4397072_METAG_NMINNJKP,0,0,0,Gamma-Other,88.42,MAG
TARA_SAMEA4397072_METAG_CCIMDKDA,0,0,0,Planctomycetota,87.03,MAG
TARA_SAMEA4397072_METAG_MBAEHLDP,0,0,0,Gamma-Other,84.53,MAG
TARA_SAMEA4397072_METAG_OPFJMDCA,0,0,0,Alpha-Other,82.94,MAG
TARA_SAMEA4397072_METAG_JEGHMNGH,0,0,0,Alpha-Other,77.56,MAG
TARA_SAMEA4397072_METAG_AGHJDMMN,0,0,0,Alpha-Other,75.61,MAG
TARA_SAMEA4397072_METAG_LOEBEJDP,0,0,0,Alpha-Rhodobacter-LowGC,75.46,MAG
TARA_SAMEA4397072_METAG_AMBFKIBB,0,0,0,Gamma-Other,75.1,MAG
BGEO_SAMN07136534_METAG_PKNKBFOO,0,0,0,Archaea-Poseidoniia MGIIb,85.26,MAG
TARA_SAMEA4397311_METAG_GOOPEJJE,0,0,0,Gamma-Other,95.52,MAG
TARA_SAMEA4397311_METAG_NLCMMKBE,0,0,0,Gamma-SAR92,88.76,MAG
TARA_SAMEA4397311_METAG_CJIJPALH,0,0,0,Bacteroidota,88,MAG
TARA_SAMEA4397311_METAG_PHILIGCC,0,0,0,Gamma-Other,82.65,MAG
TARA_SAMEA4397311_METAG_EGCPLPEJ,0,0,0,Alpha-Other,75.63,MAG
TARA_SAMEA4397311_METAG_LAEIEILD,0,0,0,Bacteroidota,75.46,MAG
TARA_SAMEA4398176_METAG_NMLFNJBC,0,0,0,Gamma-Other,96.55,MAG
TARA_SAMEA4398176_METAG_OGOJPJFE,0,0,0,Gamma-SAR92,79.72,MAG
TARA_SAMEA4398176_METAG_MFIDBGNF,0,0,0,Marinisomatota,80.57,MAG
TARA_SAMEA4398176_METAG_MDLFLDGH,0,0,0,Alpha-Other,89.66,MAG
TARA_SAMEA4398176_METAG_HLNLKFDH,0,0,0,Gamma-Other,80.34,MAG
TARA_SAMEA4398176_METAG_OOGCDFIO,0,0,0,Verrucomicrobiota,82.69,MAG
TARA_SAMEA4398176_METAG_ANPPPFJE,0,0,0,Alpha-Rhodobacter-LowGC,83.68,MAG
TARA_SAMEA4398176_METAG_EKMINEPI,0,0,0,Alpha-Rhodobacter-LowGC,81.99,MAG
TARA_SAMEA4398176_METAG_AMOLPNDJ,0,0,0,Gamma-SAR86,81.88,MAG
TARA_SAMEA4397355_METAG_AFNLEMOF,0,0,0,Actinobacteriota,93.91,MAG
TARA_SAMEA4397355_METAG_PPCIMHPM,0,0,0,Bacteroidota,95.02,MAG
TARA_SAMEA4397355_METAG_JBCODGFD,0,0,0,Chloroflexota,93.52,MAG
TARA_SAMEA4397355_METAG_CHGEDCLM,0,0,0,Alpha-Other,90.4,MAG
TARA_SAMEA4397355_METAG_KAONEKCA,0,0,0,Gemmatimonadota,94.51,MAG
TARA_SAMEA4397355_METAG_PIFAJGNL,0,0,0,Chloroflexota,91.28,MAG
TARA_SAMEA4397355_METAG_ALCFNLAC,0,0,0,Gamma-Other,91.82,MAG
TARA_SAMEA4397355_METAG_PKFDAOLJ,0,0,0,Bacteroidota,92.86,MAG
TARA_SAMEA4397355_METAG_LDDMDHHP,0,0,0,Actinobacteriota,92.13,MAG
TARA_SAMEA4397355_METAG_FOKEKMCO,0,0,0,Marinisomatota,91.29,MAG
TARA_SAMEA4397355_METAG_HBEMBLBK,0,0,0,Marinisomatota,89.38,MAG
TARA_SAMEA4397355_METAG_PAGPFGJC,0,0,0,Actinobacteriota,93.68,MAG
TARA_SAMEA4397355_METAG_JOOIAFCP,0,0,0,Gamma-Other,93.86,MAG
TARA_SAMEA4397355_METAG_OOMNDCBK,0,0,0,Planctomycetota,89.77,MAG
TARA_SAMEA4397355_METAG_AIKPIHIK,0,0,0,Bacteroidota,83.52,MAG
TARA_SAMEA4397355_METAG_EJHHLKOO,0,0,0,Chloroflexota,90.98,MAG
TARA_SAMEA4397355_METAG_ADHJNKOG,0,0,0,Chloroflexota,86.79,MAG
TARA_SAMEA4397355_METAG_CMCBEOEK,0,0,0,Dadabacteria,90.57,MAG
TARA_SAMEA4397355_METAG_GNKPCBGJ,0,0,0,Bacteroidota,85.42,MAG
TARA_SAMEA4397355_METAG_JCHALJFF,0,0,0,Planctomycetota,83.2,MAG
TARA_SAMEA4397355_METAG_PEJENKIE,0,0,0,Alpha-Rhodobacter-LowGC,88.34,MAG
TARA_SAMEA4397355_METAG_MBEPLOBJ,0,0,0,Actinobacteriota,81.8,MAG
TARA_SAMEA4397355_METAG_BENDAANJ,0,0,0,Marinisomatota,84.63,MAG
TARA_SAMEA4397355_METAG_NBEKGBHP,0,0,0,Gemmatimonadota,81.72,MAG
TARA_SAMEA4397355_METAG_AACIHDAD,0,0,0,Marinisomatota,78.09,MAG
TARA_SAMEA4397355_METAG_KMBCOEOJ,0,0,0,Bacteroidota,84.34,MAG
TARA_SAMEA4397355_METAG_JCIKMBGM,0,0,0,Gamma-Other,87.26,MAG
TARA_SAMEA4397355_METAG_HNOEMFKI,0,0,0,Gamma-Other,78.46,MAG
TARA_SAMEA4397355_METAG_JFKMBJPK,0,0,0,Chloroflexota,77.38,MAG
TARA_SAMEA4397355_METAG_NOJHPEFK,0,0,0,Chloroflexota,82.56,MAG
TARA_SAMEA4397355_METAG_IPKLOKBC,0,0,0,Gamma-Other,84.46,MAG
TARA_SAMEA4397355_METAG_HDEMGIME,0,0,0,Alpha-Rhodobacter-LowGC,79.26,MAG
TARA_SAMEA4397355_METAG_JLMAADLH,0,0,0,Gamma-SAR86,75.75,MAG
BGEO_SAMN07136548_METAG_IIAHHHLC,0,0,0,Archaea-Poseidoniia MGIIb,87.82,MAG
TARA_SAMEA4397730_METAG_CMGADGDO,0,0,0,Marinisomatota,94.18,MAG
TARA_SAMEA4397730_METAG_DHCGBEHI,0,0,0,Marinisomatota,93.24,MAG
TARA_SAMEA4397730_METAG_NDMAPFEA,0,0,0,Chloroflexota,88.8,MAG
TARA_SAMEA4397730_METAG_CNEJGHKJ,0,0,0,Marinisomatota,90.21,MAG
TARA_SAMEA4397730_METAG_CHDEMPHB,0,0,0,Bacteroidota,90.74,MAG
TARA_SAMEA4397730_METAG_GBPAHIIB,0,0,0,Gamma-Other,94.27,MAG
TARA_SAMEA4397730_METAG_HPJNIMEA,0,0,0,Gamma-Other,88.69,MAG
TARA_SAMEA4397730_METAG_GKPBOJJJ,0,0,0,Gemmatimonadota,90.02,MAG
TARA_SAMEA4397730_METAG_KPLHNANB,0,0,0,Actinobacteriota,92.52,MAG
TARA_SAMEA4397730_METAG_MMDJELAJ,0,0,0,Actinobacteriota,86.84,MAG
TARA_SAMEA4397730_METAG_LKCNIGPC,0,0,0,Marinisomatota,81.9,MAG
TARA_SAMEA4397730_METAG_BMOGKBND,0,0,0,Alpha-Rhodobacter-LowGC,90.8,MAG
TARA_SAMEA4397730_METAG_BACKMNIB,0,0,0,Chloroflexota,86.74,MAG
TARA_SAMEA4397730_METAG_ECJADJKE,0,0,0,Gamma-Other,91.79,MAG
TARA_SAMEA4397730_METAG_PJPKHELL,0,0,0,Gamma-SAR92,88.56,MAG
TARA_SAMEA4397730_METAG_BEKGJMLL,0,0,0,Bacteroidota,82.7,MAG
TARA_SAMEA4397730_METAG_LCEHBBOD,0,0,0,Actinobacteriota,87.12,MAG
BGEO_SAMN07136548_METAG_FBAFKNHB,0,0,0,Archaea-Poseidoniia MGIIb,82.34,MAG
TARA_SAMEA4397730_METAG_MEPPGOHN,0,0,0,Chloroflexota,86.63,MAG
TARA_SAMEA4397730_METAG_HAMFAEBN,0,0,0,Marinisomatota,80.91,MAG
TARA_SAMEA4397730_METAG_MPGNFBOP,0,0,0,Bacteroidota,79.76,MAG
TARA_SAMEA4397730_METAG_GFBCBEPA,0,0,0,Gemmatimonadota,81.15,MAG
TARA_SAMEA4397730_METAG_EOGECHMF,0,0,0,Gamma-Other,80,MAG
TARA_SAMEA4397730_METAG_PLPBJDIB,0,0,0,Marinisomatota,78.01,MAG
BATS_SAMN07137111_METAG_NFGPDCAG,0,0,0,Archaea-Poseidoniia MGIIb,82.42,MAG
TARA_SAMEA4397730_METAG_KACBEMPD,0,0,0,Bacteria-Other,75.41,MAG
TARA_SAMEA4397730_METAG_EJMNACNA,0,0,0,Alpha-Rhodobacter-LowGC,78.19,MAG
TARA_SAMEA4397730_METAG_CJMBKLJK,0,0,0,Gamma-Other,76.7,MAG
BGEO_SAMN07136651_METAG_BFANECIG,0,0,0,Archaea-Poseidoniia MGIIb,84.74,MAG
TARA_SAMEA4398067_METAG_CBDGHFLB,0,0,0,Gamma-Other,97.31,MAG
TARA_SAMEA4398067_METAG_LMDJADJK,0,0,0,Bacteroidota,94.89,MAG
TARA_SAMEA4398067_METAG_KFDFDEMA,0,0,0,Gamma-Other,95.24,MAG
TARA_SAMEA4398067_METAG_LMAALFFI,0,0,0,Alpha-Rhodobacter,88.19,MAG
TARA_SAMEA4398067_METAG_DHHHBGAN,0,0,0,Bacteroidota,80.1,MAG
TARA_SAMEA4398067_METAG_NIKIPAIF,0,0,0,Gamma-Other,78.04,MAG
TARA_SAMEA4397569_METAG_OEMKCAEG,0,0,0,Gamma-Other,89.69,MAG
TARA_SAMEA4397569_METAG_NAPDNECM,0,0,0,Gamma-Other,96.36,MAG
TARA_SAMEA4397569_METAG_GLIHKDIA,0,0,0,Alpha-Other,89.78,MAG
TARA_SAMEA4397569_METAG_MPAIHAHE,0,0,0,Alpha-Other,89.68,MAG
TARA_SAMEA4397569_METAG_MBIHDIFA,0,0,0,Alpha-Rhodobacter-LowGC,89.89,MAG
TARA_SAMEA4397569_METAG_POJPAIPO,0,0,0,Bacteroidota,76.32,MAG
TARA_SAMEA4397569_METAG_LNFCCIHB,0,0,0,Alpha-Pelagibacter,80.82,MAG
TARA_SAMEA4397569_METAG_HBPAKHIL,0,0,0,Gamma-SAR92,76.33,MAG
TARA_SAMEA4397472_METAG_IDHEKGGM,0,0,0,Alpha-Other,95.7,MAG
TARA_SAMEA4397472_METAG_LMGDGBPA,0,0,0,Alpha-Rhodobacter,79.29,MAG
TARA_SAMEA4397472_METAG_EEFNKHIK,0,0,0,Alpha-Other,87.2,MAG
TARA_SAMEA4397472_METAG_CJAPHDKC,0,0,0,Gamma-Other,89.04,MAG
TARA_SAMEA4397472_METAG_MCAPMOLD,0,0,0,Gamma-Other,78.87,MAG
TARA_SAMEA4398413_METAG_FLJOFAEP,0,0,0,Actinobacteriota,93.16,MAG
TARA_SAMEA4398413_METAG_GPJOANLC,0,0,0,Gamma-SAR92,81.56,MAG
TARA_SAMEA4398413_METAG_FMFBOOKK,0,0,0,Gamma-Other,91.54,MAG
TARA_SAMEA4398413_METAG_OGOODMNP,0,0,0,Alpha-Other,93.06,MAG
TARA_SAMEA4398413_METAG_CPEEGJLO,0,0,0,Marinisomatota,89.38,MAG
TARA_SAMEA4398413_METAG_OHJBMJHN,0,0,0,Alpha-Other,89.55,MAG
TARA_SAMEA4398413_METAG_OCBLNENE,0,0,0,Gemmatimonadota,88.7,MAG
TARA_SAMEA4398413_METAG_HODBPNIO,0,0,0,Marinisomatota,83.48,MAG
TARA_SAMEA4398413_METAG_MPJICBCG,0,0,0,Marinisomatota,82.68,MAG
TARA_SAMEA4398413_METAG_BMCFLNAA,0,0,0,Chloroflexota,88.03,MAG
TARA_SAMEA4398413_METAG_HMEKKHPG,0,0,0,Chloroflexota,88.1,MAG
TARA_SAMEA4398413_METAG_JFEHGHKO,0,0,0,Bacteroidota,75.76,MAG
TARA_SAMEA4398413_METAG_AELOGCEB,0,0,0,Gamma-SAR92,79.72,MAG
TARA_SAMEA4398413_METAG_ODKIKFHK,0,0,0,Gamma-Other,82.23,MAG
TARA_SAMEA4398413_METAG_OAPGFPFK,0,0,0,Marinisomatota,82.92,MAG
TARA_SAMEA4398413_METAG_BNPPECPG,0,0,0,Marinisomatota,83.55,MAG
TARA_SAMEA4398413_METAG_LPCJGCOE,0,0,0,Alpha-Rhodobacter,83.46,MAG
TARA_SAMEA4398413_METAG_PHKIEMHL,0,0,0,Actinobacteriota,81.82,MAG
TARA_SAMEA4398413_METAG_HPCMCDNE,0,0,0,Alpha-Other,83.46,MAG
TARA_SAMEA4398413_METAG_OHEDGEAJ,0,0,0,Planctomycetota,82.26,MAG
TARA_SAMEA4398413_METAG_BPONDJHP,0,0,0,Bacteria-Other,77.73,MAG
TARA_SAMEA4398413_METAG_HANIIAHL,0,0,0,Bacteroidota,85.42,MAG
TARA_SAMEA4398413_METAG_FIJHELJF,0,0,0,Alpha-Pelagibacter,76.6,MAG
TARA_SAMEA4398413_METAG_LDLEEHID,0,0,0,Dadabacteria,79.56,MAG
TARA_SAMEA4398413_METAG_HGDGMDKA,0,0,0,Gamma-Other,80.95,MAG
TARA_SAMEA4398413_METAG_NGIJPMPN,0,0,0,Gamma-Other,76.83,MAG
TARA_SAMEA4398413_METAG_OEJOCAFN,0,0,0,Gamma-SAR86,81.7,MAG
BGEO_SAMN07136676_METAG_DJMEJBCN,0,0,0,Archaea-Poseidoniia MGIIb,84.62,MAG
TARA_SAMEA4397004_METAG_FDDNCOPK,0,0,0,Alpha-Other,97,MAG
TARA_SAMEA4397004_METAG_AIPFHCCK,0,0,0,Actinobacteriota,96.2,MAG
TARA_SAMEA4397004_METAG_AGNCBICA,0,0,0,Actinobacteriota,94.34,MAG
TARA_SAMEA4397004_METAG_CAKBPFAB,0,0,0,Gemmatimonadota,93.24,MAG
TARA_SAMEA4397004_METAG_JFHKLEJO,0,0,0,Marinisomatota,92.25,MAG
TARA_SAMEA4397004_METAG_CINNKFJE,0,0,0,Chloroflexota,92.03,MAG
TARA_SAMEA4397004_METAG_EDDPJKPP,0,0,0,Actinobacteriota,88.07,MAG
TARA_SAMEA4397004_METAG_MAKBEHCF,0,0,0,Bacteroidota,92.37,MAG
TARA_SAMEA4397004_METAG_GDCOLFIP,0,0,0,Marinisomatota,91.1,MAG
TARA_SAMEA4397004_METAG_IGFMALDO,0,0,0,Bacteroidota,91.11,MAG
TARA_SAMEA4397004_METAG_CIFACDMG,0,0,0,Marinisomatota,91.27,MAG
TARA_SAMEA4397004_METAG_GIHJMGDM,0,0,0,Gamma-Other,93.18,MAG
TARA_SAMEA4397004_METAG_FENAAMCE,0,0,0,Marinisomatota,88.65,MAG
TARA_SAMEA4397004_METAG_MIIAJPEG,0,0,0,Actinobacteriota,83.8,MAG
TARA_SAMEA4397004_METAG_IGAGNAAL,0,0,0,Marinisomatota,86,MAG
TARA_SAMEA4397004_METAG_HBNBOOJO,0,0,0,Marinisomatota,83.45,MAG
TARA_SAMEA4397004_METAG_GKMOHOJO,0,0,0,Alpha-Rhodobacter-LowGC,87.22,MAG
TARA_SAMEA4397004_METAG_GEKKCFNA,0,0,0,Gamma-Other,80.68,MAG
TARA_SAMEA4397004_METAG_LGPBDMJB,0,0,0,Gamma-Other,85.6,MAG
HOTS_SAMN07137054_METAG_GFGBOCAO,0,0,0,Archaea-Poseidoniia MGIIb,77.08,MAG
TARA_SAMEA4397004_METAG_EGKDGIBF,0,0,0,Bacteroidota,78.4,MAG
TARA_SAMEA4396468_METAG_PDKKHEEF,0,0,0,Chloroflexota,90.17,MAG
TARA_SAMEA4396468_METAG_MANFACEB,0,0,0,Actinobacteriota,93.66,MAG
TARA_SAMEA4396468_METAG_CFHMJNIM,0,0,0,Actinobacteriota,93.96,MAG
TARA_SAMEA4396468_METAG_EBLHHBPH,1,1,1,Gamma-Other,87.8,MAG
TARA_SAMEA4396468_METAG_INKJJGJA,0,0,0,Marinisomatota,86.93,MAG
TARA_SAMEA4396468_METAG_ECJMHKBJ,0,0,0,Chloroflexota,89.4,MAG
TARA_SAMEA4396468_METAG_IJCDCONN,0,0,0,Gamma-Other,90.48,MAG
TARA_SAMEA4396468_METAG_LKKPAICE,0,0,0,Gamma-Other,89.74,MAG
TARA_SAMEA4396468_METAG_PKMHHLPF,0,0,0,Actinobacteriota,86.79,MAG
TARA_SAMEA4396468_METAG_HAKFAHNL,0,0,0,Alpha-Pelagibacter,83.54,MAG
TARA_SAMEA4396468_METAG_OPBIODFG,0,0,0,Marinisomatota,84.98,MAG
TARA_SAMEA4396468_METAG_PEPPCHBG,0,0,0,Actinobacteriota,75.06,MAG
TARA_SAMEA4396468_METAG_JNGGGJOH,0,0,0,Actinobacteriota,81.02,MAG
TARA_SAMEA4396468_METAG_JADMGIOC,0,0,0,Marinisomatota,81.41,MAG
TARA_SAMEA4396468_METAG_DKLGBFJM,0,0,0,Marinisomatota,81.81,MAG
TARA_SAMEA4396468_METAG_DPNFKPDE,0,0,0,Chloroflexota,77.34,MAG
TARA_SAMEA4396468_METAG_PCBFPAJA,0,0,0,Gamma-Other,79.54,MAG
TARA_SAMEA4396468_METAG_EPCLNMCD,0,0,0,Bacteroidota,79.1,MAG
TARA_SAMEA4396468_METAG_HDKMFEBF,0,0,0,Gamma-SAR86,78,MAG
BGEO_SAMN07136565_METAG_JJNMFHNF,0,0,0,Archaea-Poseidoniia MGIIb,85.18,MAG
TARA_SAMEA4396538_METAG_EJIJECED,0,0,0,Alpha-Other,91.58,MAG
TARA_SAMEA4396538_METAG_MLIABILH,0,0,0,Gamma-SAR92,91.34,MAG
TARA_SAMEA4396538_METAG_ADODEPGF,0,0,0,Gamma-Other,87.14,MAG
TARA_SAMEA4396538_METAG_OPHBKGHA,0,0,0,Verrucomicrobiota,86.3,MAG
TARA_SAMEA4396538_METAG_CAOPAICI,0,0,0,Alpha-Rhodobacter,83.88,MAG
TARA_SAMEA4396538_METAG_BIOFLJNB,0,0,0,Alpha-Rhodobacter-LowGC,81.91,MAG
TARA_SAMEA4396538_METAG_KCLLGKMJ,0,0,0,Gamma-Other,77.5,MAG
TARA_SAMEA4396538_METAG_BFCNHCGG,0,0,0,Alpha-Rhodobacter-LowGC,78.85,MAG
TARA_SAMEA4397649_METAG_AKGLEPGL,0,0,0,Gamma-Other,97.12,MAG
TARA_SAMEA4397649_METAG_ALFICBCN,0,0,0,Alpha-Rhodobacter,82.94,MAG
TARA_SAMEA4397649_METAG_FMEAKNMD,0,0,0,Gamma-Other,83.04,MAG
TARA_SAMEA4397649_METAG_AIGCPNLI,0,0,0,Gamma-Other,77.26,MAG
TARA_SAMEA4397649_METAG_DOPEBHKB,0,0,0,Alpha-Other,76.81,MAG
TARA_SAMEA4397649_METAG_FCKPHMIJ,0,0,0,Gamma-SAR92,78.78,MAG
TARA_SAMEA4398341_METAG_HNICBGDE,0,0,0,Verrucomicrobiota,96.96,MAG
TARA_SAMEA4398341_METAG_CLEPENAC,0,0,0,Gamma-Other,95.32,MAG
TARA_SAMEA4398341_METAG_ALMJHLCA,0,0,0,Marinisomatota,87.08,MAG
TARA_SAMEA4398341_METAG_JEDIGFFE,0,0,0,Alpha-Other,92.66,MAG
TARA_SAMEA4398341_METAG_ALGPCEID,0,0,0,Planctomycetota,91.84,MAG
TARA_SAMEA4398341_METAG_IHFCHFAJ,0,0,0,Gamma-SAR92,91,MAG
TARA_SAMEA4398341_METAG_IDKGDMEJ,0,0,0,Gamma-Other,88.96,MAG
TARA_SAMEA4398341_METAG_HBHHAJAA,0,0,0,Verrucomicrobiota,78.6,MAG
TARA_SAMEA4398341_METAG_BODEGKAP,0,0,0,Bacteroidota,85.66,MAG
TARA_SAMEA4398341_METAG_KIJHNJOD,0,0,0,Alpha-Rhodobacter-LowGC,84.98,MAG
TARA_SAMEA4398341_METAG_CMIFJKMJ,0,0,0,Gamma-Other,83.22,MAG
BGEO_SAMN07136575_METAG_ABGJHABJ,0,0,0,Archaea-Poseidoniia MGIIb,81.56,MAG
BGEO_SAMN07136575_METAG_GKGLEBLN,0,0,0,Archaea-Poseidoniia MGIIb,81.79,MAG
TARA_SAMEA4398247_METAG_IGEJIMPB,0,0,0,Marinisomatota,95.44,MAG
TARA_SAMEA4398247_METAG_FECICDBP,0,0,0,Gamma-Other,94.56,MAG
TARA_SAMEA4398247_METAG_KHNMJOKI,0,0,0,Alpha-Other,82.08,MAG
TARA_SAMEA4398247_METAG_PMFGNACJ,0,0,0,Gamma-SAR92,76.46,MAG
TARA_SAMEA4398247_METAG_NCEBPOFJ,0,0,0,Bacteroidota,78.59,MAG
TARA_SAMEA4398247_METAG_MBPLJONF,0,0,0,Gamma-SAR92,79.54,MAG
TARA_SAMEA4398247_METAG_MGBDEIFA,0,0,0,Alpha-Other,81.43,MAG
BGEO_SAMN07136825_METAG_DNNHLPGC,0,0,0,Archaea-Poseidoniia MGIIb,86.22,MAG
BGEO_SAMN07136947_METAG_GBLNPDJO,0,0,0,Bacteroidota,82.36,MAG
BGEO_SAMN07136947_METAG_JNEJHOMC,0,0,0,Bacteroidota,84.72,MAG
BGEO_SAMN07136947_METAG_PEBNHIGB,0,0,0,Gamma-Other,81.38,MAG
BGEO_SAMN07136589_METAG_HEFFAJCH,0,0,0,Archaea-Other,84.4,MAG
BGEO_SAMN07136582_METAG_FEOMJBJG,0,0,0,Marinisomatota,83.17,MAG
BGEO_SAMN07136582_METAG_IAJBMMPE,0,0,0,Gamma-Other,77.22,MAG
BGEO_SAMN07136582_METAG_AFBCFJGA,0,0,0,Gamma-Other,77.61,MAG
BGEO_SAMN07136589_METAG_DHNOPHIG,0,0,0,Archaea-Poseidoniia MGIIb,84.76,MAG
HOTS_SAMN07137056_METAG_ENDEANDI,0,0,0,Actinobacteriota,82.15,MAG
BGEO_SAMN07136562_METAG_NOICLAED,0,0,0,Actinobacteriota,85.91,MAG
HOTS_SAMN07137006_METAG_MIKGDFNA,0,0,0,Archaea-Poseidoniia MGIIb,77.68,MAG
BGEO_SAMN07136587_METAG_KANONBNN,0,0,0,Actinobacteriota,85.97,MAG
BGEO_SAMN07136587_METAG_EFMCNCJA,0,0,0,Marinisomatota,79.68,MAG
BGEO_SAMN07136587_METAG_FLCJNIJI,0,0,0,Actinobacteriota,80.5,MAG
BGEO_SAMN07136915_METAG_INDFLPMF,0,0,0,Bacteroidota,83.13,MAG
BGEO_SAMN07136608_METAG_BCMDIMOP,0,0,0,Archaea-Poseidoniia MGIIb,76.42,MAG
BATS_SAMN07137078_METAG_BFEFAKNI,0,0,0,Chloroflexota,86.79,MAG
BATS_SAMN07137078_METAG_PEIKFEOP,0,0,0,Chloroflexota,75.81,MAG
HOTS_SAMN07137015_METAG_GIMOFLFP,0,0,0,Archaea-Poseidoniia MGIIb,77.22,MAG
HOTS_SAMN07137016_METAG_OFAEHJAN,0,0,0,Dadabacteria,76.4,MAG
BATS_SAMN07137091_METAG_OMNOJDCO,0,0,0,Verrucomicrobiota,98.26,MAG
HOTS_SAMN07137035_METAG_ONIMDBBL,0,0,0,Marinisomatota,80.94,MAG
BGEO_SAMN07136624_METAG_EPKKPIIK,0,0,0,Alpha-Other,84.22,MAG
BGEO_SAMN07136624_METAG_NGPCLCGK,0,0,0,Actinobacteriota,82.44,MAG
BATS_SAMN07137095_METAG_EHLADIOI,0,0,0,Actinobacteriota,91.06,MAG
BATS_SAMN07137095_METAG_DFBOAJHC,0,0,0,Alpha-Other,78.66,MAG
BATS_SAMN07137095_METAG_FIDBPDOB,0,0,0,Actinobacteriota,83.9,MAG
BGEO_SAMN07136870_METAG_GJPPPMDN,0,0,0,Cyano-Pro,75.03,MAG
BGEO_SAMN07136649_METAG_EFMHCDGM,0,0,0,Archaea-Poseidoniia MGIIb,82.61,MAG
BGEO_SAMN07136773_METAG_INKMNBFL,0,0,0,Archaea-Poseidoniia MGIIb,78.51,MAG
BGEO_SAMN07136704_METAG_GJKGMHMF,0,0,0,Gamma-Other,79.44,MAG
BGEO_SAMN07136919_METAG_FCIIHPPM,0,0,0,Archaea-Poseidoniia MGIIb,85.69,MAG
BGEO_SAMN07136962_METAG_OKKOOCJK,0,0,0,Archaea-Poseidoniia MGIIb,76.67,MAG
BGEO_SAMN07136532_METAG_GABOMKOM,0,0,0,Archaea-Poseidoniia MGIIb,85.21,MAG
HOTS_SAMN07137057_METAG_BOPCBKJP,0,0,0,Chloroflexota,81.28,MAG
BGEO_SAMN07136600_METAG_APGGIEMO,0,0,0,Archaea-Poseidoniia MGIIb,79.97,MAG
BGEO_SAMN07136546_METAG_MKPOKDAN,0,0,0,Chloroflexota,79.08,MAG
BGEO_SAMN07136523_METAG_KDAPLJDD,0,0,0,Bacteroidota,83.6,MAG
BGEO_SAMN07136555_METAG_CPCDJLNE,0,0,0,Archaea-Poseidoniia MGIIb,82.13,MAG
BGEO_SAMN07136782_METAG_OLCGFNIN,0,0,0,Actinobacteriota,79.72,MAG
BGEO_SAMN07136555_METAG_IHGCADJK,0,0,0,Archaea-Poseidoniia MGIIb,82.08,MAG
BGEO_SAMN07136943_METAG_LGIDEOCJ,0,0,0,Gamma-SAR86,75.61,MAG
BGEO_SAMN07136657_METAG_PMLFPDCC,0,0,0,Chloroflexota,92.72,MAG
BGEO_SAMN07136566_METAG_EELDMMLF,0,0,0,Archaea-Poseidoniia MGIIb,85.07,MAG
BGEO_SAMN07136657_METAG_GEPLADJH,0,0,0,Chloroflexota,82.28,MAG
BGEO_SAMN07136657_METAG_AHEGFNJF,0,0,0,Chloroflexota,75.16,MAG
BGEO_SAMN07136595_METAG_CNDMMAIL,0,0,0,Archaea-Poseidoniia MGIIb,82.68,MAG
BATS_SAMN07137102_METAG_GBGGELKH,0,0,0,Actinobacteriota,87.78,MAG
BATS_SAMN07137102_METAG_JJPKIONE,0,0,0,Marinisomatota,82.66,MAG
BATS_SAMN07137107_METAG_JOLJABKG,0,0,0,Archaea-Poseidoniia MGIIb,86.44,MAG
BATS_SAMN07137102_METAG_LKDFGFHA,0,0,0,Gamma-Other,77.61,MAG
BGEO_SAMN07136799_METAG_FDMHIEBL,0,0,0,Gamma-Other,95.88,MAG
BGEO_SAMN07136799_METAG_NELCKACI,0,0,0,Actinobacteriota,93.02,MAG
BGEO_SAMN07136799_METAG_MDLJAPHB,0,0,0,Marinisomatota,91.65,MAG
BGEO_SAMN07136799_METAG_DBHALHNO,0,0,0,Gemmatimonadota,89.17,MAG
BGEO_SAMN07136799_METAG_HDJCHBCA,0,0,0,Bacteroidota,86.35,MAG
BGEO_SAMN07136799_METAG_GHAEBIHD,0,0,0,Gamma-Other,82.65,MAG
BGEO_SAMN07136568_METAG_NPFKOBAM,0,0,0,Marinisomatota,84.68,MAG
BGEO_SAMN07136573_METAG_HAAIBFOD,0,0,0,Chloroflexota,92.5,MAG
BGEO_SAMN07136573_METAG_EFLJDCHF,0,0,0,Gamma-Other,89.21,MAG
BGEO_SAMN07136574_METAG_JMOIKPCA,0,0,0,Archaea-Poseidoniia MGIIb,85.54,MAG
BGEO_SAMN07136574_METAG_LCCFLNLP,0,0,0,Archaea-Other,75.38,MAG
BGEO_SAMN07136628_METAG_AAKBFBAH,0,0,0,Gamma-Other,77.02,MAG
BATS_SAMN07137081_METAG_EDAPPPOL,0,0,0,Alpha-Other,80.85,MAG
BATS_SAMN07137081_METAG_DBGAEJKF,0,0,0,Chloroflexota,78.52,MAG
HOTS_SAMN07137020_METAG_OCGBMIEJ,0,0,0,Archaea-Poseidoniia MGIIb,85.92,MAG
BGEO_SAMN07136727_METAG_FOAHHMBP,0,0,0,Marinisomatota,96.19,MAG
BGEO_SAMN07136727_METAG_GNOPIGMC,0,0,0,Actinobacteriota,94.56,MAG
BGEO_SAMN07136727_METAG_JADHDMFA,0,0,0,Marinisomatota,92.37,MAG
BGEO_SAMN07136727_METAG_LMHNLJFE,0,0,0,Gamma-Other,85.44,MAG
BGEO_SAMN07136727_METAG_BJDLPBMF,0,0,0,Gemmatimonadota,82.8,MAG
BATS_SAMN07137069_METAG_DGGBNFID,0,0,0,Archaea-Poseidoniia MGIIb,83.74,MAG
BGEO_SAMN07136727_METAG_DAGDPMEE,1,1,1,Gamma-Other,78.66,MAG
HOTS_SAMN07137059_METAG_OOJOLHNK,0,0,0,Archaea-Poseidoniia MGIIb,78.56,MAG
BATS_SAMN07137123_METAG_GNAPGJHG,0,0,0,Chloroflexota,89.58,MAG
BATS_SAMN07137123_METAG_BMEANMDN,0,0,0,Chloroflexota,84.84,MAG
BGEO_SAMN07136553_METAG_DIKODMIF,0,0,0,Archaea-Poseidoniia MGIIb,84.27,MAG
BATS_SAMN07137101_METAG_GJJNLGPH,0,0,0,Actinobacteriota,82.76,MAG
BATS_SAMN07137101_METAG_BBEIIPCM,0,0,0,Alpha-Other,75.42,MAG
BATS_SAMN07137101_METAG_KGHFBFFI,0,0,0,Gamma-SAR86,75.16,MAG
BGEO_SAMN07136553_METAG_CDECBBEB,0,0,0,Archaea-Poseidoniia MGIIb,77.08,MAG
BGEO_SAMN07136643_METAG_DDMCANDG,0,0,0,Alpha-Other,93.78,MAG
BGEO_SAMN07136643_METAG_HNLCPBHG,0,0,0,Gamma-SAR86,76.64,MAG
BGEO_SAMN07136918_METAG_NDCOBKPC,0,0,0,Archaea-Poseidoniia MGIIb,79.42,MAG
BGEO_SAMN07136660_METAG_EMJPCKFI,0,0,0,Actinobacteriota,84.44,MAG
BGEO_SAMN07136660_METAG_NPHOGPEI,0,0,0,Actinobacteriota,78.4,MAG
BGEO_SAMN07136621_METAG_EPGOBPIK,0,0,0,Actinobacteriota,77.49,MAG
BGEO_SAMN07136596_METAG_HNNIFOAP,0,0,0,Gamma-Other,85.68,MAG
BGEO_SAMN07136689_METAG_KJMIPNPG,0,0,0,Alpha-Other,85.54,MAG
BGEO_SAMN07136689_METAG_GKIAHPDM,0,0,0,Actinobacteriota,81,MAG
HOTS_SAMN07137063_METAG_JEAGKNJN,0,0,0,Archaea-Poseidoniia MGIIb,80.48,MAG
BGEO_SAMN07136754_METAG_KAHOLIPP,0,0,0,Actinobacteriota,80.68,MAG
BGEO_SAMN07136710_METAG_NKECFIDH,0,0,0,Gamma-Other,92.19,MAG
BGEO_SAMN07136710_METAG_NPCAEFJN,0,0,0,Gamma-Other,82.48,MAG
BGEO_SAMN07136872_METAG_JPGDMODL,0,0,0,Cyano-Pro,79.62,MAG
BGEO_SAMN07136904_METAG_LOAPEJHF,0,0,0,Dadabacteria,78.84,MAG
BGEO_SAMN07136699_METAG_IBIIAOCB,0,0,0,Archaea-Poseidoniia MGIIb,77.27,MAG
BGEO_SAMN07136571_METAG_LOILGFJH,0,0,0,Marinisomatota,83.94,MAG
BGEO_SAMN07136851_METAG_DOGMDHHE,0,0,0,Actinobacteriota,75.06,MAG
BGEO_SAMN07136603_METAG_BPNINCHF,0,0,0,Archaea-Poseidoniia MGIIb,83.78,MAG
BGEO_SAMN07136705_METAG_FOAKOCHN,0,0,0,Actinobacteriota,77.24,MAG
BGEO_SAMN07136705_METAG_KHAJMGAN,0,0,0,Gamma-Other,77.06,MAG
HOTS_SAMN07137009_METAG_GCKKLNAE,0,0,0,Archaea-Poseidoniia MGIIb,77.54,MAG
BGEO_SAMN07136619_METAG_JBNOKPLC,0,0,0,Archaea-Poseidoniia MGIIb,80.62,MAG
BGEO_SAMN07136490_METAG_DDCKNMGF,0,0,0,Archaea-Poseidoniia MGIIa,79.5,MAG
BATS_SAMN07137075_METAG_ELGOECLA,0,0,0,Alpha-Other,91.82,MAG
BATS_SAMN07137075_METAG_ACAOHBAE,0,0,0,Gamma-SAR86,89.62,MAG
BATS_SAMN07137075_METAG_AOGNDBLA,0,0,0,Actinobacteriota,79.07,MAG
BATS_SAMN07137105_METAG_GLIDHMAO,0,0,0,Archaea-Poseidoniia MGIIb,84.06,MAG
BGEO_SAMN07136584_METAG_KIKHOKPA,0,0,0,Actinobacteriota,84.52,MAG
BGEO_SAMN07136584_METAG_IFLIJNLP,0,0,0,Marinisomatota,83.24,MAG
BGEO_SAMN07136584_METAG_PGPBHCDD,0,0,0,Chloroflexota,80.97,MAG
BGEO_SAMN07136584_METAG_PMODENDC,0,0,0,Marinisomatota,77.06,MAG
BATS_SAMN08390925_METAG_NOHLHIKI,0,0,0,Alpha-Other,92.54,MAG
BATS_SAMN08390925_METAG_DPMEKFEG,0,0,0,Actinobacteriota,90.36,MAG
BATS_SAMN08390925_METAG_IMBFCPHP,0,0,0,Actinobacteriota,85.14,MAG
BATS_SAMN08390925_METAG_CCBGODFE,0,0,0,Marinisomatota,82.64,MAG
BATS_SAMN08390925_METAG_PCNPJGHG,0,0,0,Actinobacteriota,80.37,MAG
BATS_SAMN08390925_METAG_CNCGJEII,0,0,0,Actinobacteriota,81.6,MAG
BATS_SAMN08390925_METAG_FANDFIGG,0,0,0,Gamma-SAR86,75.8,MAG
BGEO_SAMN07136494_METAG_OJIAIAMA,0,0,0,Alpha-Rhodobacter-LowGC,89.98,MAG
BGEO_SAMN07136494_METAG_OEOBEHEL,0,0,0,Gamma-Other,76.85,MAG
BGEO_SAMN07136494_METAG_KNPPKEJO,0,0,0,Actinobacteriota,80.53,MAG
BGEO_SAMN07136605_METAG_MFEAAKGE,0,0,0,Archaea-Poseidoniia MGIIb,85.47,MAG
BGEO_SAMN07136556_METAG_ELEMOIGD,0,0,0,Archaea-Poseidoniia MGIIb,77.23,MAG
BGEO_SAMN07136531_METAG_OPCEJLDA,0,0,0,Archaea-Poseidoniia MGIIb,84.86,MAG
BATS_SAMN07137106_METAG_GAKCPKPJ,0,0,0,Actinobacteriota,75.43,MAG
BGEO_SAMN07136620_METAG_BDBJFFIG,0,0,0,Gamma-Other,83.14,MAG
BGEO_SAMN07136938_METAG_KPHECNLM,0,0,0,Archaea-Poseidoniia MGIIb,80.46,MAG
BGEO_SAMN07136955_METAG_NOFBANNO,0,0,0,Actinobacteriota,83.48,MAG
BGEO_SAMN07136955_METAG_AGMKAAOH,0,0,0,Marinisomatota,80.72,MAG
HOTS_SAMN07137008_METAG_GNPPOCMO,0,0,0,Actinobacteriota,83.26,MAG
HOTS_SAMN07137008_METAG_LEBIPINF,0,0,0,Marinisomatota,77.18,MAG
BGEO_SAMN07136707_METAG_CAMEOLFF,0,0,0,Actinobacteriota,78.34,MAG
BGEO_SAMN07136658_METAG_LFJIAKLF,0,0,0,Archaea-Poseidoniia MGIIb,84.02,MAG
BATS_SAMN07137114_METAG_OHGGAGKO,0,0,0,Archaea-Poseidoniia MGIIb,84.49,MAG
BGEO_SAMN07136763_METAG_JBFPHKJC,0,0,0,Gamma-Other,81.69,MAG
BGEO_SAMN07136678_METAG_BEHODMKE,0,0,0,Marinisomatota,91.52,MAG
BGEO_SAMN07136678_METAG_OAKLHCBF,0,0,0,Gamma-SAR86,75.06,MAG
BGEO_SAMN07136554_METAG_EMOHIEEH,0,0,0,Chloroflexota,77.55,MAG
BGEO_SAMN07136554_METAG_OMGBFEON,0,0,0,Gamma-Other,76.18,MAG
BATS_SAMN07137119_METAG_FDMDFKPG,0,0,0,Archaea-Poseidoniia MGIIb,80.84,MAG
BATS_SAMN07137064_METAG_EFIEENIK,0,0,0,Verrucomicrobiota,92.6,MAG
BATS_SAMN07137064_METAG_GCBKOPLF,0,0,0,Bacteroidota,91.35,MAG
BGEO_SAMN07136814_METAG_MAAIDILB,0,0,0,Cyano-Pro,75.75,MAG
BGEO_SAMN07136899_METAG_CDDNPGOC,0,0,0,Marinisomatota,83.74,MAG
BGEO_SAMN07136899_METAG_FFPGMBBF,0,0,0,Actinobacteriota,79.55,MAG
BGEO_SAMN07136790_METAG_LNLIJAMM,0,0,0,Alpha-Rhodobacter,76.45,MAG
BGEO_SAMN07136954_METAG_NLCHPNHM,0,0,0,Archaea-Poseidoniia MGIIb,83.3,MAG
BGEO_SAMN07136954_METAG_FGPBEOKE,0,0,0,Archaea-Poseidoniia MGIIa,79.33,MAG
BGEO_SAMN07136612_METAG_CPLJCFMP,0,0,0,Archaea-Poseidoniia MGIIb,81.28,MAG
BGEO_SAMN07136744_METAG_LAGPGKBE,0,0,0,Actinobacteriota,76.07,MAG
BGEO_SAMN07136517_METAG_OCJEHNKF,0,0,0,Chloroflexota,94.21,MAG
BGEO_SAMN07136647_METAG_KBGGCOME,0,0,0,Chloroflexota,75.78,MAG
BGEO_SAMN07136541_METAG_JFJLHLIC,0,0,0,Archaea-Poseidoniia MGIIb,75.22,MAG
BGEO_SAMN07136717_METAG_KKACABHB,0,0,0,Archaea-Poseidoniia MGIIb,83.18,MAG
BGEO_SAMN07136604_METAG_EKCJGCPH,0,0,0,Archaea-Poseidoniia MGIIb,86.18,MAG
BATS_SAMN07137087_METAG_GICAJIFE,0,0,0,Chloroflexota,86.99,MAG
HOTS_SAMN07137029_METAG_LCHLPBMP,0,0,0,Archaea-Poseidoniia MGIIb,87.34,MAG
BGEO_SAMN07136522_METAG_BEHDDPME,0,0,0,Chloroflexota,77.84,MAG
BATS_SAMN07137072_METAG_DGLHFLDN,0,0,0,Archaea-Poseidoniia MGIIb,86.29,MAG
MALA_SAMN05422160_METAG_CGHMKKEK,0,0,0,Archaea-Poseidoniia MGIIb,82.61,MAG
MALA_SAMN05422160_METAG_LECNIGHP,0,0,0,Archaea-Poseidoniia MGIIb,81.68,MAG
BATS_SAMN07137118_METAG_KJGKHIEB,0,0,0,Alpha-Puniceispirilla,75.05,MAG
BATS_SAMN07137118_METAG_IBMKNODB,0,0,0,Bacteroidota,80.72,MAG
BATS_SAMN07137118_METAG_LEEHDELD,0,0,0,Gamma-SAR86,80.09,MAG
BATS_SAMN07137118_METAG_KHCEHCOF,0,0,0,Gamma-SAR86,76.74,MAG
BGEO_SAMN07136635_METAG_JIGNDDID,0,0,0,Marinisomatota,88.09,MAG
BGEO_SAMN07136635_METAG_POIOBJEL,0,0,0,Alpha-Rhodobacter-LowGC,88.9,MAG
BGEO_SAMN07136635_METAG_HNMKEJEK,0,0,0,Actinobacteriota,78.85,MAG
MALA_SAMN05421707_METAG_HMPFHJGE,0,0,0,Archaea-Poseidoniia MGIIb,80.76,MAG
BGEO_SAMN07136635_METAG_LECPKGOI,0,0,0,Gamma-Other,81.05,MAG
BGEO_SAMN07136635_METAG_IENODLDK,0,0,0,Gamma-SAR86,75,MAG
MALA_SAMN05422136_METAG_DDAODAMM,0,0,0,Archaea-Poseidoniia MGIIb,85.91,MAG
MALA_SAMN05421699_METAG_JAPJIIFP,0,0,0,Archaea-Poseidoniia MGIIb,78.04,MAG
BGEO_SAMN07136591_METAG_JCGMDOGG,0,0,0,Bacteroidota,78.82,MAG
BGEO_SAMN07136591_METAG_LIKLHPEL,0,0,0,Alpha-Other,77.68,MAG
MALA_SAMN05421699_METAG_PGEEHGOF,0,0,0,Archaea-Poseidoniia MGIIb,85.27,MAG
HOTS_SAMN07137007_METAG_HKMOLLKG,0,0,0,Actinobacteriota,76.36,MAG
BGEO_SAMN07136698_METAG_IBPLOKGJ,0,0,0,Alpha-Rhodobacter,90.3,MAG
MALA_SAMN05422195_METAG_IOIBHIMP,0,0,0,Archaea-Poseidoniia MGIIb,85.34,MAG
MALA_SAMN05421706_METAG_IIJFLAKM,0,0,0,Archaea-Poseidoniia MGIIb,85.89,MAG
BGEO_SAMN07136726_METAG_MNIENFMJ,0,0,0,Actinobacteriota,86.9,MAG
MALA_SAMN05422166_METAG_JOODAKKP,0,0,0,Archaea-Poseidoniia MGIIb,85.8,MAG
MALA_SAMN05421660_METAG_CBMKKPMN,0,0,0,Archaea-Poseidoniia MGIIb,81.1,MAG
MALA_SAMN05422148_METAG_BBILGBBN,0,0,0,Archaea-Poseidoniia MGIIb,83.01,MAG
BGEO_SAMN07136788_METAG_IEOOLGKA,0,0,0,Actinobacteriota,75.42,MAG
BGEO_SAMN07136788_METAG_EBKAONJH,0,0,0,Marinisomatota,78.62,MAG
MALA_SAMN05422111_METAG_AHOIHKAA,0,0,0,Archaea-Poseidoniia MGIIb,84.62,MAG
BGEO_SAMN07136798_METAG_BCCHMNLG,0,0,0,Actinobacteriota,94.92,MAG
BGEO_SAMN07136798_METAG_OBGDPJMD,0,0,0,Marinisomatota,85.01,MAG
MALA_SAMN05421901_METAG_JEJANKDP,0,0,0,Archaea-Poseidoniia MGIIb,82,MAG
BGEO_SAMN07136509_METAG_IFEKDOKC,0,0,0,Bacteroidota,84.28,MAG
BGEO_SAMN07136509_METAG_KPKHFKKH,0,0,0,Dadabacteria,86.03,MAG
BGEO_SAMN07136509_METAG_MFAJGBID,0,0,0,Bacteroidota,75.53,MAG
BGEO_SAMN07136509_METAG_NJBHFFJN,0,0,0,Gamma-SAR86,79.52,MAG
BGEO_SAMN07136509_METAG_HBPEPHJF,0,0,0,Alpha-Other,75.89,MAG
BGEO_SAMN07136923_METAG_KOCHHOOL,0,0,0,Bacteroidota,91.16,MAG
BGEO_SAMN07136923_METAG_BPHFCDOE,0,0,0,Gamma-SAR86,76.1,MAG
MALA_SAMN05422107_METAG_APDJIHBC,0,0,0,Archaea-Poseidoniia MGIIb,82.43,MAG
HOTS_SAMN07137005_METAG_BFIAJLPG,0,0,0,Actinobacteriota,87.56,MAG
HOTS_SAMN07137011_METAG_EFBONAIN,0,0,0,Marinisomatota,91.46,MAG
HOTS_SAMN07137011_METAG_HHFEBILJ,0,0,0,Actinobacteriota,77.63,MAG
BGEO_SAMN07136898_METAG_BMJCIALK,0,0,0,Actinobacteriota,85.62,MAG
MALA_SAMN05422152_METAG_GOBLPBDI,0,0,0,Archaea-Poseidoniia MGIIb,84.36,MAG
MALA_SAMN05422163_METAG_MNCKGDKK,0,0,0,Archaea-Poseidoniia MGIIb,82.9,MAG
MALA_SAMN05422171_METAG_BJONFMMD,0,0,0,Archaea-Poseidoniia MGIIb,81.1,MAG
BGEO_SAMN07136512_METAG_DLOLLNKF,0,0,0,Gamma-Other,78.5,MAG
MALA_SAMN05422171_METAG_PAIAOFLN,0,0,0,Archaea-Poseidoniia MGIIb,88.5,MAG
MALA_SAMN05422192_METAG_HIMHNJJP,0,0,0,Archaea-Poseidoniia MGIIb,82.73,MAG
BGEO_SAMN07136512_METAG_MKIHHOBJ,0,0,0,Alpha-Other,78.78,MAG
MALA_SAMN05422192_METAG_FKOPPPMP,0,0,0,Archaea-Poseidoniia MGIIb,84.6,MAG
BGEO_SAMN07136512_METAG_JNDIEELA,0,0,0,Gamma-Other,76.43,MAG
HOTS_SAMN07137001_METAG_HKBKJKOP,0,0,0,Marinisomatota,82.76,MAG
BGEO_SAMN07136917_METAG_JKPBEGEH,0,0,0,Bacteroidota,76.34,MAG
MALA_SAMN05421703_METAG_JBDFNILJ,0,0,0,Archaea-Poseidoniia MGIIb,83.76,MAG
MALA_SAMN05422128_METAG_BONBPMBC,0,0,0,Archaea-Poseidoniia MGIIb,79.97,MAG
TARA_SAMN05326650_METAG_MED00075,0,0,0,Archaea-Poseidoniia MGIIb,80.58,MAG
TARA_SAMN05326650_METAG_MED00080,0,0,0,Archaea-Poseidoniia MGIIb,80.6,MAG
TARA_SAMN05326645_METAG_PSE00061,0,0,0,Archaea-Poseidoniia MGIIb,78.61,MAG
BGEO_SAMN07136924_METAG_HMOHCNFA,0,0,0,Bacteroidota,91.34,MAG
TARA_SAMN05326646_METAG_PSW00073,0,0,0,Archaea-Poseidoniia MGIIb,75.48,MAG
TARA_SAMN05326643_METAG_ASW00013,0,0,0,Archaea-Poseidoniia MGIIb,76.72,MAG
BGEO_SAMN07136540_METAG_LFBJACMN,0,0,0,Chloroflexota,84.82,MAG
BGEO_SAMN07136540_METAG_KGPLKDJO,0,0,0,Actinobacteriota,75.04,MAG
TARA_SAMN05326647_METAG_ION00033,0,0,0,Archaea-Poseidoniia MGIIb,81.45,MAG
BGEO_SAMN07136715_METAG_GFAMJHFB,0,0,0,Actinobacteriota,80.43,MAG
BGEO_SAMN07136521_METAG_GGKGJAFI,0,0,0,Chloroflexota,92.82,MAG
BGEO_SAMN07136521_METAG_GBKHBAMI,0,0,0,Chloroflexota,81.56,MAG
BGEO_SAMN07136521_METAG_GOLLJHHB,0,0,0,Chloroflexota,76.47,MAG
TARA_SAMN05326648_METAG_IOS00030,0,0,0,Archaea-Poseidoniia MGIIb,77.82,MAG
BGEO_SAMN07136956_METAG_PGOOMBJM,0,0,0,Marinisomatota,89.2,MAG
BGEO_SAMN07136956_METAG_LMAGDNPP,0,0,0,Gamma-SAR86,77.07,MAG
BATS_SAMN07137084_METAG_GGABDFMM,0,0,0,Chloroflexota,88.84,MAG
TARA_SAMN05326641_METAG_ANW00033,0,0,0,Archaea-Poseidoniia MGIIb,77.84,MAG
BATS_SAMN07137084_METAG_OHEDIJJF,0,0,0,Actinobacteriota,76.64,MAG
TARA_SAMN05326641_METAG_ANW00046,0,0,0,Archaea-Poseidoniia MGIIb,75.24,MAG
HOTS_SAMN07137041_METAG_KMNDIOCO,0,0,0,Actinobacteriota,79.14,MAG
BATS_SAMN07137121_METAG_OHKEOHLN,0,0,0,Alpha-Other,88.65,MAG
BGEO_SAMN07136937_METAG_AEJNLMDD,0,0,0,Actinobacteriota,88.88,MAG
BGEO_SAMN07136937_METAG_CANPFFPP,0,0,0,Alpha-Other,84.04,MAG
BGEO_SAMN07136937_METAG_NMJHPMLB,0,0,0,Bacteroidota,82.66,MAG
BGEO_SAMN07136937_METAG_AIDEGGKO,0,0,0,Alpha-Rhodobacter-LowGC,86.18,MAG
BGEO_SAMN07136937_METAG_EIOGFMIL,0,0,0,Gamma-Other,78.9,MAG
BGEO_SAMN07136937_METAG_KMMLPLHG,0,0,0,Verrucomicrobiota,79.51,MAG
BGEO_SAMN07136937_METAG_OMGGLKNK,0,0,0,Alpha-Rhodobacter-LowGC,76.33,MAG
BGEO_SAMN07136937_METAG_CBDGJEPE,0,0,0,Alpha-Other,76.8,MAG
BGEO_SAMN07136937_METAG_IJOAKILO,0,0,0,Gamma-SAR86,81.92,MAG
BGEO_SAMN07136632_METAG_NFMHCEGN,0,0,0,Marinisomatota,89.68,MAG
BGEO_SAMN07136632_METAG_JBIKDHJH,0,0,0,Alpha-Rhodobacter-LowGC,83.32,MAG
BGEO_SAMN07136632_METAG_BOEFKGNA,0,0,0,Alpha-Other,76.38,MAG
BGEO_SAMN07136632_METAG_ENHPNOPI,0,0,0,Actinobacteriota,79.35,MAG
BGEO_SAMN07136683_METAG_JFNFMJGA,0,0,0,Gamma-SAR86,77.1,MAG
HOTS_SAMN07137026_METAG_FMIICCNJ,0,0,0,Chloroflexota,92.98,MAG
HOTS_SAMN07137026_METAG_DAAHNEFN,0,0,0,Actinobacteriota,87.71,MAG
HOTS_SAMN07137026_METAG_CICKEPAL,0,0,0,Alpha-Other,81.44,MAG
HOTS_SAMN07137026_METAG_EGKOIIDG,0,0,0,Actinobacteriota,81.78,MAG
BGEO_SAMN07136664_METAG_OOKGIIID,0,0,0,Marinisomatota,87.65,MAG
BATS_SAMN07137074_METAG_OFNLGJME,0,0,0,Alpha-Other,77.88,MAG
BATS_SAMN07137074_METAG_IMGDKPKL,0,0,0,Gamma-SAR86,79.57,MAG
BGEO_SAMN07136492_METAG_MEEGAIAC,0,0,0,Alpha-Other,86.78,MAG
BGEO_SAMN07136492_METAG_EPDPDGPD,0,0,0,Verrucomicrobiota,82.77,MAG
BGEO_SAMN07136492_METAG_MPAAMFAL,0,0,0,Alpha-Rhodobacter-LowGC,85.01,MAG
GORG_SAMEA6075580_SAGS_AG404P22,0,0,0,Archaea-Poseidoniia MGIIb,80.92,SAG
BGEO_SAMN07136721_METAG_HAFGCIKA,0,0,0,Cyano-Pro,83.17,MAG
BGEO_SAMN07136949_METAG_PPLEMAMP,0,0,0,Bacteroidota,90.44,MAG
BGEO_SAMN07136949_METAG_NNGEKHCA,0,0,0,Bacteroidota,78.94,MAG
BGEO_SAMN07136909_METAG_HDLDPLDG,0,0,0,Marinisomatota,86.28,MAG
BGEO_SAMN07136961_METAG_JLNMBDMM,0,0,0,Gamma-Other,83.84,MAG
BGEO_SAMN07136961_METAG_MADCCAJI,0,0,0,Alpha-Rhodobacter-LowGC,86.63,MAG
BGEO_SAMN07136961_METAG_HONCGIHP,0,0,0,Actinobacteriota,81.82,MAG
BGEO_SAMN07136961_METAG_DPLCEFJG,0,0,0,Alpha-Rhodobacter-LowGC,85.38,MAG
BGEO_SAMN07136961_METAG_KEECFBOD,0,0,0,Bacteroidota,82.33,MAG
BGEO_SAMN07136961_METAG_AOFPGMOC,0,0,0,Marinisomatota,75.78,MAG
BGEO_SAMN07136961_METAG_GFOMOJPC,0,0,0,Gamma-SAR86,81.03,MAG
BGEO_SAMN07136961_METAG_AMHNDIAG,0,0,0,Gamma-SAR86,80.45,MAG
GORG_SAMEA6067870_SAGS_AH287M04,0,0,0,Archaea-Poseidoniia MGIIb,82.61,SAG
BGEO_SAMN07136809_METAG_HPLJPOOI,0,0,0,Cyano-Pro,81.17,MAG
HOTS_SAMN07137038_METAG_KDHJEFCD,0,0,0,Actinobacteriota,78.26,MAG
BGEO_SAMN07136959_METAG_ABOHCEGG,0,0,0,Bacteroidota,85.1,MAG
BGEO_SAMN07136959_METAG_IHMPHHMA,0,0,0,Alpha-Rhodobacter,85,MAG
BGEO_SAMN07136959_METAG_NFPMHJHP,0,0,0,Marinisomatota,85.74,MAG
BGEO_SAMN07136959_METAG_AFNNLBAE,0,0,0,Bacteroidota,80.88,MAG
BGEO_SAMN07136959_METAG_AFJIGDGA,0,0,0,Gamma-SAR86,76.39,MAG
BATS_SAMN07137099_METAG_FAEABNAM,0,0,0,Chloroflexota,78.65,MAG
HOTS_SAMN07137049_METAG_AHONHLOD,0,0,0,Actinobacteriota,78.69,MAG
BGEO_SAMN07136761_METAG_FHNEBLAF,0,0,0,Verrucomicrobiota,97.9,MAG
BGEO_SAMN07136920_METAG_GIEKKFCG,0,0,0,Alpha-Other,88.82,MAG
BGEO_SAMN07136920_METAG_FENHMAJJ,0,0,0,Actinobacteriota,81.75,MAG
BGEO_SAMN07136920_METAG_FHMJCIFA,0,0,0,Actinobacteriota,78.6,MAG
BGEO_SAMN07136920_METAG_GCOKIIPK,0,0,0,Gamma-Other,77.45,MAG
GORG_SAMEA6068161_SAGS_AH321B02,0,0,0,Archaea-Poseidoniia MGIIb,79.24,SAG
BGEO_SAMN07136679_METAG_IKEMGPEC,0,0,0,Marinisomatota,86.65,MAG
TARA_SAMEA2621003_METAG_DOKLABEL,0,0,0,Archaea-Other,75.87,MAG
BGEO_SAMN07136752_METAG_JMAKPKOO,0,0,0,Cyano-Pro,83.07,MAG
BGEO_SAMN07136487_METAG_DHKAAOKF,0,0,0,Actinobacteriota,91.44,MAG
BGEO_SAMN07136487_METAG_JGJCOPMN,0,0,0,Gamma-Other,87.69,MAG
BGEO_SAMN07136487_METAG_IOBPBLHK,0,0,0,Gamma-Other,76.25,MAG
BGEO_SAMN07136487_METAG_NHBCDOED,0,0,0,Actinobacteriota,77.62,MAG
BGEO_SAMN07136634_METAG_NGDLHEAD,0,0,0,Marinisomatota,91.67,MAG
BGEO_SAMN07136634_METAG_IDLJJLDG,0,0,0,Actinobacteriota,81.78,MAG
BGEO_SAMN07136634_METAG_MJFONGBK,0,0,0,Actinobacteriota,76.6,MAG
BGEO_SAMN07136634_METAG_IHNBHJED,0,0,0,Alpha-Rhodobacter-LowGC,75.01,MAG
HOTS_SAMN07137014_METAG_ACHGPCPA,0,0,0,Marinisomatota,81.82,MAG
BATS_SAMN07137112_METAG_CCOLLNJF,0,0,0,Gamma-SAR86,76.38,MAG
BGEO_SAMN07136957_METAG_FIBKHEFM,0,0,0,Marinisomatota,85.48,MAG
BGEO_SAMN07136957_METAG_FAMEHIMH,0,0,0,Gamma-SAR86,75.88,MAG
HOTS_SAMN07137002_METAG_LALIKLIP,0,0,0,Marinisomatota,90.93,MAG
BGEO_SAMN07136507_METAG_EJPJJOIH,0,0,0,Alpha-Rhodobacter,75.44,MAG
BATS_SAMN07137120_METAG_ENNBOEPB,0,0,0,Actinobacteriota,84.35,MAG
BATS_SAMN07137120_METAG_PCGKLBKH,0,0,0,Alpha-Other,77.28,MAG
BATS_SAMN07137120_METAG_NGPGAKPO,0,0,0,Marinisomatota,75.96,MAG
BATS_SAMN07137120_METAG_AAGPIOJD,0,0,0,Actinobacteriota,82.41,MAG
BGEO_SAMN07136708_METAG_KCBDMGHA,0,0,0,Actinobacteriota,84.48,MAG
BGEO_SAMN07136708_METAG_NLOEKJNE,0,0,0,Gamma-Other,78.94,MAG
BGEO_SAMN07136708_METAG_CBPOOHNB,0,0,0,Gamma-Other,80.72,MAG
BGEO_SAMN07136708_METAG_AEHEJNJM,0,0,0,Gamma-Other,77.61,MAG
BGEO_SAMN07136922_METAG_PFHFMGCF,0,0,0,Bacteroidota,75.4,MAG
BGEO_SAMN07136922_METAG_IKLDPHFL,0,0,0,Gamma-SAR86,75.16,MAG
HOTS_SAMN07137044_METAG_PNMMLODO,0,0,0,Alpha-Other,83.96,MAG
HOTS_SAMN07137044_METAG_CFCOGIFE,0,0,0,Actinobacteriota,86.06,MAG
HOTS_SAMN07137044_METAG_EGJPDDHL,0,0,0,Marinisomatota,80.59,MAG
BGEO_SAMN07136816_METAG_EDGAGKEK,0,0,0,Cyano-Pro,76.71,MAG
BGEO_SAMN07136936_METAG_AHGKOMLC,0,0,0,Gamma-Other,82.85,MAG
BGEO_SAMN07136936_METAG_GINKHIGG,0,0,0,Actinobacteriota,77.84,MAG
BGEO_SAMN07136936_METAG_JJGBOFCP,0,0,0,Alpha-Other,77.82,MAG
BGEO_SAMN07136936_METAG_GBBCEIAC,0,0,0,Gamma-SAR86,82.26,MAG
TARA_SAMEA2622823_METAG_EJADAKJF,0,0,0,Archaea-Other,85.26,MAG
TARA_SAMEA2622823_METAG_JDKJMEKE,0,0,0,Archaea-Poseidoniia MGIIb,82.22,MAG
BGEO_SAMN07136755_METAG_DAFJIDNO,0,0,0,Marinisomatota,78.88,MAG
BGEO_SAMN07136755_METAG_KLDMFDJI,0,0,0,Marinisomatota,76,MAG
TARA_SAMEA2621277_METAG_PLEPKJPC,0,0,0,Archaea-Poseidoniia MGIIb,75.84,MAG
BGEO_SAMN07136770_METAG_DCPFIEEH,0,0,0,Actinobacteriota,76.14,MAG
HOTS_SAMN07137050_METAG_LMIGONLI,0,0,0,Planctomycetota,77.97,MAG
HOTS_SAMN07137050_METAG_DGKAELOI,0,0,0,Marinisomatota,81.37,MAG
BGEO_SAMN07136945_METAG_NJJPPKLJ,0,0,0,Gamma-Other,75.92,MAG
BATS_SAMN07137108_METAG_ODGGCLKA,0,0,0,Chloroflexota,87.84,MAG
BATS_SAMN07137104_METAG_OGPJPDLN,0,0,0,Actinobacteriota,88.86,MAG
TARA_SAMEA2620035_METAG_KGPJDDAC,0,0,0,Archaea-Other,82.98,MAG
TARA_SAMEA2620035_METAG_PPGIEMMC,0,0,0,Archaea-Other,77.35,MAG
BATS_SAMN07137070_METAG_BLPGIOAK,0,0,0,Actinobacteriota,93.97,MAG
BATS_SAMN07137070_METAG_IHHCNMND,0,0,0,Alpha-Other,85.1,MAG
BGEO_SAMN07136547_METAG_KLFOJBFL,0,0,0,Actinobacteriota,76.28,MAG
TARA_SAMEA2619857_METAG_JOOPAHBI,0,0,0,Archaea-Other,81.21,MAG
BGEO_SAMN07136818_METAG_EFJFFOGO,0,0,0,Dadabacteria,80.84,MAG
HOTS_SAMN07137028_METAG_MGJLKBKK,0,0,0,Actinobacteriota,75.27,MAG
HOTS_SAMN07137004_METAG_JFFOBBHE,0,0,0,Gamma-SAR86,76.73,MAG
HOTS_SAMN07137004_METAG_LFOFDMEN,0,0,0,Actinobacteriota,75.87,MAG
HOTS_SAMN07137004_METAG_EBFFDMHC,0,0,0,Gamma-SAR86,76.26,MAG
BGEO_SAMN07136944_METAG_MKPNLCJJ,0,0,0,Gamma-Other,75.58,MAG
BGEO_SAMN07136944_METAG_MOPDKJOM,0,0,0,Gamma-SAR86,77.51,MAG
BGEO_SAMN07136549_METAG_OJHCOCHK,0,0,0,Actinobacteriota,95.77,MAG
BGEO_SAMN07136549_METAG_JJJDMCJF,0,0,0,Gemmatimonadota,77.97,MAG
BATS_SAMN07137090_METAG_CKHLPNPA,0,0,0,Actinobacteriota,86.76,MAG
BATS_SAMN07137090_METAG_IBJEELNE,0,0,0,Actinobacteriota,79.28,MAG
BGEO_SAMN07136935_METAG_DPANMEBP,0,0,0,Gamma-SAR86,78.22,MAG
BGEO_SAMN07136686_METAG_OCLDLMAM,0,0,0,Alpha-Other,81.3,MAG
BGEO_SAMN07136900_METAG_MBBCJBME,0,0,0,Actinobacteriota,94.7,MAG
BGEO_SAMN07136900_METAG_MNGEAJFA,0,0,0,Marinisomatota,91.1,MAG
BGEO_SAMN07136900_METAG_CGADHMEK,0,0,0,Marinisomatota,91.27,MAG
BATS_SAMN07137071_METAG_NHDEKCKD,0,0,0,Actinobacteriota,90.26,MAG
BATS_SAMN07137071_METAG_JJLIDMBB,0,0,0,Alpha-Other,81.86,MAG
BATS_SAMN08390924_METAG_IFALCGFJ,0,0,0,Alpha-Rhodobacter,87.6,MAG
BGEO_SAMN07136484_METAG_OLIAEMPN,0,0,0,Marinisomatota,76.19,MAG
BGEO_SAMN07136484_METAG_GKDMJPHI,0,0,0,Actinobacteriota,78.63,MAG
BGEO_SAMN07136601_METAG_CKBPJEDO,0,0,0,Chloroflexota,81.1,MAG
TARA_SAMEA2623673_METAG_KLJKLHKJ,0,0,0,Archaea-Poseidoniia MGIIa,82.13,MAG
TARA_SAMEA2622149_METAG_PCFLMEFL,0,0,0,Archaea-Poseidoniia MGIIa,82.98,MAG
BATS_SAMN07137096_METAG_GOOOMDDD,0,0,0,Chloroflexota,85.96,MAG
BATS_SAMN07137110_METAG_BBJMEJCO,0,0,0,Actinobacteriota,87.73,MAG
BATS_SAMN07137110_METAG_CPHMGCEI,0,0,0,Alpha-Other,76.73,MAG
BGEO_SAMN07136516_METAG_CKMOIMIM,0,0,0,Chloroflexota,96.24,MAG
BGEO_SAMN07136516_METAG_BKLEJHFN,0,0,0,Planctomycetota,78.08,MAG
BGEO_SAMN07136516_METAG_BNBKOHOM,0,0,0,Marinisomatota,76.06,MAG
BGEO_SAMN07136516_METAG_CCJJNHEM,0,0,0,Chloroflexota,78.5,MAG
BATS_SAMN07137117_METAG_DJAMMILK,0,0,0,Chloroflexota,93.85,MAG
BATS_SAMN07137117_METAG_HIBALACO,0,0,0,Chloroflexota,88.48,MAG
BGEO_SAMN07136887_METAG_KAJBFLIP,0,0,0,Marinisomatota,86.85,MAG
HOTS_SAMN07137036_METAG_JLPOBBPM,0,0,0,Actinobacteriota,75.66,MAG
TARA_SAMEA2623155_METAG_EALKGADD,0,0,0,Archaea-Poseidoniia MGIIb,78.33,MAG
HOTS_SAMN07137003_METAG_HAPDBBPI,0,0,0,Actinobacteriota,83.48,MAG
BGEO_SAMN07136950_METAG_KBNNKMDE,0,0,0,Bacteroidota,86.94,MAG
BGEO_SAMN07136950_METAG_IDALABDM,0,0,0,Gamma-Other,75.52,MAG
BATS_SAMN07137083_METAG_AJFMLBHD,0,0,0,Actinobacteriota,77.85,MAG
BATS_SAMN07137113_METAG_CLBDPHMP,0,0,0,Actinobacteriota,78.73,MAG
TARA_SAMEA2620672_METAG_JHIEAKGN,0,0,0,Archaea-Poseidoniia MGIIb,76.08,MAG
BGEO_SAMN07136609_METAG_LCFBOJCA,0,0,0,Alpha-Other,82.34,MAG
BGEO_SAMN07136946_METAG_DPMFEIDE,0,0,0,Bacteroidota,77.89,MAG
BGEO_SAMN07136946_METAG_JJKFINLC,0,0,0,Gamma-Other,81.4,MAG
HOTS_SAMN07137023_METAG_HHFIICBC,0,0,0,Chloroflexota,91.43,MAG
HOTS_SAMN07137023_METAG_GAJJBKEA,0,0,0,Actinobacteriota,87.04,MAG
HOTS_SAMN07137023_METAG_MAMJLLKA,0,0,0,Actinobacteriota,90.07,MAG
HOTS_SAMN07137023_METAG_OFJCEKMF,0,0,0,Actinobacteriota,79.07,MAG
BGEO_SAMN07136661_METAG_GHNBPOAO,0,0,0,Gamma-SAR86,77.68,MAG
BGEO_SAMN07136590_METAG_OPFIEIKI,0,0,0,Marinisomatota,84.69,MAG
BGEO_SAMN07136590_METAG_CPPMPEMD,0,0,0,Marinisomatota,81.58,MAG
BGEO_SAMN07136585_METAG_ILNDKNCD,0,0,0,Chloroflexota,78.88,MAG
BGEO_SAMN07136572_METAG_LNDELIJF,0,0,0,Actinobacteriota,79.53,MAG
BGEO_SAMN07136537_METAG_FOACPPDI,0,0,0,Marinisomatota,82.72,MAG
HOTS_SAMN07137027_METAG_FFHNPJCI,0,0,0,Chloroflexota,79.1,MAG
HOTS_SAMN07137027_METAG_DEDOLPFG,0,0,0,Chloroflexota,76.41,MAG
TARA_SAMEA2623390_METAG_HLPNNAIL,0,0,0,Archaea-Other,78.74,MAG
BGEO_SAMN07136485_METAG_JLEANPLH,0,0,0,Alpha-Other,88.34,MAG
BGEO_SAMN07136485_METAG_BDJKAJBB,0,0,0,Gamma-Other,87.99,MAG
BGEO_SAMN07136485_METAG_AMMCFPAF,0,0,0,Gamma-Other,86.93,MAG
BGEO_SAMN07136485_METAG_LFJGAMIH,0,0,0,Marinisomatota,82.38,MAG
BGEO_SAMN07136485_METAG_CDFHGAFL,0,0,0,Alpha-Rhodobacter-LowGC,83.03,MAG
BGEO_SAMN07136485_METAG_FFGCINEC,0,0,0,Gamma-SAR92,77.82,MAG
BGEO_SAMN07136583_METAG_DCMIMLAI,0,0,0,Alpha-Other,84.35,MAG
BGEO_SAMN07136583_METAG_ANHLJBJC,0,0,0,Bacteroidota,79.06,MAG
BGEO_SAMN07136583_METAG_MNGGNNHD,0,0,0,Marinisomatota,75.44,MAG
BGEO_SAMN07136583_METAG_KCMJIEDK,0,0,0,Gamma-SAR86,78.32,MAG
BGEO_SAMN07136583_METAG_BNMPPEBH,0,0,0,Gamma-SAR86,79.74,MAG
BGEO_SAMN07136663_METAG_GIMOKDFP,0,0,0,Alpha-Other,93.68,MAG
BGEO_SAMN07136663_METAG_FFBGAMKH,0,0,0,Gamma-SAR86,78.04,MAG
BGEO_SAMN07136890_METAG_EMCKCMAC,0,0,0,Actinobacteriota,75.78,MAG
BGEO_SAMN07136581_METAG_FEGOGAIH,0,0,0,Marinisomatota,82.92,MAG
BGEO_SAMN07136581_METAG_OJJBIEGE,0,0,0,Gamma-Other,84.94,MAG
BGEO_SAMN07136948_METAG_CMDHHOIB,0,0,0,Bacteroidota,84.36,MAG
BGEO_SAMN07136948_METAG_EHANJMOB,0,0,0,Gamma-Other,83.04,MAG
TARA_SAMEA2619970_METAG_BOCBKFNO,0,0,0,Archaea-Other,87.12,MAG
BGEO_SAMN07136538_METAG_JODMCEGJ,0,0,0,Actinobacteriota,82.86,MAG
BATS_SAMN07137109_METAG_MKBELGFD,0,0,0,Bacteroidota,76.82,MAG
BATS_SAMN07137109_METAG_BNGANIGG,0,0,0,Gamma-SAR86,75.05,MAG
BGEO_SAMN07136792_METAG_IJLDBBCL,0,0,0,Cyano-Pro,89.56,MAG
BGEO_SAMN07136960_METAG_DNBNIKPE,0,0,0,Marinisomatota,86.12,MAG
BGEO_SAMN07136960_METAG_JKHKEMIB,0,0,0,Bacteroidota,77.68,MAG
BGEO_SAMN07136960_METAG_CGNNLGDJ,0,0,0,Gamma-SAR86,80.78,MAG
BGEO_SAMN07136548_METAG_OHHICHJC,0,0,0,Actinobacteriota,88.26,MAG
HOTS_SAMN07137033_METAG_DPCGACKC,0,0,0,Actinobacteriota,81.35,MAG
BGEO_SAMN07136932_METAG_FOHMMOGE,0,0,0,Actinobacteriota,77.22,MAG
BGEO_SAMN07136651_METAG_OHELDAKD,0,0,0,Marinisomatota,77.59,MAG
BGEO_SAMN07136716_METAG_NAEABDFI,0,0,0,Actinobacteriota,81.98,MAG
BGEO_SAMN07136797_METAG_CBALAIJJ,0,0,0,Chloroflexota,75.71,MAG
BGEO_SAMN07136496_METAG_ONBPPOJM,0,0,0,Verrucomicrobiota,94.84,MAG
BGEO_SAMN07136496_METAG_KNFCOMML,0,0,0,Gamma-SAR92,82.16,MAG
BGEO_SAMN07136496_METAG_CLOKMFDH,0,0,0,Gamma-SAR86,81.3,MAG
BGEO_SAMN07136496_METAG_MANICBHN,0,0,0,Gamma-Other,75.86,MAG
BGEO_SAMN07136622_METAG_DHONDNMK,0,0,0,Verrucomicrobiota,75.18,MAG
BGEO_SAMN07136622_METAG_CDNDOGHC,0,0,0,Marinisomatota,81.82,MAG
BGEO_SAMN07136622_METAG_AGIDKMLA,0,0,0,Alpha-Other,80.41,MAG
BGEO_SAMN07136622_METAG_IDNGFHGP,0,0,0,Gamma-SAR86,76.54,MAG
BATS_SAMN07137122_METAG_OPPNLALK,0,0,0,Alpha-Other,88.4,MAG
BGEO_SAMN07136958_METAG_OLPDHCNA,0,0,0,Bacteroidota,85.22,MAG
BGEO_SAMN07136958_METAG_LMOPKJMH,0,0,0,Gamma-SAR86,76.02,MAG
BGEO_SAMN07136588_METAG_KKCKALJB,0,0,0,Chloroflexota,91.29,MAG
BGEO_SAMN07136486_METAG_FMEENCJB,0,0,0,Gamma-Other,91.48,MAG
BGEO_SAMN07136486_METAG_OCKAJNIB,0,0,0,Alpha-Other,87.38,MAG
BGEO_SAMN07136486_METAG_FCNNBFOO,0,0,0,Gamma-Other,80.5,MAG
BGEO_SAMN07136486_METAG_GMKGJLHL,0,0,0,Bacteroidota,86.36,MAG
BGEO_SAMN07136599_METAG_AHDPCIIG,0,0,0,Alpha-Other,76.34,MAG
TARA_SAMEA2623756_METAG_FNMIDCFH,0,0,0,Archaea-Other,75.72,MAG
TARA_SAMEA2623295_METAG_BCNOOHMN,0,0,0,Archaea-Other,85.18,MAG
BGEO_SAMN07136575_METAG_PEKHIBNA,0,0,0,Marinisomatota,88.48,MAG
BGEO_SAMN07136575_METAG_IBNOAIMH,0,0,0,Marinisomatota,86.26,MAG
TARA_SAMEA2623295_METAG_IDDBAMMM,0,0,0,Archaea-Other,83.48,MAG
BGEO_SAMN07136825_METAG_CHNHFJJO,0,0,0,Marinisomatota,98.2,MAG
BGEO_SAMN07136825_METAG_CAEPNPGE,0,0,0,Actinobacteriota,94.27,MAG
BGEO_SAMN07136825_METAG_FEDEDMJB,0,0,0,Marinisomatota,89.82,MAG
BGEO_SAMN07136825_METAG_IPNDKELP,0,0,0,Gamma-Other,83.33,MAG
BGEO_SAMN07136559_METAG_MECDDJHO,0,0,0,Gemmatimonadota,81.67,MAG
BGEO_SAMN07136559_METAG_IAMCJLDG,0,0,0,Marinisomatota,79.82,MAG
BGEO_SAMN07136559_METAG_KJMDBDOO,0,0,0,Marinisomatota,75.13,MAG
HOTS_SAMN07137006_METAG_LLNKAAHB,0,0,0,Actinobacteriota,90.14,MAG
HOTS_SAMN07137006_METAG_GAGJMPHD,0,0,0,Chloroflexota,80.84,MAG
TARA_SAMEA2622499_METAG_CEFILPOA,0,0,0,Archaea-Other,75.96,MAG
BGEO_SAMN07136691_METAG_IHPDOHPD,0,0,0,Gamma-Other,80.04,MAG
BGEO_SAMN07136691_METAG_DFGHEGEN,0,0,0,Gamma-Other,75.12,MAG
BGEO_SAMN07136495_METAG_FBNCNBJH,0,0,0,Gamma-SAR86,78.8,MAG
BATS_SAMN07137115_METAG_FKCHANMI,0,0,0,Alpha-Rhodobacter-LowGC,79,MAG
BATS_SAMN07137115_METAG_KMAACGBJ,0,0,0,Bacteroidota,75.78,MAG
BATS_SAMN07137115_METAG_OEHDFGFM,0,0,0,Gamma-SAR86,81.22,MAG
BATS_SAMN07137115_METAG_KBKIMBEG,0,0,0,Gamma-SAR86,75.72,MAG
BATS_SAMN07137092_METAG_KBGJALEJ,0,0,0,Verrucomicrobiota,98.26,MAG
BATS_SAMN07137092_METAG_MLACAOKI,0,0,0,Bacteroidota,89.61,MAG
BATS_SAMN07137092_METAG_LFPPLGME,0,0,0,Verrucomicrobiota,75.89,MAG
BGEO_SAMN07136569_METAG_AJGEIFJK,0,0,0,Marinisomatota,78.96,MAG
BGEO_SAMN07136940_METAG_IFDOMMII,0,0,0,Bacteroidota,86.78,MAG
BGEO_SAMN07136940_METAG_EINMGEGB,0,0,0,Actinobacteriota,77.85,MAG
BGEO_SAMN07136688_METAG_OPKBKGIA,0,0,0,Gamma-Other,82.28,MAG
BGEO_SAMN07136688_METAG_CGFHFJEM,0,0,0,Gamma-Other,77.98,MAG
BGEO_SAMN07136688_METAG_NGPNAMCD,0,0,0,Gamma-SAR86,81.61,MAG
BGEO_SAMN07136508_METAG_IKAEBNMO,0,0,0,Gamma-SAR86,79.08,MAG
HOTS_SAMN07137030_METAG_EPOOKGOP,0,0,0,Chloroflexota,80.82,MAG
HOTS_SAMN07137030_METAG_LBGEAMHH,0,0,0,Actinobacteriota,86.79,MAG
BGEO_SAMN07136910_METAG_NHJCNKLP,0,0,0,Bacteroidota,82.8,MAG
BGEO_SAMN07136709_METAG_DHKNKGNI,0,0,0,Actinobacteriota,79.66,MAG
BGEO_SAMN07136709_METAG_EBPKKCCC,0,0,0,Gamma-Other,75.56,MAG
BATS_SAMN07137116_METAG_KLFKCPEA,0,0,0,Actinobacteriota,83.78,MAG
BATS_SAMN07137116_METAG_OMDFKJGI,0,0,0,Bacteroidota,80.66,MAG
BATS_SAMN07137116_METAG_LJBNJMEK,0,0,0,Bacteroidota,75.6,MAG
BATS_SAMN07137116_METAG_HLJBKOAC,0,0,0,Actinobacteriota,76.28,MAG
BATS_SAMN07137116_METAG_BOHODIJG,0,0,0,Gamma-SAR86,83.07,MAG
BGEO_SAMN07136919_METAG_MKAAMJKB,0,0,0,Actinobacteriota,80.25,MAG
BGEO_SAMN07136919_METAG_MKCIFFDL,0,0,0,Gamma-Other,81.3,MAG
BGEO_SAMN07136511_METAG_LGBFPBKJ,0,0,0,Alpha-Other,81.5,MAG
BGEO_SAMN07136511_METAG_BEIMJHAK,0,0,0,Dadabacteria,77.49,MAG
BGEO_SAMN07136532_METAG_OPALKCJL,0,0,0,Chloroflexota,83.57,MAG
BGEO_SAMN07136681_METAG_EMPJKMPE,0,0,0,Gamma-Other,92.1,MAG
BGEO_SAMN07136681_METAG_LNKEEDNE,0,0,0,Actinobacteriota,82.9,MAG
TARA_SAMEA2620097_METAG_EEFNMAHO,0,0,0,Archaea-Other,86.12,MAG
BGEO_SAMN07136600_METAG_BEIOKMEB,0,0,0,Actinobacteriota,77.91,MAG
HOTS_SAMN07137010_METAG_PLOKMHKF,0,0,0,Actinobacteriota,75.71,MAG
BGEO_SAMN07136552_METAG_FLAANCBC,0,0,0,Actinobacteriota,77.36,MAG
BGEO_SAMN07136489_METAG_PKJIJEOM,0,0,0,Marinisomatota,80.93,MAG
BGEO_SAMN07136555_METAG_NJLGNIJB,0,0,0,Marinisomatota,81.56,MAG
BGEO_SAMN07136751_METAG_CNICNMBJ,0,0,0,Cyano-Pro,79.69,MAG
BGEO_SAMN07136536_METAG_MDEPFBJJ,0,0,0,Marinisomatota,78.75,MAG
HOTS_SAMN07137017_METAG_GLNEONPL,0,0,0,Actinobacteriota,78.44,MAG
BGEO_SAMN07136881_METAG_ECLDJDOA,0,0,0,Actinobacteriota,79.72,MAG
BGEO_SAMN07136892_METAG_NMKCJNCC,0,0,0,Cyano-Pro,88.06,MAG
BGEO_SAMN07136913_METAG_FPLCEMJI,0,0,0,Bacteroidota,87.1,MAG
BGEO_SAMN07136913_METAG_BFEPKNEI,0,0,0,Bacteroidota,82.8,MAG
BATS_SAMN07137107_METAG_JEINGAKI,0,0,0,Marinisomatota,85.78,MAG
BATS_SAMN07137107_METAG_GMBLNFPL,0,0,0,Actinobacteriota,88.22,MAG
BGEO_SAMN07136682_METAG_KOCHKHCC,0,0,0,Gamma-Other,94.96,MAG
BGEO_SAMN07136682_METAG_NKCGBJCC,0,0,0,Verrucomicrobiota,88.26,MAG
BGEO_SAMN07136682_METAG_CAJADBGB,0,0,0,Marinisomatota,80.38,MAG
TARA_SAMEA4398094_METAG_BGGMIAGP,0,0,0,Archaea-Poseidoniia MGIIa,78.66,MAG
TARA_SAMEA4398150_METAG_PPAMGJAC,0,0,0,Archaea-Poseidoniia MGIIa,80.76,MAG
BGEO_SAMN07136574_METAG_ECHLGHMJ,0,0,0,Marinisomatota,82.09,MAG
BATS_SAMN07137088_METAG_FPPDLBLC,0,0,0,Gamma-SAR86,78.84,MAG
BATS_SAMN07137088_METAG_GJOHBOPJ,0,0,0,Gamma-SAR86,78,MAG
BATS_SAMN07137088_METAG_MJOOHEFJ,0,0,0,Bacteroidota,75.07,MAG
BATS_SAMN07137088_METAG_DMCMKNOK,0,0,0,Gamma-SAR86,80.02,MAG
BGEO_SAMN07136711_METAG_NFPJHHCA,0,0,0,Gamma-Other,92.27,MAG
BGEO_SAMN07136711_METAG_KCMJJFAO,0,0,0,Marinisomatota,82.92,MAG
BGEO_SAMN07136711_METAG_GGPCBDOH,0,0,0,Actinobacteriota,80.09,MAG
BGEO_SAMN07136711_METAG_NMFCHJPB,0,0,0,Gamma-Other,82.05,MAG
TARA_SAMEA4397355_METAG_NBMNGGNG,0,0,0,Archaea-Other,83.2,MAG
TARA_SAMEA4397730_METAG_HGJMDMPN,0,0,0,Archaea-Poseidoniia MGIIb,77.62,MAG
HOTS_SAMN07137020_METAG_PMMDPLOL,0,0,0,Alpha-Other,83.4,MAG
HOTS_SAMN07137020_METAG_HDNMFEKC,0,0,0,Actinobacteriota,86.3,MAG
HOTS_SAMN07137020_METAG_EFPFNBAI,0,0,0,Actinobacteriota,82.65,MAG
HOTS_SAMN07137020_METAG_LDMNBMCK,0,0,0,Actinobacteriota,77.26,MAG
BATS_SAMN07137069_METAG_NPIBKNEE,0,0,0,Chloroflexota,80.37,MAG
HOTS_SAMN07137059_METAG_PEHEJCOA,0,0,0,Verrucomicrobiota,95.4,MAG
HOTS_SAMN07137059_METAG_CAAGMKCE,0,0,0,Chloroflexota,90.26,MAG
HOTS_SAMN07137059_METAG_DNOCLMAP,0,0,0,Chloroflexota,93.72,MAG
BGEO_SAMN07136860_METAG_GJBEGOKI,0,0,0,Cyano-Pro,86.18,MAG
BATS_SAMN07137077_METAG_GMOHACNB,0,0,0,Actinobacteriota,90.13,MAG
BGEO_SAMN07136553_METAG_OPJHDJGN,0,0,0,Chloroflexota,91.29,MAG
BGEO_SAMN07136501_METAG_IHNDJIPN,0,0,0,Gamma-SAR86,84.26,MAG
BGEO_SAMN07136637_METAG_BIBIALJO,0,0,0,Marinisomatota,83.76,MAG
BGEO_SAMN07136637_METAG_OCMOFIBF,0,0,0,Alpha-Rhodobacter-LowGC,92.38,MAG
BGEO_SAMN07136637_METAG_IJIMNBGO,0,0,0,Alpha-Other,91.51,MAG
BGEO_SAMN07136637_METAG_PNJEJKEL,0,0,0,Actinobacteriota,84.56,MAG
BGEO_SAMN07136637_METAG_MHLJLJPF,0,0,0,Gamma-SAR86,75.59,MAG
BGEO_SAMN07136637_METAG_HEFBMBHM,0,0,0,Gamma-Other,76.19,MAG
BGEO_SAMN07136625_METAG_KDJFCFIN,0,0,0,Actinobacteriota,89.36,MAG
BGEO_SAMN07136625_METAG_NAJIPAEJ,0,0,0,Chloroflexota,76.04,MAG
BGEO_SAMN07136824_METAG_MAHGMJEN,0,0,0,Marinisomatota,88.01,MAG
BGEO_SAMN07136727_METAG_CLBEMACJ,0,0,0,Archaea-Other,80.44,MAG
BGEO_SAMN07136743_METAG_IJLGKODM,0,0,0,Actinobacteriota,75.85,MAG
BGEO_SAMN07136520_METAG_KIHMBBII,1,1,1,Verrucomicrobiota,96.9,MAG
BATS_SAMN07137098_METAG_EFAPGPKJ,0,0,0,Actinobacteriota,91.1,MAG
BATS_SAMN07137098_METAG_OMJMCNAH,0,0,0,Actinobacteriota,88.35,MAG
BATS_SAMN07137098_METAG_KGKGNECI,0,0,0,Alpha-Other,79.13,MAG
BATS_SAMN07137098_METAG_OJBLOMEM,0,0,0,Marinisomatota,83.2,MAG
BATS_SAMN07137098_METAG_LEHDILHI,0,0,0,Gamma-SAR86,77.83,MAG
BGEO_SAMN07136603_METAG_BAJCEDJG,0,0,0,Chloroflexota,80.32,MAG
HOTS_SAMN07137009_METAG_BEFEFOFJ,0,0,0,Actinobacteriota,84.4,MAG
HOTS_SAMN07137009_METAG_FCJLMFIK,0,0,0,Chloroflexota,79.91,MAG
HOTS_SAMN07137009_METAG_KEBAHNJC,0,0,0,Actinobacteriota,81.72,MAG
BATS_SAMN07137086_METAG_HNJEHGAI,0,0,0,Marinisomatota,94.92,MAG
BATS_SAMN07137086_METAG_GNBHKPNE,0,0,0,Actinobacteriota,91,MAG
BATS_SAMN07137086_METAG_MOCNKGHL,0,0,0,Actinobacteriota,87.86,MAG
BATS_SAMN07137086_METAG_DBIIEOJM,0,0,0,Actinobacteriota,76.8,MAG
BGEO_SAMN07136493_METAG_BHMEMFGD,0,0,0,Marinisomatota,86.38,MAG
BGEO_SAMN07136493_METAG_BGLPFNCA,0,0,0,Alpha-Rhodobacter-LowGC,90.31,MAG
BGEO_SAMN07136493_METAG_CIKIKOML,0,0,0,Gamma-Other,77.73,MAG
BGEO_SAMN07136493_METAG_PEBLIEMP,0,0,0,Actinobacteriota,76.14,MAG
BGEO_SAMN07136505_METAG_CKODNIJG,0,0,0,Archaea-Poseidoniia MGIIb,83.96,MAG
BGEO_SAMN07136775_METAG_PJCLKNDC,0,0,0,Archaea-Poseidoniia MGIIb,76.1,MAG
BGEO_SAMN07136491_METAG_MILFNBFN,0,0,0,Marinisomatota,75.66,MAG
BGEO_SAMN07136491_METAG_EHDMKAAN,0,0,0,Gamma-Other,76.12,MAG
BATS_SAMN07137105_METAG_EEFGILKD,0,0,0,Chloroflexota,86.13,MAG
BGEO_SAMN07136623_METAG_GENENANK,0,0,0,Verrucomicrobiota,76.84,MAG
BGEO_SAMN07136623_METAG_DBNBGCAG,0,0,0,Gamma-Other,75.59,MAG
BGEO_SAMN07136623_METAG_BHCINANH,0,0,0,Gamma-SAR86,79.08,MAG
BGEO_SAMN07136914_METAG_GBLCMNLL,0,0,0,Bacteroidota,79.26,MAG
BGEO_SAMN07136914_METAG_MGMMGABA,0,0,0,Bacteroidota,78.58,MAG
BGEO_SAMN07136556_METAG_LCIPAIJG,0,0,0,Actinobacteriota,91.71,MAG
BGEO_SAMN07136556_METAG_LMBIJLKA,0,0,0,Gamma-Other,75.34,MAG
BGEO_SAMN07136556_METAG_IAIJHEDG,0,0,0,Marinisomatota,79.24,MAG
BGEO_SAMN07136662_METAG_HDCEJKAO,0,0,0,Alpha-Other,88.22,MAG
BGEO_SAMN07136662_METAG_KLPGOHHE,0,0,0,Marinisomatota,75.12,MAG
BGEO_SAMN07136662_METAG_OBICLMLO,0,0,0,Actinobacteriota,78.02,MAG
BGEO_SAMN07136712_METAG_CAEKBGIO,0,0,0,Actinobacteriota,77.64,MAG
BGEO_SAMN07136528_METAG_OKPNFCMF,0,0,0,Chloroflexota,78.33,MAG
BGEO_SAMN07136528_METAG_DDGGMICJ,0,0,0,Actinobacteriota,77.22,MAG
BGEO_SAMN07136938_METAG_PEDPNHFB,0,0,0,Gamma-Other,78.12,MAG
BGEO_SAMN07136938_METAG_KELLCFLP,0,0,0,Gamma-SAR86,77.13,MAG
BGEO_SAMN07136938_METAG_PFNFCPBG,0,0,0,Gamma-SAR86,80.24,MAG
BGEO_SAMN07136938_METAG_HMIGOFDK,0,0,0,Alpha-Rhodobacter-LowGC,76.19,MAG
BGEO_SAMN07136613_METAG_LIIJIBPG,0,0,0,Actinobacteriota,77.28,MAG
BATS_SAMN07137076_METAG_LJNCHAMC,0,0,0,Alpha-Pelagibacter,75.69,MAG
BGEO_SAMN07136937_METAG_EKFJEPMC,0,0,0,Archaea-Poseidoniia MGIIa,75.38,MAG
BGEO_SAMN07136683_METAG_LABOBFKN,0,0,0,Archaea-Poseidoniia MGIIb,84.09,MAG
BGEO_SAMN07136539_METAG_DGADDLJM,0,0,0,Chloroflexota,88.72,MAG
BATS_SAMN07137085_METAG_JKJAACCA,0,0,0,Gamma-SAR86,84,MAG
BATS_SAMN07137085_METAG_ILCDCCGI,0,0,0,Marinisomatota,77.38,MAG
BATS_SAMN07137085_METAG_LOAJIEAD,0,0,0,Gamma-SAR86,78.53,MAG
BATS_SAMN07137085_METAG_FODJCNAI,0,0,0,Gamma-SAR86,77,MAG
BATS_SAMN07137085_METAG_FEEICCHN,0,0,0,Gamma-SAR86,76.1,MAG
BATS_SAMN07137085_METAG_NIGFOFIH,0,0,0,Gamma-SAR86,76.5,MAG
BGEO_SAMN07136949_METAG_LEICOCGJ,0,0,0,Archaea-Poseidoniia MGIIa,77.3,MAG
BGEO_SAMN07136535_METAG_GJJDEKFF,0,0,0,Marinisomatota,79.59,MAG
BGEO_SAMN07136636_METAG_ENFKOOKJ,0,0,0,Gamma-Other,79.92,MAG
BGEO_SAMN07136636_METAG_LMDMGPDF,0,0,0,Marinisomatota,79.2,MAG
BGEO_SAMN07136636_METAG_ICBELLOA,0,0,0,Alpha-Other,75.66,MAG
BGEO_SAMN07136636_METAG_HIFFFMLD,0,0,0,Alpha-Rhodobacter-LowGC,75.5,MAG
BGEO_SAMN07136638_METAG_CCCPGHEE,0,0,0,Verrucomicrobiota,90.06,MAG
BGEO_SAMN07136638_METAG_LFKOEJPC,0,0,0,Alpha-Other,83.92,MAG
BGEO_SAMN07136638_METAG_FCEJGPPB,0,0,0,Alpha-Other,79.34,MAG
BGEO_SAMN07136638_METAG_OBPDGCEP,0,0,0,Gamma-SAR86,78.72,MAG
BGEO_SAMN07136638_METAG_GEEMPNAG,0,0,0,Gamma-SAR86,78.82,MAG
BGEO_SAMN07136638_METAG_AIJNCJDL,0,0,0,Gamma-SAR86,79.03,MAG
BGEO_SAMN07136638_METAG_NGAAGDOB,0,0,0,Gamma-SAR86,76.56,MAG
BGEO_SAMN07136638_METAG_BAPCONDD,0,0,0,Gamma-SAR86,75.52,MAG
BATS_SAMN07137114_METAG_IAJLFLPG,0,0,0,Chloroflexota,93.22,MAG
BATS_SAMN07137114_METAG_IHJHNPFN,0,0,0,Chloroflexota,84.2,MAG
BATS_SAMN07137114_METAG_NAKKHEDN,0,0,0,Gemmatimonadota,83.26,MAG
BATS_SAMN07137114_METAG_OFECHDKK,0,0,0,Chloroflexota,75.21,MAG
BATS_SAMN07137114_METAG_HOHGBNDP,0,0,0,Chloroflexota,76.98,MAG
BATS_SAMN07137080_METAG_GGGCCEFE,0,0,0,Marinisomatota,82.56,MAG
BATS_SAMN07137080_METAG_KPNAPJCN,0,0,0,Alpha-Other,77.76,MAG
BATS_SAMN07137080_METAG_HGHEONPE,0,0,0,Alpha-Other,76.46,MAG
BATS_SAMN07137080_METAG_MMKIJFCG,0,0,0,Actinobacteriota,81.06,MAG
BATS_SAMN07137080_METAG_JCLACDHD,0,0,0,Gamma-SAR86,79.24,MAG
BGEO_SAMN07136586_METAG_OCNHIPIM,0,0,0,Actinobacteriota,82.01,MAG
BGEO_SAMN07136586_METAG_IGBEHAHI,0,0,0,Actinobacteriota,78.96,MAG
BGEO_SAMN07136633_METAG_NKFDIAPJ,0,0,0,Alpha-Other,78.51,MAG
BGEO_SAMN07136954_METAG_EALIDEHE,0,0,0,Marinisomatota,80.74,MAG
BGEO_SAMN07136525_METAG_OMDPOGEL,0,0,0,Chloroflexota,80.35,MAG
BGEO_SAMN07136541_METAG_KPGAPLIK,0,0,0,Marinisomatota,88.36,MAG
BGEO_SAMN07136541_METAG_LAICIDPP,0,0,0,Actinobacteriota,85.14,MAG
HOTS_SAMN08390923_METAG_NHIANDNC,0,0,0,Marinisomatota,87.91,MAG
HOTS_SAMN08390923_METAG_LIEIOMDM,0,0,0,Actinobacteriota,82.93,MAG
BGEO_SAMN07136502_METAG_NIPPCMPM,0,0,0,Gamma-SAR86,83.4,MAG
BGEO_SAMN07136502_METAG_KLPDNKII,0,0,0,Bacteroidota,81.74,MAG
HOTS_SAMN07137029_METAG_CIEEINOJ,0,0,0,Chloroflexota,86.49,MAG
HOTS_SAMN07137029_METAG_ENJOOJKG,0,0,0,Actinobacteriota,83.15,MAG
BGEO_SAMN07136627_METAG_JMFCKIMH,0,0,0,Bacteroidota,85.92,MAG
BGEO_SAMN07136627_METAG_NLLFBLEN,0,0,0,Alpha-Other,77.48,MAG
BGEO_SAMN07136627_METAG_PCANHOHK,0,0,0,Gamma-SAR86,78.17,MAG
BGEO_SAMN07136627_METAG_EJBILCEO,0,0,0,Marinisomatota,78.01,MAG
HOTS_SAMN07137042_METAG_NOCJAECO,0,0,0,Chloroflexota,85.47,MAG
HOTS_SAMN07137042_METAG_MPLCLKIB,0,0,0,Gemmatimonadota,81.26,MAG
HOTS_SAMN07137042_METAG_KPENGNCF,0,0,0,Actinobacteriota,82.37,MAG
BGEO_SAMN07136601_METAG_DHDKJPDL,0,0,0,Archaea-Poseidoniia MGIIb,75.82,MAG
BATS_SAMN07137103_METAG_JCMAPCJA,0,0,0,Gamma-SAR86,85.61,MAG
BATS_SAMN07137103_METAG_OOJALGJD,0,0,0,Gamma-SAR86,75.35,MAG
BATS_SAMN07137072_METAG_DFJNNDLE,0,0,0,Chloroflexota,93.24,MAG
BATS_SAMN07137072_METAG_HNDGHLMM,0,0,0,Marinisomatota,82.52,MAG
MALA_SAMN05422160_METAG_ONCLIOFC,0,0,0,Alpha-Pelagibacter,76.78,MAG
MALA_SAMN05422160_METAG_ENIBEFJF,0,0,0,Alpha-Pelagibacter,80.12,MAG
MALA_SAMN05422160_METAG_CFJDCHMG,0,0,0,Alpha-Other,88.3,MAG
MALA_SAMN05422160_METAG_NHNPJCEC,0,0,0,Alpha-Pelagibacter,89.52,MAG
MALA_SAMN05422160_METAG_FMPNMLMH,0,0,0,Gamma-SAR86,77.3,MAG
MALA_SAMN05422160_METAG_PIKPJNFK,0,0,0,Marinisomatota,82.39,MAG
MALA_SAMN05422160_METAG_HBLBBOBA,0,0,0,Gamma-Other,89.54,MAG
MALA_SAMN05422160_METAG_LPEDOLKK,0,0,0,Actinobacteriota,94.28,MAG
MALA_SAMN05422160_METAG_FKGKCHNM,0,0,0,Marinisomatota,92.8,MAG
MALA_SAMN05422160_METAG_NCJFDKCA,0,0,0,Gamma-Other,77.43,MAG
MALA_SAMN05422160_METAG_AFIMIFDC,0,0,0,Chloroflexota,79.54,MAG
MALA_SAMN05421707_METAG_IOLFEMLM,0,0,0,Marinisomatota,87.84,MAG
MALA_SAMN05421707_METAG_INCALAJI,0,0,0,Marinisomatota,77.17,MAG
MALA_SAMN05421707_METAG_PEGACGMA,0,0,0,Marinisomatota,93.47,MAG
MALA_SAMN05421707_METAG_DLPHLOCC,0,0,0,Marinisomatota,85.88,MAG
MALA_SAMN05421707_METAG_CCNJNPBC,0,0,0,Marinisomatota,82.3,MAG
MALA_SAMN05421707_METAG_MCBJCHFE,0,0,0,Alpha-Pelagibacter,83.78,MAG
MALA_SAMN05421707_METAG_KMGHKJGI,0,0,0,Alpha-Pelagibacter,85.8,MAG
MALA_SAMN05422194_METAG_MNDCOFGJ,0,0,0,Alpha-Pelagibacter,86.82,MAG
MALA_SAMN05422194_METAG_KCBEOOIE,0,0,0,Alpha-Other,80.93,MAG
MALA_SAMN05422194_METAG_FGINBBMG,0,0,0,Marinisomatota,77.84,MAG
MALA_SAMN05422194_METAG_PLKGLEKM,0,0,0,Marinisomatota,94.08,MAG
MALA_SAMN05422194_METAG_LMDNBJOG,0,0,0,Alpha-Pelagibacter,85.69,MAG
MALA_SAMN05422194_METAG_DKEMOGHG,0,0,0,Marinisomatota,80.46,MAG
MALA_SAMN05422194_METAG_KKDHJFJO,0,0,0,Marinisomatota,93.11,MAG
MALA_SAMN05422136_METAG_EJCEPPIJ,0,0,0,Alpha-Other,94.11,MAG
MALA_SAMN05422136_METAG_DIOPLGJI,0,0,0,Marinisomatota,78.78,MAG
MALA_SAMN05422136_METAG_IIPDOKLN,0,0,0,Gamma-SAR86,80.37,MAG
MALA_SAMN05422136_METAG_ENAHLCAF,0,0,0,Marinisomatota,92.58,MAG
MALA_SAMN05422136_METAG_OGIBLLIH,0,0,0,Marinisomatota,96,MAG
MALA_SAMN05422136_METAG_JFEMAIJD,0,0,0,Marinisomatota,97.65,MAG
MALA_SAMN05422136_METAG_EOFFENBB,0,0,0,Marinisomatota,88.36,MAG
MALA_SAMN05422136_METAG_KIEFPMLG,0,0,0,Alpha-Pelagibacter,88.32,MAG
MALA_SAMN05422226_METAG_FBOMIGIC,0,0,0,Alpha-Pelagibacter,92.36,MAG
MALA_SAMN05422226_METAG_HEBGJPPA,0,0,0,Alpha-Other,78.79,MAG
MALA_SAMN05422226_METAG_FJOEKLNE,0,0,0,Marinisomatota,91.46,MAG
MALA_SAMN05422226_METAG_BHBKOHHP,0,0,0,Marinisomatota,97.65,MAG
MALA_SAMN05422226_METAG_PBGBAJMI,0,0,0,Marinisomatota,79.02,MAG
MALA_SAMN05422226_METAG_AHNFNLBJ,0,0,0,Chloroflexota,88.82,MAG
MALA_SAMN05422226_METAG_AIBLHFFA,0,0,0,Gamma-Other,80.02,MAG
MALA_SAMN05422226_METAG_HKKPHHBM,0,0,0,Alpha-Pelagibacter,93.5,MAG
MALA_SAMN05422226_METAG_LFOGBKLO,1,1,1,Gamma-Alteromonas,90.64,MAG
MALA_SAMN05422226_METAG_MCBIJKAE,0,0,0,Gamma-SAR86,81.98,MAG
MALA_SAMN05422226_METAG_KCHCPABP,0,0,0,Marinisomatota,93.78,MAG
MALA_SAMN05421563_METAG_DKEOMCCA,0,0,0,Patescibacteria,77.72,MAG
MALA_SAMN05421563_METAG_DNBDCBHP,0,0,0,Marinisomatota,91.46,MAG
MALA_SAMN05421563_METAG_ACAPCABJ,0,0,0,Actinobacteriota,94.68,MAG
MALA_SAMN05421563_METAG_EEGCJIIH,0,0,0,Bacteroidota,85.44,MAG
MALA_SAMN05421563_METAG_PKJCOBAK,0,0,0,Marinisomatota,76.36,MAG
MALA_SAMN05421563_METAG_CFEKGAML,0,0,0,Marinisomatota,90.55,MAG
MALA_SAMN05421563_METAG_CBMHCHOE,0,0,0,Alpha-Rhodobacter,83.23,MAG
MALA_SAMN05421563_METAG_DJIMIDHM,0,0,0,Bacteroidota,86.05,MAG
MALA_SAMN05421563_METAG_PAKDOBCA,0,0,0,Marinisomatota,97.1,MAG
MALA_SAMN05421699_METAG_ANBCCJOD,0,0,0,Alpha-Pelagibacter,83.38,MAG
MALA_SAMN05421699_METAG_FMHAGMGE,0,0,0,Alpha-Pelagibacter,83.3,MAG
MALA_SAMN05421699_METAG_CKLFHOPC,0,0,0,Alpha-Pelagibacter,93.64,MAG
MALA_SAMN05421699_METAG_EKHFFGJM,0,0,0,Marinisomatota,85.18,MAG
MALA_SAMN05421699_METAG_ABPHNPKL,0,0,0,Alpha-Other,94.6,MAG
MALA_SAMN05421699_METAG_EOIJHFLK,0,0,0,Marinisomatota,88.99,MAG
MALA_SAMN05421699_METAG_MCLGIJCA,0,0,0,Marinisomatota,90.91,MAG
MALA_SAMN05421699_METAG_KNDHKFMG,0,0,0,Alpha-Other,82.9,MAG
MALA_SAMN05422122_METAG_EFAPPKMF,0,0,0,Alpha-Pelagibacter,90.76,MAG
MALA_SAMN05422122_METAG_INOMGGDK,0,0,0,Marinisomatota,97.07,MAG
MALA_SAMN05422122_METAG_GLMGLPJI,0,0,0,Alpha-Pelagibacter,90.9,MAG
MALA_SAMN05422175_METAG_KDIDFBEA,0,0,0,Alpha-Pelagibacter,79.26,MAG
MALA_SAMN05422140_METAG_ILJANPII,0,0,0,Alpha-Pelagibacter,77.56,MAG
MALA_SAMN05422140_METAG_DHOJDODK,1,1,1,Gamma-Other,86.32,MAG
MALA_SAMN05422104_METAG_EJLOAAOE,0,0,0,Alpha-Pelagibacter,93.08,MAG
MALA_SAMN05422104_METAG_PCPNKIBE,0,0,0,Alpha-Pelagibacter,84.54,MAG
MALA_SAMN05422104_METAG_HLBJELGG,0,0,0,Gamma-Other,84,MAG
MALA_SAMN05422104_METAG_PHCGJOCE,0,0,0,Alpha-Pelagibacter,81.77,MAG
MALA_SAMN05422189_METAG_KCGOLHEM,0,0,0,Alpha-Pelagibacter,76.6,MAG
MALA_SAMN05422189_METAG_PHEKIOAM,0,0,0,Alpha-Pelagibacter,79.54,MAG
MALA_SAMN05422121_METAG_AKAPFEJL,0,0,0,Marinisomatota,93.82,MAG
MALA_SAMN05422121_METAG_PDHLACBE,0,0,0,Gamma-Other,95.66,MAG
MALA_SAMN05422121_METAG_OMHJFDLC,0,0,0,Alpha-Pelagibacter,90.02,MAG
MALA_SAMN05422121_METAG_EKAOPGOL,1,1,1,Gamma-Alteromonas,77.61,MAG
MALA_SAMN05422121_METAG_ONDHGCBJ,0,0,0,Alpha-Pelagibacter,94.76,MAG
MALA_SAMN05422121_METAG_ENOPFCIH,0,0,0,Gamma-SAR86,81.66,MAG
MALA_SAMN05422149_METAG_FEKBAAKN,0,0,0,Marinisomatota,88,MAG
MALA_SAMN05422149_METAG_GLMHGCOP,0,0,0,Gamma-Alteromonas,81.29,MAG
MALA_SAMN05422149_METAG_IFHLIJAA,0,0,0,Marinisomatota,89.72,MAG
MALA_SAMN05422149_METAG_ICMNOLBA,0,0,0,Alpha-Pelagibacter,95.6,MAG
MALA_SAMN05422149_METAG_AJCMAHIA,0,0,0,Marinisomatota,75.07,MAG
MALA_SAMN05422149_METAG_GFPOEGND,0,0,0,Marinisomatota,91.27,MAG
MALA_SAMN05422149_METAG_KKGNCMCP,0,0,0,Marinisomatota,96.55,MAG
MALA_SAMN05422149_METAG_GADENFBI,0,0,0,Alpha-Pelagibacter,83.64,MAG
MALA_SAMN05422149_METAG_KIOAEKAM,0,0,0,Alpha-Pelagibacter,82.08,MAG
MALA_SAMN05422149_METAG_MCILJKBH,0,0,0,Gamma-SAR86,82.14,MAG
MALA_SAMN05422149_METAG_GBCHDNKJ,0,0,0,Marinisomatota,84.16,MAG
MALA_SAMN05422149_METAG_MNCKGNDH,0,0,0,Alpha-Other,92.96,MAG
BGEO_SAMN07136588_METAG_GOILAHME,0,0,0,Archaea-Poseidoniia MGIIb,75.26,MAG
MALA_SAMN05422195_METAG_AIMMFPLH,0,0,0,Alpha-Pelagibacter,85.5,MAG
MALA_SAMN05422195_METAG_JNOFIBKA,0,0,0,Marinisomatota,96.55,MAG
MALA_SAMN05422195_METAG_HHFKEAOP,0,0,0,Marinisomatota,79.17,MAG
MALA_SAMN05422195_METAG_GNIPIPMH,0,0,0,Gamma-Alteromonas,75.94,MAG
MALA_SAMN05422195_METAG_JKDMMCAG,0,0,0,Alpha-Pelagibacter,94.88,MAG
MALA_SAMN05422195_METAG_LGAFAOBN,0,0,0,Marinisomatota,93.82,MAG
MALA_SAMN05422195_METAG_BKABFBAD,0,0,0,Marinisomatota,88.54,MAG
MALA_SAMN05422195_METAG_IPHCLLAL,0,0,0,Gamma-SAR86,80,MAG
MALA_SAMN05422195_METAG_NFJEGACK,0,0,0,Alpha-Pelagibacter,84.3,MAG
MALA_SAMN05422195_METAG_PECLNFFK,0,0,0,Marinisomatota,91.38,MAG
MALA_SAMN05422195_METAG_HPOLIJEG,0,0,0,Alpha-Other,93.12,MAG
MALA_SAMN05421706_METAG_DLOFOAMM,0,0,0,Marinisomatota,82.12,MAG
MALA_SAMN05421706_METAG_AONDLMJM,0,0,0,Alpha-Other,83.26,MAG
MALA_SAMN05421706_METAG_NIIDGNNN,0,0,0,Alpha-Pelagibacter,80.98,MAG
MALA_SAMN05421706_METAG_DBABOAMP,0,0,0,Marinisomatota,91,MAG
MALA_SAMN05421706_METAG_NAFAAHFA,0,0,0,Marinisomatota,96.55,MAG
MALA_SAMN05421706_METAG_JGEHDGPM,0,0,0,Marinisomatota,83,MAG
MALA_SAMN05422133_METAG_GMAGFALE,0,0,0,Alpha-Pelagibacter,87.15,MAG
MALA_SAMN05422133_METAG_NBFINJIH,1,1,1,Gamma-Alteromonas,84.23,MAG
MALA_SAMN05422133_METAG_JAFKHGKM,0,0,0,Alpha-Pelagibacter,85.62,MAG
MALA_SAMN05422166_METAG_CIOHFNPA,0,0,0,Marinisomatota,92.01,MAG
MALA_SAMN05422166_METAG_HEKABNPI,0,0,0,Marinisomatota,76.02,MAG
MALA_SAMN05422166_METAG_OAKDMEED,0,0,0,Actinobacteriota,95.52,MAG
MALA_SAMN05422166_METAG_MCBBFJGC,0,0,0,Gamma-Other,77.81,MAG
MALA_SAMN05422166_METAG_BDANENAL,0,0,0,Marinisomatota,92.37,MAG
MALA_SAMN05422166_METAG_CBIICIDC,0,0,0,Alpha-Pelagibacter,95.44,MAG
MALA_SAMN05422166_METAG_BBPDJNAB,0,0,0,Bacteroidota,89.44,MAG
MALA_SAMN05422166_METAG_CKHMOPKI,0,0,0,Gamma-Other,87.68,MAG
MALA_SAMN05422166_METAG_EOIOGBOD,0,0,0,Alpha-Pelagibacter,89.53,MAG
MALA_SAMN05422166_METAG_KOEPAKBK,0,0,0,Marinisomatota,91.62,MAG
MALA_SAMN05422166_METAG_IAFACDBG,0,0,0,Bacteroidota,89.66,MAG
MALA_SAMN05422117_METAG_LHBHEPAP,0,0,0,Marinisomatota,80.98,MAG
MALA_SAMN05422117_METAG_JJOEHOEJ,0,0,0,Marinisomatota,78.34,MAG
MALA_SAMN05422117_METAG_HFFNENIA,0,0,0,Marinisomatota,90.33,MAG
MALA_SAMN05422117_METAG_LPPFKMNM,0,0,0,Marinisomatota,77.08,MAG
BGEO_SAMN07136732_METAG_FFLMDKDK,0,0,0,Archaea-Poseidoniia MGIIb,76.33,MAG
MALA_SAMN05421660_METAG_FAGOIIOI,0,0,0,Gamma-SAR86,76.06,MAG
MALA_SAMN05421660_METAG_GFGLPLJO,0,0,0,Gamma-Other,94.02,MAG
MALA_SAMN05421660_METAG_EIGDKAGI,0,0,0,Marinisomatota,88.41,MAG
MALA_SAMN05421660_METAG_DGFHAHIK,0,0,0,Marinisomatota,75.85,MAG
MALA_SAMN05421660_METAG_NBCIACAD,0,0,0,Marinisomatota,96.55,MAG
MALA_SAMN05421660_METAG_DADJBPJA,0,0,0,Alpha-Pelagibacter,79.39,MAG
MALA_SAMN05421660_METAG_HCGODADP,0,0,0,Bacteroidota,88.66,MAG
MALA_SAMN05421660_METAG_DHHMFGHB,0,0,0,Marinisomatota,82.62,MAG
MALA_SAMN05421660_METAG_BCLNBHCC,0,0,0,Gamma-Alteromonas,84.3,MAG
MALA_SAMN05422148_METAG_DFLNAEAD,0,0,0,Alpha-Other,87.96,MAG
MALA_SAMN05422148_METAG_FLFHNCBN,0,0,0,Alpha-Other,95.58,MAG
BGEO_SAMN07136910_METAG_INPNCDNP,0,0,0,Archaea-Poseidoniia MGIIb,79.97,MAG
MALA_SAMN05422148_METAG_CGDDCMGE,0,0,0,Marinisomatota,94.54,MAG
MALA_SAMN05422148_METAG_KLFFNAMF,0,0,0,Alpha-Pelagibacter,77.16,MAG
MALA_SAMN05422148_METAG_MOEOEKNG,0,0,0,Actinobacteriota,95.2,MAG
MALA_SAMN05422148_METAG_DOINNFGE,0,0,0,Bacteroidota,79.72,MAG
MALA_SAMN05422148_METAG_FNEFGJEP,0,0,0,Marinisomatota,92.92,MAG
MALA_SAMN05422148_METAG_ENNGOENL,0,0,0,Alpha-Pelagibacter,83.36,MAG
MALA_SAMN05422148_METAG_PBJMOFAG,0,0,0,Alpha-Pelagibacter,92.44,MAG
MALA_SAMN05422111_METAG_GMBNIIHF,0,0,0,Alpha-Other,83.15,MAG
BGEO_SAMN07136919_METAG_LKBLNFBF,0,0,0,Archaea-Poseidoniia MGIIb,81.46,MAG
MALA_SAMN05422111_METAG_PDJHCBNE,0,0,0,Actinobacteriota,93.55,MAG
MALA_SAMN05422111_METAG_JOAGMMCO,0,0,0,Marinisomatota,94.74,MAG
MALA_SAMN05422111_METAG_KDEBCFBE,0,0,0,Alpha-Pelagibacter,94.22,MAG
MALA_SAMN05422111_METAG_AAKDNHFM,0,0,0,Alpha-Pelagibacter,81.24,MAG
BGEO_SAMN07136681_METAG_ECIICGJN,0,0,0,Archaea-Poseidoniia MGIIa,78.82,MAG
MALA_SAMN05422111_METAG_DBDLGMPJ,0,0,0,Marinisomatota,77.12,MAG
MALA_SAMN05422111_METAG_EEEEEMIB,0,0,0,Marinisomatota,92.37,MAG
MALA_SAMN05422111_METAG_DADHKMAB,0,0,0,Marinisomatota,77.88,MAG
MALA_SAMN05421913_METAG_FAHHIFON,1,1,1,Gamma-Alteromonas,78.31,MAG
MALA_SAMN05421913_METAG_BABGNDHC,0,0,0,Alpha-Pelagibacter,83.36,MAG
MALA_SAMN05421901_METAG_ECPDFDGH,0,0,0,Marinisomatota,81.34,MAG
MALA_SAMN05421901_METAG_KALOONEP,1,1,1,Gamma-Alteromonas,85.44,MAG
MALA_SAMN05421901_METAG_BFJNPCAK,0,0,0,Marinisomatota,97.65,MAG
MALA_SAMN05421901_METAG_MAAIMCHC,0,0,0,Gamma-Other,91.13,MAG
MALA_SAMN05421901_METAG_HLILIJEC,0,0,0,Alpha-Pelagibacter,94.42,MAG
MALA_SAMN05421901_METAG_IFPOOIAD,0,0,0,Marinisomatota,96.55,MAG
MALA_SAMN05421901_METAG_IACCKCGK,0,0,0,Alpha-Pelagibacter,84.27,MAG
MALA_SAMN05421901_METAG_DMKMJFKO,0,0,0,Actinobacteriota,94.78,MAG
MALA_SAMN05422138_METAG_IHHEHBEN,0,0,0,Marinisomatota,95.83,MAG
MALA_SAMN05422138_METAG_MNLJPMPL,0,0,0,Marinisomatota,91.82,MAG
MALA_SAMN05422138_METAG_FHBOCMBM,0,0,0,Gamma-SAR86,81.2,MAG
MALA_SAMN05422138_METAG_KKKBADHN,0,0,0,Alpha-Pelagibacter,77.81,MAG
MALA_SAMN05422138_METAG_FFOALDCI,0,0,0,Alpha-Pelagibacter,85.5,MAG
MALA_SAMN05422138_METAG_APAPENHD,0,0,0,Marinisomatota,75.68,MAG
MALA_SAMN05422138_METAG_COKPJGJJ,1,1,1,Gamma-Alteromonas,91.72,MAG
MALA_SAMN05422138_METAG_MEJHNKKH,0,0,0,Alpha-Other,87.02,MAG
MALA_SAMN05422138_METAG_ELBMMIEJ,0,0,0,Marinisomatota,92.45,MAG
MALA_SAMN05422138_METAG_PMFEADPD,0,0,0,Marinisomatota,93.87,MAG
MALA_SAMN05422138_METAG_IHIGOGFD,0,0,0,Chloroflexota,85.6,MAG
MALA_SAMN05422183_METAG_JHPGKEIM,0,0,0,Alpha-Pelagibacter,82.83,MAG
MALA_SAMN05422183_METAG_OANKMIKI,0,0,0,Alpha-Other,82.14,MAG
MALA_SAMN05422183_METAG_LIMHALAL,0,0,0,Marinisomatota,91.05,MAG
MALA_SAMN05422183_METAG_CBHNIAPB,0,0,0,Gamma-SAR86,82.22,MAG
MALA_SAMN05422183_METAG_NNKMKILK,0,0,0,Marinisomatota,95.28,MAG
MALA_SAMN05422183_METAG_DLKMODBD,0,0,0,Marinisomatota,91.64,MAG
MALA_SAMN05422183_METAG_NFEBJHBO,0,0,0,Marinisomatota,96.82,MAG
MALA_SAMN05422183_METAG_BBAJNPHA,0,0,0,Marinisomatota,91.27,MAG
MALA_SAMN05422183_METAG_NDBHJICO,0,0,0,Marinisomatota,89.02,MAG
MALA_SAMN05422183_METAG_NJHLMNDC,0,0,0,Chloroflexota,76.62,MAG
MALA_SAMN05422183_METAG_JLJMPAKM,0,0,0,Alpha-Pelagibacter,84.47,MAG
MALA_SAMN05422107_METAG_FBEHOPOB,0,0,0,SAR324,86.59,MAG
MALA_SAMN05422107_METAG_MGNCNLNH,0,0,0,Alpha-Pelagibacter,95.54,MAG
MALA_SAMN05422107_METAG_JBKGABMB,0,0,0,Marinisomatota,96.19,MAG
MALA_SAMN05422107_METAG_FBOLMPMJ,1,1,1,Gamma-Alteromonas,93.19,MAG
MALA_SAMN05422107_METAG_GANLLHHG,0,0,0,Marinisomatota,91.6,MAG
MALA_SAMN05422107_METAG_JNIIACFI,0,0,0,Gamma-SAR86,77.68,MAG
MALA_SAMN05422107_METAG_KPEKMEDM,0,0,0,Marinisomatota,90.8,MAG
MALA_SAMN05422107_METAG_DPPBIKAD,0,0,0,Alpha-Other,91.83,MAG
MALA_SAMN05422120_METAG_BHMDNAAI,0,0,0,Alpha-Pelagibacter,75.84,MAG
MALA_SAMN05422120_METAG_BFAJGJDD,0,0,0,Alpha-Rhodobacter,80.97,MAG
MALA_SAMN05422152_METAG_HGFHFFIL,0,0,0,Alpha-Pelagibacter,95.54,MAG
MALA_SAMN05422152_METAG_ICPNIDMK,0,0,0,SAR324,78.28,MAG
MALA_SAMN05422152_METAG_DNMKPCEA,0,0,0,Marinisomatota,76.16,MAG
MALA_SAMN05422152_METAG_HEJPCIMK,0,0,0,Marinisomatota,96.55,MAG
MALA_SAMN05422152_METAG_KCGOAEGE,0,0,0,Alpha-Pelagibacter,82.43,MAG
MALA_SAMN05422152_METAG_DHKPGEKK,0,0,0,Marinisomatota,90.66,MAG
MALA_SAMN05422163_METAG_OBFCIIFD,0,0,0,Bacteroidota,91.64,MAG
MALA_SAMN05422163_METAG_FAFHLPDM,0,0,0,Alpha-Pelagibacter,82.62,MAG
MALA_SAMN05422163_METAG_DIHOJFJG,0,0,0,Marinisomatota,79.74,MAG
MALA_SAMN05422163_METAG_HMBNCMPA,0,0,0,Gamma-SAR86,75.97,MAG
MALA_SAMN05422163_METAG_GEDEEMDE,0,0,0,Gamma-Other,82.9,MAG
MALA_SAMN05422163_METAG_DFAOPEGC,0,0,0,Alpha-Other,88.84,MAG
MALA_SAMN05422163_METAG_AOIJBMIH,0,0,0,Actinobacteriota,95.77,MAG
MALA_SAMN05422163_METAG_CBGNOMNI,0,0,0,Marinisomatota,94.9,MAG
MALA_SAMN05422163_METAG_IJCIIDPN,0,0,0,Marinisomatota,81.41,MAG
MALA_SAMN05422163_METAG_MJHALKAB,0,0,0,Marinisomatota,81.12,MAG
MALA_SAMN05422163_METAG_ACMBAFHI,0,0,0,Alpha-Pelagibacter,90.56,MAG
MALA_SAMN05422163_METAG_LAILBBHB,0,0,0,Marinisomatota,92.01,MAG
MALA_SAMN05422171_METAG_BOMJBOJI,0,0,0,Marinisomatota,79.06,MAG
MALA_SAMN05422171_METAG_KAEOKCFI,0,0,0,Gamma-Other,75.68,MAG
MALA_SAMN05422171_METAG_DACELBOC,0,0,0,Marinisomatota,97.1,MAG
MALA_SAMN05422171_METAG_CONJIOLN,0,0,0,Actinobacteriota,94.42,MAG
MALA_SAMN05422171_METAG_NGMDJJAI,0,0,0,Alpha-Pelagibacter,76.46,MAG
MALA_SAMN05422171_METAG_FDHAAPCM,0,0,0,Alpha-Pelagibacter,89.76,MAG
MALA_SAMN05422171_METAG_CFEOHJLA,0,0,0,Alpha-Pelagibacter,95.38,MAG
MALA_SAMN05422171_METAG_FHHLHKIP,0,0,0,Marinisomatota,93.8,MAG
MALA_SAMN05422171_METAG_JOOHPJDP,0,0,0,Marinisomatota,94,MAG
MALA_SAMN05422171_METAG_MHBFMFAA,0,0,0,Marinisomatota,86.66,MAG
MALA_SAMN05422171_METAG_HPNPHPPM,0,0,0,Alpha-Other,89.77,MAG
MALA_SAMN05422113_METAG_LODOFODP,0,0,0,Alpha-Pelagibacter,79.67,MAG
MALA_SAMN05422113_METAG_NNFILCMJ,1,1,1,Gamma-Other,87.22,MAG
MALA_SAMN05422192_METAG_HNEHEAED,0,0,0,Marinisomatota,87.46,MAG
MALA_SAMN05422192_METAG_MCLJMJNK,0,0,0,Marinisomatota,84.94,MAG
MALA_SAMN05422192_METAG_IHCHHNMK,0,0,0,Marinisomatota,89.23,MAG
MALA_SAMN05422192_METAG_ILDNIHBB,0,0,0,Marinisomatota,96.19,MAG
MALA_SAMN05422165_METAG_DNMCLEBL,0,0,0,Alpha-Pelagibacter,80.3,MAG
MALA_SAMN05421555_METAG_PFPDPOKC,0,0,0,Alpha-Pelagibacter,85.04,MAG
MALA_SAMN05422188_METAG_MLOGCHOI,0,0,0,Alpha-Pelagibacter,85.94,MAG
MALA_SAMN05422188_METAG_BLAMGLMI,0,0,0,Alpha-Pelagibacter,77.9,MAG
MALA_SAMN05422188_METAG_NPFLJJIF,1,1,1,Gamma-Alteromonas,88.63,MAG
MALA_SAMN05422110_METAG_BJDDALEF,0,0,0,Alpha-Pelagibacter,80.5,MAG
MALA_SAMN05422164_METAG_NJHAMNBB,0,0,0,Alpha-Pelagibacter,82.32,MAG
MALA_SAMN05422164_METAG_ENHHGIGI,1,1,1,Gamma-Alteromonas,87,MAG
MALA_SAMN05422164_METAG_DGNGGLGD,0,0,0,Alpha-Pelagibacter,83.88,MAG
MALA_SAMN05422130_METAG_CLFJDEEH,0,0,0,Alpha-Pelagibacter,83.64,MAG
MALA_SAMN05422130_METAG_BKKKMJNL,0,0,0,Alpha-Pelagibacter,78.28,MAG
MALA_SAMN05421703_METAG_JAMALGJE,0,0,0,Marinisomatota,88.25,MAG
MALA_SAMN05421703_METAG_ENIMIFFP,0,0,0,Marinisomatota,90.96,MAG
MALA_SAMN05421703_METAG_LNHMHMHJ,0,0,0,Marinisomatota,76.08,MAG
MALA_SAMN05421703_METAG_DBMILFJN,0,0,0,Marinisomatota,83.65,MAG
MALA_SAMN05422143_METAG_BMGHBPPH,0,0,0,Marinisomatota,97.65,MAG
MALA_SAMN05422143_METAG_EODCANEB,0,0,0,Alpha-Pelagibacter,82.58,MAG
MALA_SAMN05422143_METAG_FOMAMBOG,0,0,0,Gamma-Alteromonas,90.3,MAG
MALA_SAMN05421697_METAG_CBKFLGDB,0,0,0,Alpha-Pelagibacter,80.09,MAG
MALA_SAMN05421697_METAG_DAPJGNBH,0,0,0,Alpha-Pelagibacter,87.78,MAG
MALA_SAMN05422115_METAG_OAGLHILG,0,0,0,Alpha-Pelagibacter,85.36,MAG
MALA_SAMN05422115_METAG_FMGMBPHH,0,0,0,Alpha-Pelagibacter,79.54,MAG
MALA_SAMN05422115_METAG_NOJKFNPC,0,0,0,Alpha-Pelagibacter,77.5,MAG
MALA_SAMN05422108_METAG_LGLPLNAE,0,0,0,Alpha-Pelagibacter,82.44,MAG
MALA_SAMN05422108_METAG_JGHINDCE,0,0,0,Alpha-Pelagibacter,78.64,MAG
MALA_SAMN05422108_METAG_FKLFPLKL,0,0,0,Alpha-Other,83.73,MAG
MALA_SAMN05422108_METAG_JMOIBDIP,0,0,0,Alpha-Rhodobacter,86.6,MAG
MALA_SAMN05422191_METAG_FAHFBJCK,0,0,0,Gamma-Alteromonas,88.13,MAG
MALA_SAMN05422191_METAG_NGEJLDDN,0,0,0,Alpha-Pelagibacter,89.06,MAG
MALA_SAMN05422191_METAG_PIIGNPOI,0,0,0,Alpha-Pelagibacter,85.86,MAG
MALA_SAMN05422169_METAG_HNLMDIHO,0,0,0,Alpha-Pelagibacter,83.84,MAG
MALA_SAMN05422170_METAG_PIBFIHGG,0,0,0,Alpha-Pelagibacter,76.04,MAG
MALA_SAMN05422170_METAG_FABJADJB,0,0,0,Alpha-Pelagibacter,83.6,MAG
MALA_SAMN05422153_METAG_HPPNFJKL,0,0,0,Alpha-Pelagibacter,85.38,MAG
MALA_SAMN05422153_METAG_AGJKPNIP,1,1,1,Gamma-Other,95.06,MAG
MALA_SAMN05422153_METAG_BKMGOAKA,0,0,0,Alpha-Pelagibacter,79.12,MAG
MALA_SAMN05422106_METAG_GCBKKIGJ,0,0,0,Alpha-Pelagibacter,81.9,MAG
MALA_SAMN05422106_METAG_AIGJNLAO,0,0,0,Alpha-Pelagibacter,88.2,MAG
MALA_SAMN05422137_METAG_MMPIMNPB,0,0,0,Alpha-Pelagibacter,82.24,MAG
MALA_SAMN05422137_METAG_KGJAIGOK,0,0,0,Alpha-Pelagibacter,80.76,MAG
MALA_SAMN05422123_METAG_JHPLBBPE,0,0,0,Alpha-Pelagibacter,85.71,MAG
MALA_SAMN05422123_METAG_AHNLNHFL,1,1,1,Gamma-Alteromonas,89.26,MAG
MALA_SAMN05422123_METAG_DFHOCEED,0,0,0,Alpha-Pelagibacter,83.03,MAG
MALA_SAMN05422168_METAG_LCLCIGMO,0,0,0,Alpha-Pelagibacter,86.79,MAG
MALA_SAMN05422168_METAG_KJDAIKNE,0,0,0,Gamma-Alteromonas,78.74,MAG
MALA_SAMN05422168_METAG_HPFPEBFN,0,0,0,Alpha-Pelagibacter,79.09,MAG
MALA_SAMN05422128_METAG_KHABKFCH,0,0,0,Alpha-Pelagibacter,83.64,MAG
MALA_SAMN05422128_METAG_KIGGJBFG,0,0,0,Marinisomatota,97.65,MAG
MALA_SAMN05422127_METAG_IECNFCIL,0,0,0,Actinobacteriota,93.56,MAG
MALA_SAMN05422127_METAG_HMPLHBNE,0,0,0,Alpha-Pelagibacter,91.94,MAG
MALA_SAMN05422114_METAG_LHNDBPHI,0,0,0,Alpha-Pelagibacter,85.68,MAG
MALA_SAMN05422114_METAG_MFDLMGAF,0,0,0,Alpha-Pelagibacter,85,MAG
MALA_SAMN05422114_METAG_CBPGHPEM,0,0,0,Alpha-Pelagibacter,84.66,MAG
MALA_SAMN05422147_METAG_IGLAFJPM,0,0,0,Alpha-Pelagibacter,82.13,MAG
TARA_SAMN05326644_METAG_PON00002,0,0,0,Verrucomicrobiota,97.02,MAG
TARA_SAMN05326644_METAG_PON00008,1,1,1,Gamma-Other,91.18,MAG
TARA_SAMN05326644_METAG_PON00016,0,0,0,Bacteroidota,89.18,MAG
TARA_SAMN05326644_METAG_PON00027,1,1,1,Bacteroidota,79.62,MAG
TARA_SAMN05326644_METAG_PON00038,0,0,0,Gamma-Other,78.36,MAG
TARA_SAMN05326644_METAG_PON00058,0,0,0,Gamma-Other,83.38,MAG
TARA_SAMN05326645_METAG_PSE00017,0,0,0,Alpha-Other,94.62,MAG
TARA_SAMN05326650_METAG_MED00040,0,0,0,Marinisomatota,85.74,MAG
TARA_SAMN05326650_METAG_MED00050,0,0,0,Alpha-Other,83.32,MAG
TARA_SAMN05326650_METAG_MED00056,0,0,0,Gamma-Other,84.66,MAG
TARA_SAMN05326650_METAG_MED00063,0,0,0,Bacteria-Other,86.1,MAG
TARA_SAMN05326650_METAG_MED00064,0,0,0,Alpha-Other,79.5,MAG
TARA_SAMN05326650_METAG_MED00069,0,0,0,Bacteria-Other,81.62,MAG
TARA_SAMN05326650_METAG_MED00070,0,0,0,Dadabacteria,82.47,MAG
TARA_SAMN05326650_METAG_MED00072,0,0,0,Alpha-Rhodobacter-LowGC,81.41,MAG
TARA_SAMN05326650_METAG_MED00073,0,0,0,Verrucomicrobiota,82.81,MAG
TARA_SAMN05326650_METAG_MED00076,0,0,0,Alpha-Rhodobacter-LowGC,79.16,MAG
TARA_SAMN05326650_METAG_MED00077,0,0,0,Marinisomatota,89.4,MAG
TARA_SAMN05326650_METAG_MED00078,0,0,0,Actinobacteriota,84.14,MAG
TARA_SAMN05326650_METAG_MED00083,0,0,0,Alpha-Other,91.79,MAG
TARA_SAMN05326650_METAG_MED00085,0,0,0,Alpha-Other,89.98,MAG
TARA_SAMN05326650_METAG_MED00086,0,0,0,Gamma-Other,85.53,MAG
TARA_SAMN05326650_METAG_MED00094,0,0,0,Verrucomicrobiota,81.04,MAG
TARA_SAMN05326650_METAG_MED00103,0,0,0,Alpha-Puniceispirilla,79.41,MAG
TARA_SAMN05326650_METAG_MED00117,0,0,0,Verrucomicrobiota,87.34,MAG
TARA_SAMN05326645_METAG_PSE00031,0,0,0,Bacteroidota,92.9,MAG
TARA_SAMN05326645_METAG_PSE00033,0,0,0,Bacteroidota,85.21,MAG
TARA_SAMN05326645_METAG_PSE00043,0,0,0,Dadabacteria,84.22,MAG
TARA_SAMN05326645_METAG_PSE00046,0,0,0,Actinobacteriota,93.34,MAG
TARA_SAMN05326645_METAG_PSE00055,0,0,0,Alpha-Other,79.26,MAG
TARA_SAMN05326645_METAG_PSE00068,0,0,0,Bacteria-Other,79.57,MAG
TARA_SAMN05326645_METAG_PSE00073,0,0,0,Alpha-Pelagibacter,81.15,MAG
TARA_SAMN05326646_METAG_PSW00006,0,0,0,Bacteria-Other,92.93,MAG
TARA_SAMN05326646_METAG_PSW00007,0,0,0,Gamma-Other,88.95,MAG
TARA_SAMN05326646_METAG_PSW00021,1,1,1,Gamma-Other,88.13,MAG
TARA_SAMN05326646_METAG_PSW00023,0,0,0,Planctomycetota,97.06,MAG
TARA_SAMN05326646_METAG_PSW00042,0,0,0,Gamma-Other,88.68,MAG
TARA_SAMN05326646_METAG_PSW00048,0,0,0,Alpha-Other,91.77,MAG
TARA_SAMN05326646_METAG_PSW00054,0,0,0,Bacteroidota,86.67,MAG
TARA_SAMN05326646_METAG_PSW00061,0,0,0,Bacteroidota,81.16,MAG
TARA_SAMN05326646_METAG_PSW00068,0,0,0,Bacteroidota,78,MAG
TARA_SAMN05326646_METAG_PSW00074,0,0,0,Alpha-Other,82.86,MAG
TARA_SAMN05326646_METAG_PSW00077,0,0,0,Alpha-Puniceispirilla,83.18,MAG
TARA_SAMN05326646_METAG_PSW00100,0,0,0,Bacteroidota,76.25,MAG
TARA_SAMN05326647_METAG_ION00017,0,0,0,Gamma-Other,90.45,MAG
TARA_SAMN05326647_METAG_ION00020,0,0,0,Gamma-Other,75.63,MAG
TARA_SAMN05326647_METAG_ION00027,0,0,0,Marinisomatota,88.34,MAG
TARA_SAMN05326647_METAG_ION00028,0,0,0,Actinobacteriota,75.26,MAG
TARA_SAMN05326647_METAG_ION00043,0,0,0,Marinisomatota,78.4,MAG
TARA_SAMN05326648_METAG_IOS00001,0,0,0,Verrucomicrobiota,94.53,MAG
TARA_SAMN05326648_METAG_IOS00011,0,0,0,Actinobacteriota,91.86,MAG
TARA_SAMN05326648_METAG_IOS00016,0,0,0,Marinisomatota,91.74,MAG
TARA_SAMN05326648_METAG_IOS00027,0,0,0,Actinobacteriota,78.02,MAG
TARA_SAMN05326648_METAG_IOS00031,0,0,0,Bacteroidota,80.28,MAG
TARA_SAMN05326650_METAG_MED00002,0,0,0,Gamma-Other,88.78,MAG
TARA_SAMN05326650_METAG_MED00021,0,0,0,Marinisomatota,92.01,MAG
TARA_SAMN05326650_METAG_MED00029,0,0,0,Actinobacteriota,96.2,MAG
TARA_SAMN05326650_METAG_MED00031,0,0,0,Gamma-Other,89.44,MAG
TARA_SAMN05326646_METAG_PSW00116,0,0,0,Gamma-Other,79.19,MAG
TARA_SAMN05326649_METAG_SOC00003,0,0,0,Bacteroidota,94.93,MAG
TARA_SAMN05326649_METAG_SOC00007,0,0,0,Gamma-Other,79.06,MAG
TARA_SAMN05326651_METAG_RED00002,0,0,0,Marinisomatota,94.76,MAG
TARA_SAMN05326651_METAG_RED00014,0,0,0,Chloroflexota,91.9,MAG
TARA_SAMN05326651_METAG_RED00016,0,0,0,Chloroflexota,89.42,MAG
TARA_SAMN05326651_METAG_RED00019,0,0,0,Chloroflexota,88.68,MAG
TARA_SAMN05326651_METAG_RED00028,0,0,0,Chloroflexota,91.02,MAG
TARA_SAMN05326651_METAG_RED00031,0,0,0,Chloroflexota,91.22,MAG
TARA_SAMN05326651_METAG_RED00041,0,0,0,Chloroflexota,85.2,MAG
TARA_SAMN05326651_METAG_RED00042,0,0,0,Marinisomatota,85.76,MAG
TARA_SAMN05326651_METAG_RED00043,0,0,0,Marinisomatota,83.64,MAG
TARA_SAMN05326651_METAG_RED00051,0,0,0,Marinisomatota,84.5,MAG
TARA_SAMN05326651_METAG_RED00059,0,0,0,Alpha-Other,77.55,MAG
TARA_SAMN05326651_METAG_RED00069,0,0,0,Gemmatimonadota,75.93,MAG
TARA_SAMN05326651_METAG_RED00092,0,0,0,Bacteria-Other,83.06,MAG
TARA_SAMN05326640_METAG_ANE00003,0,0,0,Verrucomicrobiota,93.61,MAG
TARA_SAMN05326640_METAG_ANE00012,0,0,0,Gamma-Other,84.17,MAG
TARA_SAMN05326640_METAG_ANE00013,0,0,0,Bacteroidota,91.34,MAG
TARA_SAMN05326640_METAG_ANE00016,0,0,0,Alpha-Other,94.92,MAG
TARA_SAMN05326640_METAG_ANE00022,0,0,0,Gamma-Other,77.05,MAG
TARA_SAMN05326640_METAG_ANE00023,0,0,0,Bacteroidota,82.32,MAG
TARA_SAMN05326640_METAG_ANE00031,1,1,1,Gamma-Other,80.22,MAG
TARA_SAMN05326640_METAG_ANE00033,0,0,0,Chloroflexota,86.36,MAG
TARA_SAMN05326640_METAG_ANE00039,0,0,0,Chloroflexota,81.36,MAG
TARA_SAMN05326640_METAG_ANE00043,0,0,0,Bacteroidota,85.83,MAG
TARA_SAMN05326640_METAG_ANE00069,0,0,0,Bacteria-Other,82.1,MAG
TARA_SAMN05326640_METAG_ANE00078,0,0,0,Gamma-Other,78.32,MAG
TARA_SAMN05326641_METAG_ANW00012,0,0,0,Marinisomatota,88.2,MAG
TARA_SAMN05326641_METAG_ANW00013,0,0,0,Marinisomatota,92.2,MAG
TARA_SAMN05326641_METAG_ANW00016,0,0,0,Gamma-Other,75.57,MAG
TARA_SAMN05326641_METAG_ANW00025,0,0,0,Chloroflexota,83.1,MAG
TARA_SAMN05326641_METAG_ANW00031,0,0,0,Alpha-Other,76.41,MAG
TARA_SAMN05326641_METAG_ANW00040,0,0,0,Alpha-Other,82.94,MAG
TARA_SAMN05326641_METAG_ANW00052,0,0,0,Actinobacteriota,77.4,MAG
TARA_SAMN05326641_METAG_ANW00054,0,0,0,Actinobacteriota,75.47,MAG
TARA_SAMN05326641_METAG_ANW00056,0,0,0,Verrucomicrobiota,80.78,MAG
TARA_SAMN05326642_METAG_ASE00014,0,0,0,Actinobacteriota,80.59,MAG
GORG_SAMEA6070062_SAGS_AG894A11,0,0,0,Alpha-Other,88.53,SAG
GORG_SAMEA6070075_SAGS_AG894B09,0,0,0,Gamma-SAR86,77.09,SAG
GORG_SAMEA6070115_SAGS_AG894D22,0,0,0,Alpha-Pelagibacter,84.01,SAG
GORG_SAMEA6070140_SAGS_AG894F23,0,0,0,Gamma-SAR86,78.53,SAG
GORG_SAMEA6077500_SAGS_AG333A04,0,0,0,Alpha-Pelagibacter,88.19,SAG
GORG_SAMEA6077546_SAGS_AG333C10,0,0,0,Alpha-Other,82.49,SAG
GORG_SAMEA6077575_SAGS_AG333D21,0,0,0,Alpha-Other,75.48,SAG
GORG_SAMEA6077584_SAGS_AG333E09,0,0,0,Gamma-Other,75.9,SAG
GORG_SAMEA6078819_SAGS_AG457M14,0,0,0,Alpha-Other,84.46,SAG
GORG_SAMEA6078825_SAGS_AG457M20,0,0,0,Alpha-Pelagibacter,79.44,SAG
GORG_SAMEA6078899_SAGS_AG461B13,0,0,0,Alpha-Pelagibacter,85.88,SAG
GORG_SAMEA6078903_SAGS_AG461B21,0,0,0,Alpha-Pelagibacter,80.65,SAG
GORG_SAMEA6078938_SAGS_AG461E04,0,0,0,Alpha-Pelagibacter,91.36,SAG
GORG_SAMEA6070695_SAGS_AG897D06,0,0,0,Actinobacteriota,77.56,SAG
GORG_SAMEA6070697_SAGS_AG897D08,0,0,0,Gamma-SAR86,78.21,SAG
GORG_SAMEA6070712_SAGS_AG897E21,0,0,0,Gamma-SAR86,79.68,SAG
GORG_SAMEA6070717_SAGS_AG897F14,0,0,0,Alpha-Pelagibacter,79.76,SAG
GORG_SAMEA6078141_SAGS_AG343D15,0,0,0,Alpha-Pelagibacter,79.09,SAG
GORG_SAMEA6078174_SAGS_AG343F07,0,0,0,Alpha-Pelagibacter,75.23,SAG
BATS_SAMN07137119_METAG_KNPIPJJP,0,0,0,Archaea-Poseidoniia MGIIb,75.08,MAG
GORG_SAMEA6077220_SAGS_AG325A21,0,0,0,Alpha-Pelagibacter,75.44,SAG
GORG_SAMEA6077231_SAGS_AG325B10,0,0,0,Alpha-Pelagibacter,77.52,SAG
GORG_SAMEA6070164_SAGS_AG894I07,0,0,0,Alpha-Other,76.88,SAG
GORG_SAMEA6070175_SAGS_AG894J02,0,0,0,Gamma-SAR86,80.24,SAG
GORG_SAMEA6070205_SAGS_AG894L16,0,0,0,Gamma-SAR86,81.15,SAG
GORG_SAMEA6077702_SAGS_AG333L11,0,0,0,Alpha-Other,83.6,SAG
GORG_SAMEA6069468_SAGS_AG891D16,0,0,0,Gamma-SAR86,80.55,SAG
GORG_SAMEA6069477_SAGS_AG891E04,0,0,0,Alpha-Other,76.74,SAG
GORG_SAMEA6069495_SAGS_AG891F13,0,0,0,Gamma-SAR86,78.96,SAG
GORG_SAMEA6069509_SAGS_AG891G11,0,0,0,Gamma-SAR86,75.64,SAG
GORG_SAMEA6069517_SAGS_AG891G23,0,0,0,Alpha-Other,85.84,SAG
GORG_SAMEA6069518_SAGS_AG891I02,0,0,0,Gamma-SAR86,85.8,SAG
GORG_SAMEA6074552_SAGS_AG918D11,0,0,0,Gamma-SAR86,75.16,SAG
GORG_SAMEA6074565_SAGS_AG918E10,0,0,0,Gamma-SAR86,75.4,SAG
GORG_SAMEA6074589_SAGS_AG918G15,0,0,0,Alpha-Pelagibacter,89.55,SAG
GORG_SAMEA6074600_SAGS_AG918I09,0,0,0,Actinobacteriota,76.35,SAG
GORG_SAMEA6074616_SAGS_AG918K06,0,0,0,Gamma-SAR86,80.35,SAG
GORG_SAMEA6074648_SAGS_AG918M15,0,0,0,Alpha-Pelagibacter,89.97,SAG
GORG_SAMEA6078894_SAGS_AG461B04,0,0,0,Alpha-Other,79.63,SAG
GORG_SAMEA6072285_SAGS_AG907E15,0,0,0,Alpha-Pelagibacter,82.36,SAG
GORG_SAMEA6072297_SAGS_AG907F09,0,0,0,Alpha-Pelagibacter,86.52,SAG
GORG_SAMEA6072323_SAGS_AG907I07,0,0,0,Gamma-SAR86,78.68,SAG
GORG_SAMEA6075503_SAGS_AG404K15,0,0,0,Gamma-SAR86,81.19,SAG
GORG_SAMEA6069727_SAGS_AG892G04,0,0,0,Gamma-SAR86,75.94,SAG
GORG_SAMEA6069733_SAGS_AG892G16,0,0,0,Gamma-SAR86,80.95,SAG
GORG_SAMEA6069797_SAGS_AG892M02,0,0,0,Gamma-SAR86,80.32,SAG
GORG_SAMEA6069799_SAGS_AG892M06,0,0,0,Alpha-Other,87.28,SAG
GORG_SAMEA6069811_SAGS_AG892N06,0,0,0,Alpha-Other,82.39,SAG
GORG_SAMEA6074867_SAGS_AG919P07,0,0,0,Alpha-Pelagibacter,75.83,SAG
GORG_SAMEA6074868_SAGS_AG919P09,0,0,0,Alpha-Other,82.8,SAG
GORG_SAMEA6074909_SAGS_AG920C23,0,0,0,Gamma-SAR86,77.79,SAG
GORG_SAMEA6074955_SAGS_AG920G17,0,0,0,Alpha-Pelagibacter,78.68,SAG
GORG_SAMEA6072668_SAGS_AG909C16,0,0,0,Gamma-SAR86,83.47,SAG
GORG_SAMEA6072671_SAGS_AG909C20,0,0,0,Alpha-Pelagibacter,77.37,SAG
GORG_SAMEA6072677_SAGS_AG909D10,0,0,0,Alpha-Pelagibacter,78.96,SAG
GORG_SAMEA6072701_SAGS_AG909F08,0,0,0,Alpha-Other,81.24,SAG
GORG_SAMEA6072703_SAGS_AG909F14,0,0,0,Alpha-Pelagibacter,94.48,SAG
GORG_SAMEA6072712_SAGS_AG909G09,0,0,0,Alpha-Other,86.54,SAG
GORG_SAMEA6076010_SAGS_AG414M09,0,0,0,Alpha-Pelagibacter,77.04,SAG
GORG_SAMEA6076029_SAGS_AG414N20,0,0,0,Actinobacteriota,85.48,SAG
GORG_SAMEA6076194_SAGS_AG422B15,0,0,0,Alpha-Other,83.29,SAG
GORG_SAMEA6076200_SAGS_AG422B23,0,0,0,Alpha-Pelagibacter,86.35,SAG
GORG_SAMEA6076206_SAGS_AG422C08,0,0,0,Alpha-Other,77.75,SAG
GORG_SAMEA6076218_SAGS_AG422C21,0,0,0,Alpha-Other,97.6,SAG
GORG_SAMEA6073487_SAGS_AG913B17,0,0,0,Gamma-SAR86,76.64,SAG
GORG_SAMEA6073547_SAGS_AG913G13,0,0,0,Gamma-SAR86,80.53,SAG
GORG_SAMEA6073551_SAGS_AG913G18,0,0,0,Gamma-SAR86,75.56,SAG
GORG_SAMEA6073557_SAGS_AG913I06,0,0,0,Alpha-Pelagibacter,93.44,SAG
GORG_SAMEA6073570_SAGS_AG913J07,0,0,0,Gamma-SAR86,83.11,SAG
GORG_SAMEA6071710_SAGS_AG903G09,0,0,0,Alpha-Pelagibacter,77.46,SAG
GORG_SAMEA6071735_SAGS_AG903I23,0,0,0,Alpha-Other,80.86,SAG
GORG_SAMEA6070357_SAGS_AG895G19,0,0,0,Gamma-SAR86,76.71,SAG
GORG_SAMEA6070376_SAGS_AG895J06,0,0,0,Gamma-SAR86,81.28,SAG
GORG_SAMEA6070382_SAGS_AG895J17,0,0,0,Alpha-Other,78.96,SAG
GORG_SAMEA6070402_SAGS_AG895L02,0,0,0,Gamma-SAR86,79.76,SAG
GORG_SAMEA6070406_SAGS_AG895L13,0,0,0,Actinobacteriota,77.28,SAG
GORG_SAMEA6070441_SAGS_AG895O02,0,0,0,Gamma-SAR86,77.53,SAG
GORG_SAMEA6077818_SAGS_AG337B16,0,0,0,Gamma-SAR86,79.65,SAG
GORG_SAMEA6077867_SAGS_AG337E07,0,0,0,Alpha-Other,80.54,SAG
GORG_SAMEA6077901_SAGS_AG337G03,0,0,0,Gamma-SAR86,75.4,SAG
GORG_SAMEA6077902_SAGS_AG337G04,0,0,0,Alpha-Pelagibacter,92.68,SAG
GORG_SAMEA6068792_SAGS_AG365L04,0,0,0,Alpha-Pelagibacter,82.56,SAG
GORG_SAMEA6071755_SAGS_AG903K22,0,0,0,Alpha-Pelagibacter,80.91,SAG
GORG_SAMEA6071760_SAGS_AG903L08,0,0,0,Gamma-SAR86,79.52,SAG
GORG_SAMEA6071799_SAGS_AG903O08,0,0,0,Alpha-Pelagibacter,85.82,SAG
GORG_SAMEA6071803_SAGS_AG903O18,0,0,0,Alpha-Pelagibacter,78.09,SAG
GORG_SAMEA6073352_SAGS_AG912I08,0,0,0,Alpha-Pelagibacter,77.48,SAG
GORG_SAMEA6073364_SAGS_AG912J04,0,0,0,Alpha-Other,80.06,SAG
GORG_SAMEA6073383_SAGS_AG912K05,0,0,0,Alpha-Pelagibacter,76.98,SAG
GORG_SAMEA6073424_SAGS_AG912N10,0,0,0,Alpha-Other,81.18,SAG
GORG_SAMEA6073451_SAGS_AG912P09,0,0,0,Alpha-Pelagibacter,77.07,SAG
GORG_SAMEA6073452_SAGS_AG912P10,0,0,0,Gamma-SAR86,78.1,SAG
GORG_SAMEA6068603_SAGS_AH326N13,0,0,0,Gamma-SAR86,79.96,SAG
GORG_SAMEA6080405_SAGS_AG439P21,0,0,0,Planctomycetota,78.38,SAG
GORG_SAMEA6075668_SAGS_AG390E17,0,0,0,Gamma-Other,93.78,SAG
GORG_SAMEA6075686_SAGS_AG390F15,0,0,0,Alpha-Other,80.48,SAG
GORG_SAMEA6075696_SAGS_AG390G04,0,0,0,Alpha-Other,92.07,SAG
GORG_SAMEA6075729_SAGS_AG390I22,0,0,0,Alpha-Pelagibacter,84.14,SAG
GORG_SAMEA6072353_SAGS_AG907K09,0,0,0,Gamma-SAR86,79.6,SAG
GORG_SAMEA6075548_SAGS_AG404N21,0,0,0,Alpha-Other,80.62,SAG
GORG_SAMEA6075560_SAGS_AG404O18,0,0,0,Alpha-Pelagibacter,82.02,SAG
GORG_SAMEA6075564_SAGS_AG404P01,0,0,0,Alpha-Other,80.53,SAG
GORG_SAMEA6075579_SAGS_AG404P20,0,0,0,Alpha-Pelagibacter,87.2,SAG
GORG_SAMEA6076060_SAGS_AG410B18,0,0,0,Alpha-Other,78.06,SAG
GORG_SAMEA6069529_SAGS_AG891I17,0,0,0,Gamma-SAR86,77.03,SAG
GORG_SAMEA6069535_SAGS_AG891J04,0,0,0,Alpha-Other,96.64,SAG
GORG_SAMEA6069558_SAGS_AG891K16,0,0,0,Gamma-SAR86,78.6,SAG
GORG_SAMEA6069562_SAGS_AG891K20,0,0,0,Alpha-Pelagibacter,75.46,SAG
GORG_SAMEA6069579_SAGS_AG891M02,0,0,0,Alpha-Pelagibacter,75.46,SAG
GORG_SAMEA6069625_SAGS_AG891P06,0,0,0,Alpha-Other,88.58,SAG
GORG_SAMEA6074650_SAGS_AG918M20,0,0,0,Alpha-Pelagibacter,79.44,SAG
GORG_SAMEA6074653_SAGS_AG918N05,0,0,0,Alpha-Pelagibacter,76.74,SAG
GORG_SAMEA6074663_SAGS_AG918O03,0,0,0,Gamma-SAR86,78.32,SAG
GORG_SAMEA6074703_SAGS_AG919C04,0,0,0,Alpha-Other,79.03,SAG
GORG_SAMEA6075912_SAGS_AG414D15,0,0,0,Alpha-Pelagibacter,77.46,SAG
GORG_SAMEA6075915_SAGS_AG414E02,0,0,0,Alpha-Pelagibacter,85.74,SAG
GORG_SAMEA6075916_SAGS_AG414E04,0,0,0,Actinobacteriota,80.31,SAG
GORG_SAMEA6075917_SAGS_AG414E06,0,0,0,Alpha-Other,84.62,SAG
GORG_SAMEA6075927_SAGS_AG414F02,0,0,0,Marinisomatota,81.92,SAG
GORG_SAMEA6075947_SAGS_AG414G15,0,0,0,Alpha-Pelagibacter,79.75,SAG
GORG_SAMEA6075954_SAGS_AG414I04,0,0,0,Alpha-Other,75.24,SAG
GORG_SAMEA6075974_SAGS_AG414J13,0,0,0,Gamma-SAR86,76.2,SAG
GORG_SAMEA6075996_SAGS_AG414L09,0,0,0,Alpha-Pelagibacter,77.28,SAG
GORG_SAMEA6076727_SAGS_AG313C03,0,0,0,Bacteroidota,77.92,SAG
GORG_SAMEA6076728_SAGS_AG313C04,0,0,0,Gamma-Other,89.92,SAG
GORG_SAMEA6076742_SAGS_AG313D08,0,0,0,Gamma-Other,89.2,SAG
GORG_SAMEA6073817_SAGS_AG914M02,0,0,0,Gamma-SAR86,75.76,SAG
GORG_SAMEA6076457_SAGS_AG447C16,0,0,0,Bacteroidota,75.85,SAG
GORG_SAMEA6076559_SAGS_AG447J03,0,0,0,Alpha-Pelagibacter,82.38,SAG
GORG_SAMEA6079747_SAGS_AG426P19,0,0,0,Bacteroidota,81.92,SAG
GORG_SAMEA6079897_SAGS_AG430J21,0,0,0,Alpha-Pelagibacter,81.37,SAG
GORG_SAMEA6080224_SAGS_AG439B19,0,0,0,Actinobacteriota,76.24,SAG
GORG_SAMEA6080237_SAGS_AG439C22,0,0,0,Alpha-Pelagibacter,76.81,SAG
GORG_SAMEA6080292_SAGS_AG439I19,0,0,0,Alpha-Pelagibacter,79.65,SAG
GORG_SAMEA6070852_SAGS_AG898D09,0,0,0,Alpha-Pelagibacter,78.19,SAG
GORG_SAMEA6070867_SAGS_AG898E11,0,0,0,Alpha-Other,80.6,SAG
GORG_SAMEA6070875_SAGS_AG898F03,0,0,0,Gamma-SAR86,79.78,SAG
GORG_SAMEA6070899_SAGS_AG898G21,0,0,0,Alpha-Pelagibacter,84.74,SAG
GORG_SAMEA6074287_SAGS_AG916O23,0,0,0,Alpha-Pelagibacter,77.92,SAG
GORG_SAMEA6074312_SAGS_AG917A15,0,0,0,Alpha-Pelagibacter,79.99,SAG
GORG_SAMEA6074340_SAGS_AG917C10,0,0,0,Alpha-Pelagibacter,75.51,SAG
GORG_SAMEA6074350_SAGS_AG917D08,0,0,0,Alpha-Rhodobacter,75.81,SAG
GORG_SAMEA6074363_SAGS_AG917E05,0,0,0,Alpha-Pelagibacter,89.78,SAG
GORG_SAMEA6074367_SAGS_AG917E14,0,0,0,Alpha-Pelagibacter,86.9,SAG
GORG_SAMEA6078536_SAGS_AG453L05,0,0,0,Marinisomatota,76.4,SAG
GORG_SAMEA6078629_SAGS_AG457A08,0,0,0,Alpha-Other,84.62,SAG
GORG_SAMEA6070726_SAGS_AG897G15,0,0,0,Alpha-Pelagibacter,90.3,SAG
GORG_SAMEA6070806_SAGS_AG898A03,0,0,0,Alpha-Pelagibacter,79.68,SAG
GORG_SAMEA6070830_SAGS_AG898B16,0,0,0,Gamma-SAR86,77.84,SAG
GORG_SAMEA6069426_SAGS_AG891A21,0,0,0,Alpha-Rhodobacter-LowGC,76.96,SAG
GORG_SAMEA6074475_SAGS_AG917N15,0,0,0,Alpha-Other,84.06,SAG
GORG_SAMEA6074493_SAGS_AG917O20,0,0,0,Alpha-Pelagibacter,87.25,SAG
GORG_SAMEA6074521_SAGS_AG918B06,0,0,0,Alpha-Pelagibacter,83.22,SAG
GORG_SAMEA6079401_SAGS_AG470I11,0,0,0,Alpha-Pelagibacter,79.8,SAG
GORG_SAMEA6079451_SAGS_AG470M04,0,0,0,Alpha-Pelagibacter,75.03,SAG
GORG_SAMEA6074019_SAGS_AG915K19,0,0,0,Gamma-SAR86,86.8,SAG
GORG_SAMEA6076510_SAGS_AG447F10,0,0,0,Alpha-Pelagibacter,86.78,SAG
GORG_SAMEA6076611_SAGS_AG447L18,0,0,0,Alpha-Other,84.01,SAG
GORG_SAMEA6067750_SAGS_AH287E08,0,0,0,Alpha-Pelagibacter,80.81,SAG
GORG_SAMEA6067759_SAGS_AH287E19,0,0,0,Alpha-Pelagibacter,90.39,SAG
GORG_SAMEA6067771_SAGS_AH287F15,0,0,0,Alpha-Other,95.22,SAG
GORG_SAMEA6067800_SAGS_AH287I06,0,0,0,Alpha-Pelagibacter,76.49,SAG
GORG_SAMEA6067805_SAGS_AH287I14,0,0,0,Bacteroidota,78.64,SAG
GORG_SAMEA6067878_SAGS_AH287M14,0,0,0,Gamma-SAR86,79.89,SAG
GORG_SAMEA6070044_SAGS_AG893P10,0,0,0,Alpha-Pelagibacter,83.9,SAG
GORG_SAMEA6068092_SAGS_AH324M03,0,0,0,Marinisomatota,86.99,SAG
GORG_SAMEA6068427_SAGS_AH326C13,0,0,0,Marinisomatota,78.73,SAG
GORG_SAMEA6073088_SAGS_AG911C13,0,0,0,Alpha-Pelagibacter,77.37,SAG
GORG_SAMEA6073139_SAGS_AG911G14,0,0,0,Gamma-SAR86,86.32,SAG
GORG_SAMEA6073150_SAGS_AG911I16,0,0,0,Alpha-Other,86.36,SAG
GORG_SAMEA6073220_SAGS_AG911N03,0,0,0,Gamma-SAR86,80.24,SAG
GORG_SAMEA6073247_SAGS_AG911P04,0,0,0,Alpha-Pelagibacter,77.11,SAG
GORG_SAMEA6079696_SAGS_AG426M18,0,0,0,Actinobacteriota,76.28,SAG
GORG_SAMEA6079793_SAGS_AG430C13,0,0,0,Gamma-SAR86,76.02,SAG
GORG_SAMEA6079805_SAGS_AG430D06,0,0,0,Alpha-Pelagibacter,77.82,SAG
GORG_SAMEA6079808_SAGS_AG430D13,0,0,0,Gamma-SAR86,76.45,SAG
GORG_SAMEA6079825_SAGS_AG430E16,0,0,0,Alpha-Other,78.72,SAG
GORG_SAMEA6071847_SAGS_AG904B17,0,0,0,Alpha-Other,77.04,SAG
GORG_SAMEA6071910_SAGS_AG904G09,0,0,0,Alpha-Pelagibacter,79.93,SAG
GORG_SAMEA6075596_SAGS_AG390A20,0,0,0,Alpha-Pelagibacter,79.74,SAG
GORG_SAMEA6075624_SAGS_AG390C08,0,0,0,Gamma-SAR86,78.69,SAG
GORG_SAMEA6075630_SAGS_AG390C16,0,0,0,Gamma-SAR86,78.38,SAG
GORG_SAMEA6075633_SAGS_AG390C19,0,0,0,Alpha-Pelagibacter,91.54,SAG
GORG_SAMEA6073137_SAGS_AG911G11,0,0,0,Gamma-SAR86,77.84,SAG
GORG_SAMEA6073304_SAGS_AG912D11,0,0,0,Gamma-SAR86,77.16,SAG
GORG_SAMEA6073316_SAGS_AG912E13,0,0,0,Alpha-Pelagibacter,78.55,SAG
GORG_SAMEA6073326_SAGS_AG912F07,0,0,0,Alpha-Pelagibacter,78.94,SAG
GORG_SAMEA6073335_SAGS_AG912F23,0,0,0,Alpha-Pelagibacter,81.21,SAG
GORG_SAMEA6073340_SAGS_AG912G11,0,0,0,Alpha-Pelagibacter,83.9,SAG
GORG_SAMEA6073374_SAGS_AG912J16,0,0,0,Gamma-SAR86,80.04,SAG
GORG_SAMEA6079851_SAGS_AG430G02,0,0,0,Alpha-Pelagibacter,76.33,SAG
GORG_SAMEA6079873_SAGS_AG430I08,0,0,0,Gamma-SAR86,78.25,SAG
GORG_SAMEA6079888_SAGS_AG430J07,0,0,0,Alpha-Pelagibacter,81.38,SAG
GORG_SAMEA6079910_SAGS_AG430K18,0,0,0,Alpha-Pelagibacter,84.78,SAG
GORG_SAMEA6069854_SAGS_AG893A01,0,0,0,Gamma-SAR86,80.58,SAG
GORG_SAMEA6069866_SAGS_AG893B07,0,0,0,Alpha-Other,81.32,SAG
GORG_SAMEA6069882_SAGS_AG893C16,0,0,0,Gamma-SAR86,83.56,SAG
GORG_SAMEA6069884_SAGS_AG893D04,0,0,0,Gamma-SAR86,78.56,SAG
GORG_SAMEA6069908_SAGS_AG893E22,0,0,0,Gamma-SAR86,76.82,SAG
GORG_SAMEA6074991_SAGS_AG920K11,0,0,0,Alpha-Pelagibacter,81.95,SAG
GORG_SAMEA6075006_SAGS_AG920L11,0,0,0,Alpha-Other,97.24,SAG
GORG_SAMEA6075039_SAGS_AG920O11,0,0,0,Alpha-Pelagibacter,79.2,SAG
GORG_SAMEA6072179_SAGS_AG905N06,0,0,0,Gamma-SAR86,77.57,SAG
GORG_SAMEA6072199_SAGS_AG905O21,0,0,0,Alpha-Other,87.92,SAG
GORG_SAMEA6075358_SAGS_AG404A02,0,0,0,Chloroflexota,91.43,SAG
GORG_SAMEA6075360_SAGS_AG404A04,0,0,0,Gamma-SAR86,77.42,SAG
GORG_SAMEA6075379_SAGS_AG404B11,0,0,0,Alpha-Pelagibacter,79.46,SAG
GORG_SAMEA6075404_SAGS_AG404C23,0,0,0,Alpha-Pelagibacter,85.18,SAG
GORG_SAMEA6075411_SAGS_AG404D10,0,0,0,Gamma-SAR86,76.41,SAG
GORG_SAMEA6075846_SAGS_AG390O18,0,0,0,Gamma-SAR86,82.6,SAG
GORG_SAMEA6072856_SAGS_AG910B21,0,0,0,Alpha-Rhodobacter-LowGC,79.3,SAG
GORG_SAMEA6076354_SAGS_AG422M05,0,0,0,Gamma-SAR86,79.13,SAG
GORG_SAMEA6076371_SAGS_AG422N09,0,0,0,Alpha-Other,83.77,SAG
GORG_SAMEA6076385_SAGS_AG422O05,0,0,0,Gamma-SAR86,81.22,SAG
GORG_SAMEA6079522_SAGS_AG426A16,0,0,0,Alpha-Pelagibacter,75.9,SAG
GORG_SAMEA6071441_SAGS_AG901A07,0,0,0,Alpha-Pelagibacter,83.06,SAG
GORG_SAMEA6071510_SAGS_AG901E23,0,0,0,Alpha-Other,91.77,SAG
GORG_SAMEA6071524_SAGS_AG901G03,0,0,0,Alpha-Other,86.66,SAG
GORG_SAMEA6073068_SAGS_AG911B02,0,0,0,Alpha-Pelagibacter,79.99,SAG
GORG_SAMEA6073095_SAGS_AG911D02,0,0,0,Gamma-SAR86,80.98,SAG
GORG_SAMEA6073110_SAGS_AG911E02,0,0,0,Alpha-Other,85.81,SAG
GORG_SAMEA6073116_SAGS_AG911E14,0,0,0,Alpha-Pelagibacter,77.45,SAG
GORG_SAMEA6073117_SAGS_AG911E15,0,0,0,Gamma-SAR86,79.71,SAG
GORG_SAMEA6073130_SAGS_AG911G03,0,0,0,Alpha-Pelagibacter,84.75,SAG
GORG_SAMEA6079668_SAGS_AG426L04,0,0,0,Marinisomatota,78.74,SAG
GORG_SAMEA6079691_SAGS_AG426M11,0,0,0,Chloroflexota,80.69,SAG
GORG_SAMEA6079784_SAGS_AG430B21,0,0,0,Alpha-Other,84.75,SAG
GORG_SAMEA6069983_SAGS_AG893L06,0,0,0,Alpha-Pelagibacter,84.38,SAG
GORG_SAMEA6069985_SAGS_AG893L08,0,0,0,Gamma-SAR86,78.74,SAG
GORG_SAMEA6069996_SAGS_AG893M03,0,0,0,Alpha-Other,86.42,SAG
GORG_SAMEA6070007_SAGS_AG893M20,0,0,0,Alpha-Other,87.38,SAG
GORG_SAMEA6070019_SAGS_AG893N18,0,0,0,Gamma-SAR86,83.18,SAG
GORG_SAMEA6068891_SAGS_AG359C09,0,0,0,Alpha-Pelagibacter,91.22,SAG
GORG_SAMEA6068947_SAGS_AG359G11,0,0,0,Gamma-SAR86,76.06,SAG
GORG_SAMEA6068957_SAGS_AG359G23,0,0,0,Gamma-SAR86,80.16,SAG
GORG_SAMEA6071177_SAGS_AG899M14,0,0,0,Gamma-SAR86,81.21,SAG
GORG_SAMEA6071182_SAGS_AG899M20,0,0,0,Alpha-Pelagibacter,88.82,SAG
GORG_SAMEA6071196_SAGS_AG899O02,0,0,0,Alpha-Other,80.76,SAG
GORG_SAMEA6071204_SAGS_AG899O13,0,0,0,Alpha-Pelagibacter,79.45,SAG
GORG_SAMEA6072475_SAGS_AG908C18,0,0,0,Alpha-Pelagibacter,87.81,SAG
GORG_SAMEA6072482_SAGS_AG908D05,0,0,0,Alpha-Pelagibacter,80.16,SAG
GORG_SAMEA6076107_SAGS_AG410I20,0,0,0,Actinobacteriota,82.34,SAG
GORG_SAMEA6076159_SAGS_AG410O14,0,0,0,Alpha-Pelagibacter,77.62,SAG
GORG_SAMEA6073613_SAGS_AG913M17,0,0,0,Gamma-SAR86,80.96,SAG
GORG_SAMEA6073618_SAGS_AG913N02,0,0,0,Alpha-Pelagibacter,80.27,SAG
GORG_SAMEA6073652_SAGS_AG913P14,0,0,0,Gamma-SAR86,79.19,SAG
GORG_SAMEA6073661_SAGS_AG914A09,0,0,0,Alpha-Pelagibacter,79.94,SAG
GORG_SAMEA6073678_SAGS_AG914B16,0,0,0,Alpha-Other,79.52,SAG
GORG_SAMEA6073687_SAGS_AG914C06,0,0,0,Alpha-Pelagibacter,82.82,SAG
GORG_SAMEA6080247_SAGS_AG439D15,0,0,0,Alpha-Other,91.35,SAG
GORG_SAMEA6072830_SAGS_AG910A06,0,0,0,Alpha-Pelagibacter,79.26,SAG
GORG_SAMEA6076243_SAGS_AG422E13,0,0,0,Alpha-Pelagibacter,76.56,SAG
GORG_SAMEA6076247_SAGS_AG422E19,0,0,0,Gamma-SAR86,80.96,SAG
GORG_SAMEA6076268_SAGS_AG422G03,0,0,0,Alpha-Pelagibacter,89.21,SAG
GORG_SAMEA6076292_SAGS_AG422I14,0,0,0,Gamma-SAR86,78.36,SAG
MALA_SAMN05421707_METAG_FLCBHHCF,0,0,0,Archaea-Poseidoniia MGIIb,80.08,MAG
GORG_SAMEA6079095_SAGS_AG461P14,0,0,0,Alpha-Other,81.84,SAG
GORG_SAMEA6079113_SAGS_AG464B02,0,0,0,Gamma-Other,77.82,SAG
GORG_SAMEA6079177_SAGS_AG464G03,0,0,0,Alpha-Other,85.58,SAG
GORG_SAMEA6079196_SAGS_AG464I13,0,0,0,Alpha-Pelagibacter,75.12,SAG
GORG_SAMEA6069677_SAGS_AG892C18,0,0,0,Alpha-Pelagibacter,80.15,SAG
GORG_SAMEA6069679_SAGS_AG892C21,0,0,0,Gamma-SAR86,79.08,SAG
GORG_SAMEA6069684_SAGS_AG892D07,0,0,0,Gamma-SAR86,77.53,SAG
GORG_SAMEA6069698_SAGS_AG892E05,0,0,0,Gamma-SAR86,75.67,SAG
GORG_SAMEA6069720_SAGS_AG892F18,0,0,0,Gamma-SAR86,76.52,SAG
GORG_SAMEA6074782_SAGS_AG919I21,0,0,0,Gamma-SAR86,75.1,SAG
GORG_SAMEA6074809_SAGS_AG919L06,0,0,0,Alpha-Pelagibacter,87.36,SAG
GORG_SAMEA6074846_SAGS_AG919N17,0,0,0,Alpha-Other,85.45,SAG
GORG_SAMEA6070985_SAGS_AG898N21,0,0,0,Alpha-Other,78.96,SAG
GORG_SAMEA6070989_SAGS_AG898O03,0,0,0,Gamma-SAR86,76.65,SAG
GORG_SAMEA6075196_SAGS_AG349F19,0,0,0,Gamma-SAR86,78.39,SAG
GORG_SAMEA6071354_SAGS_AG900J21,0,0,0,Gamma-SAR86,75.82,SAG
GORG_SAMEA6071364_SAGS_AG900K14,0,0,0,Alpha-Other,89.78,SAG
GORG_SAMEA6071391_SAGS_AG900M14,0,0,0,Alpha-Other,86.62,SAG
GORG_SAMEA6072961_SAGS_AG910K02,0,0,0,Alpha-Pelagibacter,76.93,SAG
GORG_SAMEA6079548_SAGS_AG426C16,0,0,0,Alpha-Pelagibacter,83.69,SAG
GORG_SAMEA6079554_SAGS_AG426C22,0,0,0,Alpha-Other,84.13,SAG
GORG_SAMEA6079595_SAGS_AG426F13,0,0,0,Actinobacteriota,81.5,SAG
GORG_SAMEA6079599_SAGS_AG426F20,0,0,0,Alpha-Other,84.96,SAG
GORG_SAMEA6079606_SAGS_AG426G06,0,0,0,Actinobacteriota,76.1,SAG
GORG_SAMEA6079616_SAGS_AG426I04,0,0,0,Alpha-Other,93.4,SAG
GORG_SAMEA6068976_SAGS_AG359J04,0,0,0,Gamma-SAR86,80.61,SAG
GORG_SAMEA6068978_SAGS_AG359J06,0,0,0,Alpha-Pelagibacter,80.04,SAG
GORG_SAMEA6068986_SAGS_AG359J18,0,0,0,Alpha-Pelagibacter,80.31,SAG
GORG_SAMEA6069004_SAGS_AG359K21,0,0,0,Gamma-SAR86,77.14,SAG
GORG_SAMEA6069005_SAGS_AG359K22,0,0,0,Actinobacteriota,81.01,SAG
GORG_SAMEA6069051_SAGS_AG359O11,0,0,0,Alpha-Pelagibacter,86.18,SAG
GORG_SAMEA6071284_SAGS_AG900D23,0,0,0,Gamma-SAR86,83.71,SAG
GORG_SAMEA6074408_SAGS_AG917I09,0,0,0,Gamma-SAR86,75.9,SAG
GORG_SAMEA6074409_SAGS_AG917I10,0,0,0,Gamma-SAR86,80.02,SAG
GORG_SAMEA6076936_SAGS_AG319B05,0,0,0,Gamma-Other,84.42,SAG
GORG_SAMEA6076975_SAGS_AG319D07,0,0,0,Alpha-Other,85.82,SAG
GORG_SAMEA6076977_SAGS_AG319D09,0,0,0,Gamma-Other,85.44,SAG
MALA_SAMN05422166_METAG_GDNCDEFN,0,0,0,Archaea-Other,86.4,MAG
GORG_SAMEA6074154_SAGS_AG916E15,0,0,0,Bacteroidota,84.22,SAG
GORG_SAMEA6076623_SAGS_AG447M09,0,0,0,Alpha-Other,87.62,SAG
GORG_SAMEA6070258_SAGS_AG894P05,0,0,0,Marinisomatota,89.28,SAG
GORG_SAMEA6070265_SAGS_AG894P14,0,0,0,Gamma-SAR86,77.07,SAG
GORG_SAMEA6070268_SAGS_AG894P17,0,0,0,Alpha-Pelagibacter,79.99,SAG
GORG_SAMEA6070269_SAGS_AG894P18,0,0,0,Alpha-Pelagibacter,78.61,SAG
GORG_SAMEA6070340_SAGS_AG895F07,0,0,0,Alpha-Other,86.9,SAG
GORG_SAMEA6070345_SAGS_AG895F17,0,0,0,Alpha-Pelagibacter,90.2,SAG
GORG_SAMEA6070347_SAGS_AG895F20,0,0,0,Alpha-Other,81.33,SAG
GORG_SAMEA6077710_SAGS_AG333L20,0,0,0,Alpha-Other,75.84,SAG
GORG_SAMEA6077727_SAGS_AG333M17,0,0,0,Actinobacteriota,76.63,SAG
GORG_SAMEA6077744_SAGS_AG333N15,0,0,0,Alpha-Pelagibacter,77.39,SAG
GORG_SAMEA6077773_SAGS_AG333P02,0,0,0,Gamma-SAR86,77.11,SAG
GORG_SAMEA6073826_SAGS_AG914M15,0,0,0,Gamma-SAR86,80.67,SAG
GORG_SAMEA6073906_SAGS_AG915C05,0,0,0,Alpha-Pelagibacter,78.67,SAG
GORG_SAMEA6073908_SAGS_AG915C07,0,0,0,Alpha-Other,86.54,SAG
GORG_SAMEA6073925_SAGS_AG915D11,0,0,0,Gamma-SAR86,77.01,SAG
GORG_SAMEA6076416_SAGS_AG447A08,0,0,0,Gamma-SAR86,78.86,SAG
GORG_SAMEA6076428_SAGS_AG447B02,0,0,0,Gamma-SAR86,78.67,SAG
GORG_SAMEA6076449_SAGS_AG447C06,0,0,0,Alpha-Pelagibacter,76.09,SAG
GORG_SAMEA6076488_SAGS_AG447E07,0,0,0,Alpha-Pelagibacter,82.4,SAG
GORG_SAMEA6076522_SAGS_AG447G04,0,0,0,Gamma-Other,79.77,SAG
GORG_SAMEA6076536_SAGS_AG447G19,0,0,0,Alpha-Other,80.15,SAG
GORG_SAMEA6079207_SAGS_AG464J09,0,0,0,Gamma-Other,77.28,SAG
GORG_SAMEA6079275_SAGS_AG464P07,0,0,0,Alpha-Pelagibacter,79.14,SAG
GORG_SAMEA6079277_SAGS_AG464P10,0,0,0,Gamma-Other,75.63,SAG
GORG_SAMEA6079278_SAGS_AG464P13,0,0,0,Alpha-Pelagibacter,75.41,SAG
GORG_SAMEA6077336_SAGS_AG325G21,0,0,0,Alpha-Pelagibacter,87.8,SAG
GORG_SAMEA6077347_SAGS_AG325I11,0,0,0,Gamma-SAR86,79.76,SAG
GORG_SAMEA6077367_SAGS_AG325J11,0,0,0,Gamma-SAR86,75.48,SAG
GORG_SAMEA6077372_SAGS_AG325J17,0,0,0,Alpha-Pelagibacter,75.41,SAG
GORG_SAMEA6077386_SAGS_AG325K10,0,0,0,Alpha-Pelagibacter,75.37,SAG
GORG_SAMEA6077388_SAGS_AG325K13,0,0,0,Gamma-SAR86,81.67,SAG
GORG_SAMEA6077398_SAGS_AG325L02,0,0,0,Alpha-Pelagibacter,85.68,SAG
MALA_SAMN05422163_METAG_BICNADPE,0,0,0,Archaea-Poseidoniia MGIIb,76.22,MAG
GORG_SAMEA6077493_SAGS_AG325P20,0,0,0,Gamma-SAR86,80.21,SAG
GORG_SAMEA6073734_SAGS_AG914F13,0,0,0,Gamma-SAR86,77.24,SAG
GORG_SAMEA6073742_SAGS_AG914G02,0,0,0,Bacteroidota,85.65,SAG
GORG_SAMEA6076410_SAGS_AG447A02,0,0,0,Alpha-Other,88.62,SAG
GORG_SAMEA6080315_SAGS_AG439K07,0,0,0,Alpha-Pelagibacter,76.08,SAG
GORG_SAMEA6080345_SAGS_AG439M03,0,0,0,Alpha-Pelagibacter,75.26,SAG
GORG_SAMEA6080372_SAGS_AG439N16,0,0,0,Alpha-Pelagibacter,81.5,SAG
GORG_SAMEA6067960_SAGS_AH324B10,0,0,0,Alpha-Pelagibacter,86.9,SAG
GORG_SAMEA6067996_SAGS_AH324E14,0,0,0,Alpha-Pelagibacter,79.24,SAG
GORG_SAMEA6068018_SAGS_AH324G08,0,0,0,Alpha-Pelagibacter,81.98,SAG
GORG_SAMEA6068066_SAGS_AH324K09,0,0,0,Alpha-Pelagibacter,87.14,SAG
GORG_SAMEA6068331_SAGS_AH321M16,0,0,0,Marinisomatota,82.94,SAG
GORG_SAMEA6068347_SAGS_AH321N17,0,0,0,Alpha-Other,81.63,SAG
GORG_SAMEA6068373_SAGS_AH321P10,0,0,0,Alpha-Pelagibacter,76.81,SAG
GORG_SAMEA6070449_SAGS_AG895O16,0,0,0,Alpha-Pelagibacter,76.33,SAG
GORG_SAMEA6070451_SAGS_AG895O19,0,0,0,Alpha-Pelagibacter,75.56,SAG
GORG_SAMEA6070452_SAGS_AG895O20,0,0,0,Marinisomatota,80.02,SAG
GORG_SAMEA6070472_SAGS_AG896A02,0,0,0,Alpha-Other,95.32,SAG
GORG_SAMEA6070502_SAGS_AG896C18,0,0,0,Alpha-Pelagibacter,80.88,SAG
GORG_SAMEA6070511_SAGS_AG896D15,0,0,0,Alpha-Pelagibacter,82.34,SAG
GORG_SAMEA6077904_SAGS_AG337G06,0,0,0,Alpha-Other,93.52,SAG
GORG_SAMEA6077915_SAGS_AG337G20,0,0,0,Gamma-SAR86,78.22,SAG
GORG_SAMEA6077931_SAGS_AG337I17,0,0,0,Gamma-SAR86,87.44,SAG
GORG_SAMEA6077955_SAGS_AG337J22,0,0,0,Alpha-Pelagibacter,76.52,SAG
GORG_SAMEA6077964_SAGS_AG337K10,0,0,0,Marinisomatota,89.28,SAG
GORG_SAMEA6072066_SAGS_AG905D04,0,0,0,Alpha-Rhodobacter-LowGC,78.47,SAG
GORG_SAMEA6072071_SAGS_AG905D16,0,0,0,Alpha-Other,94.84,SAG
GORG_SAMEA6072127_SAGS_AG905J08,0,0,0,Gamma-SAR86,80.32,SAG
GORG_SAMEA6075737_SAGS_AG390J09,0,0,0,Gamma-SAR86,78.37,SAG
GORG_SAMEA6075742_SAGS_AG390J15,0,0,0,Gamma-SAR86,81.89,SAG
GORG_SAMEA6075749_SAGS_AG390J22,0,0,0,Gamma-SAR86,82.52,SAG
GORG_SAMEA6075759_SAGS_AG390K11,0,0,0,Gamma-SAR86,75.81,SAG
GORG_SAMEA6075764_SAGS_AG390K17,0,0,0,Gamma-SAR86,77.36,SAG
GORG_SAMEA6075780_SAGS_AG390L11,0,0,0,Gamma-SAR86,82,SAG
GORG_SAMEA6075787_SAGS_AG390L19,0,0,0,Bacteroidota,83.62,SAG
GORG_SAMEA6075827_SAGS_AG390N20,0,0,0,Gamma-SAR86,76.96,SAG
GORG_SAMEA6071045_SAGS_AG899C17,0,0,0,Alpha-Pelagibacter,75.07,SAG
GORG_SAMEA6071061_SAGS_AG899E03,0,0,0,Gamma-SAR86,78.67,SAG
GORG_SAMEA6071093_SAGS_AG899G06,0,0,0,Marinisomatota,88.66,SAG
GORG_SAMEA6071112_SAGS_AG899I09,0,0,0,Alpha-Other,89.93,SAG
GORG_SAMEA6071130_SAGS_AG899J15,0,0,0,Alpha-Other,79.92,SAG
GORG_SAMEA6071134_SAGS_AG899J22,0,0,0,Gamma-SAR86,76.89,SAG
GORG_SAMEA6071136_SAGS_AG899K02,0,0,0,Alpha-Rhodobacter,86.36,SAG
GORG_SAMEA6075319_SAGS_AG349O03,0,0,0,Alpha-Pelagibacter,75.21,SAG
GORG_SAMEA6070563_SAGS_AG896I03,0,0,0,Gamma-SAR86,78.76,SAG
GORG_SAMEA6070596_SAGS_AG896K13,0,0,0,Gamma-Other,75.84,SAG
GORG_SAMEA6078007_SAGS_AG337M15,0,0,0,Alpha-Pelagibacter,75.46,SAG
GORG_SAMEA6078042_SAGS_AG337O13,0,0,0,Gamma-SAR86,75.49,SAG
GORG_SAMEA6078057_SAGS_AG337P05,0,0,0,Gamma-SAR86,76.44,SAG
GORG_SAMEA6074108_SAGS_AG916B07,0,0,0,Alpha-Other,85.87,SAG
GORG_SAMEA6076665_SAGS_AG447O15,0,0,0,Alpha-Other,89.91,SAG
GORG_SAMEA6076683_SAGS_AG447P13,0,0,0,Alpha-Pelagibacter,75.69,SAG
GORG_SAMEA6078376_SAGS_AG453B11,0,0,0,Gamma-SAR86,88.74,SAG
GORG_SAMEA6078408_SAGS_AG453D07,0,0,0,Alpha-Pelagibacter,78.14,SAG
GORG_SAMEA6074197_SAGS_AG916I16,0,0,0,Alpha-Other,83.9,SAG
GORG_SAMEA6074205_SAGS_AG916J09,0,0,0,Marinisomatota,84.64,SAG
GORG_SAMEA6074212_SAGS_AG916J21,0,0,0,Alpha-Pelagibacter,79.6,SAG
GORG_SAMEA6074235_SAGS_AG916L09,0,0,0,Alpha-Pelagibacter,86.42,SAG
GORG_SAMEA6074249_SAGS_AG916M08,0,0,0,Gamma-SAR86,78.86,SAG
GORG_SAMEA6074252_SAGS_AG916M13,0,0,0,Alpha-Pelagibacter,81.92,SAG
GORG_SAMEA6074261_SAGS_AG916N03,0,0,0,Marinisomatota,88.73,SAG
GORG_SAMEA6078476_SAGS_AG453G19,0,0,0,Alpha-Other,85.28,SAG
GORG_SAMEA6068188_SAGS_AH321C13,0,0,0,Bacteroidota,79.47,SAG
GORG_SAMEA6068207_SAGS_AH321D17,0,0,0,Alpha-Pelagibacter,90.82,SAG
GORG_SAMEA6068306_SAGS_AH321K21,0,0,0,Bacteroidota,82.25,SAG
MARD_SAMN08886045_SAGS_MMP08886045,0,0,0,Alpha-Pelagibacter,75.41,SAG
MARD_SAMN08886081_SAGS_MMP08886081,0,0,0,Alpha-Pelagibacter,92.68,SAG
MARD_SAMN08886082_SAGS_MMP08886082,0,0,0,Alpha-Other,93.52,SAG
MARD_SAMN08886379_SAGS_MMP08886379,0,0,0,Alpha-Other,78.06,SAG
MARD_SAMN08886399_SAGS_MMP08886399,0,0,0,Alpha-Pelagibacter,85.74,SAG
MARD_SAMN08886428_SAGS_MMP08886428,0,0,0,Alpha-Other,83.29,SAG
MARD_SAMN08886436_SAGS_MMP08886436,0,0,0,Alpha-Other,83.77,SAG
MARD_SAMN08886558_SAGS_MMP08886558,0,0,0,Alpha-Other,79.63,SAG
MARD_SAMN08886571_SAGS_MMP08886571,0,0,0,Alpha-Pelagibacter,79.14,SAG
MARD_SAMN08886290_SAGS_MMP08886290,0,0,0,Gamma-SAR86,82.6,SAG
MARD_SAMN08886432_SAGS_MMP08886432,0,0,0,Gamma-SAR86,80.96,SAG
MARD_SAMN08886437_SAGS_MMP08886437,0,0,0,Gamma-SAR86,81.22,SAG
MARD_SAMN08886462_SAGS_MMP08886462,0,0,0,Chloroflexota,80.69,SAG
MARD_SAMN08886519_SAGS_MMP08886519,0,0,0,Gamma-SAR86,78.86,SAG
MARD_SAMN02643424_REFG_MMP02643424,1,1,1,Bacteria-Other,98.2,RefGenome
MARD_SAMN02745199_REFG_MMP02745199,1,1,1,Bacteria-Other,99.28,RefGenome
GORG_SAMEA6079735_SAGS_AG426P05,0,0,0,Archaea-Poseidoniia MGIIb,75.56,SAG
MARD_SAMN04450243_REFG_MMP04450243,0,0,0,Alpha-Other,97.12,RefGenome
MARD_SAMN02256432_SAGS_MMP02256432,0,0,0,Gamma-Other,78.51,SAG
GORG_SAMEA6068309_SAGS_AH321L02,0,0,0,Archaea-Other,77.22,SAG
TARA_SAMEA2619974_METAG_HODGGOBO,0,0,0,Archaea-Other,84.42,MAG
TARA_SAMEA2620106_METAG_PKBHHHJA,0,0,0,Archaea-Other,85.03,MAG
TARA_SAMEA2620097_METAG_DLMGDFNE,0,0,0,Archaea-Other,84.07,MAG
TARA_SAMEA2619974_METAG_EACGHJOJ,0,0,0,Archaea-Other,87.46,MAG
MARD_SAMEA3368560_SAGS_MMP3368560,0,0,0,Alpha-Pelagibacter,75.88,SAG
MARD_SAMN02436273_REFG_MMP02436273,0,0,0,Gamma-Other,80.53,RefGenome
MARD_SAMN02440392_SAGS_MMP02440392,0,0,0,Marinisomatota,90.93,SAG
MARD_SAMN02440509_SAGS_MMP02440509,0,0,0,Gamma-Other,90.54,SAG
MARD_SAMN02440972_SAGS_MMP02440972,0,0,0,Gamma-Other,94.14,SAG
MARD_SAMN02440974_SAGS_MMP02440974,0,0,0,Gamma-Other,93.43,SAG
MARD_SAMN02441069_SAGS_MMP02441069,0,0,0,Marinisomatota,77.5,SAG
MARD_SAMN02441647_SAGS_MMP02441647,0,0,0,Gamma-SAR86,79.18,SAG
MARD_SAMN02441741_SAGS_MMP02441741,0,0,0,Marinisomatota,91.84,SAG
MARD_SAMN08769611_REFG_MMP08769611,0,0,0,Bacteria-Other,96.96,RefGenome
MARD_SAMN09283747_REFG_MMP09283747,0,0,0,Firmicutes,93.16,RefGenome
MARD_SAMN10362902_REFG_MMP10362902,1,1,1,Firmicutes,97.5,RefGenome
MARD_SAMN10362945_REFG_MMP10362945,0,0,0,Gamma-Other,99.12,RefGenome
MARD_SAMN07305943_REFG_MMP07305943,1,1,1,Bacteria-Other,97.84,RefGenome
MARD_SAMN10261828_SAGS_MMP10261828,0,0,0,Bacteroidota,89.31,SAG
MARD_SAMN04488089_REFG_MMP04488089,0,0,0,Bacteroidota,99.1,RefGenome
MARD_SAMN05444274_REFG_MMP05444274,0,0,0,Bacteroidota,99.15,RefGenome
MARD_SAMN06006700_REFG_MMP06006700,1,1,1,Actinobacteriota,98.28,RefGenome
MARD_SAMN02441643_SAGS_MMP02441643,0,0,0,Gamma-SAR86,81.46,SAG
MARD_SAMN05216216_REFG_MMP05216216,0,0,0,Firmicutes,99.72,RefGenome
MARD_SAMN08271719_SAGS_MMP08271719,0,0,0,Gamma-Other,76.6,SAG
TARA_SAMEA2619970_METAG_AOHIKBJL,0,0,0,Archaea-Other,87.22,MAG
MARD_SAMN08886381_SAGS_MMP08886381,0,0,0,Actinobacteriota,82.34,SAG
MARD_SAMN08886403_SAGS_MMP08886403,0,0,0,Actinobacteriota,85.48,SAG
MARD_SAMN08998225_REFG_MMP08998225,0,0,0,Chloroflexota,95.44,RefGenome
MARD_SAMN05418212_REFG_MMP05418212,1,1,1,Gamma-Other,97.36,RefGenome
TARA_SAMEA2622716_METAG_LNJCINHN,0,0,0,Other,85.95,MAG
TARA_SAMEA2621021_METAG_AEKOLACD,0,0,0,Other,77.57,MAG
TARA_SAMEA2621045_METAG_EHANLLMP,0,0,0,Other,83.52,MAG
TARA_SAMEA2621045_METAG_PDFMAAMH,0,0,0,Other,79.02,MAG
TARA_SAMEA2619857_METAG_OGOOBLJC,0,0,0,Other,75.84,MAG
TARA_SAMEA2623774_METAG_MPJNCMNP,0,0,0,Other,83.07,MAG
TARA_SAMEA2623774_METAG_ICAHOJAN,0,0,0,Other,75.25,MAG
TARA_SAMEA2623673_METAG_BKEGBDEO,0,0,0,Other,79.23,MAG
TARA_SAMEA2620828_METAG_CFJBOGGG,0,0,0,Other,78,MAG
TARA_SAMEA2621013_METAG_BABCOBFL,0,0,0,Other,82.56,MAG
TARA_SAMEA2621013_METAG_KLMIGHJD,0,0,0,Other,81.32,MAG
TARA_SAMEA2621423_METAG_FIDODGHD,0,0,0,Other,76.26,MAG
TARA_SAMEA2622710_METAG_KKBPDNJE,0,0,0,Other,83.87,MAG
TARA_SAMEA2620081_METAG_IJIGBBGP,0,0,0,Other,82.69,MAG
TARA_SAMEA2620081_METAG_JICIJABD,0,0,0,Other,84.72,MAG
TARA_SAMEA2620021_METAG_BLFPDEDM,0,0,0,Other,83.58,MAG
TARA_SAMEA2620021_METAG_EPBMJHLC,0,0,0,Other,85.95,MAG
TARA_SAMEA2623627_METAG_BHKOMHGF,0,0,0,Other,77.48,MAG
TARA_SAMEA2623627_METAG_GONFKDNL,0,0,0,Other,84,MAG
TARA_SAMEA2620929_METAG_MPJPJENE,0,0,0,Other,85,MAG
TARA_SAMEA2623886_METAG_JCNCOADG,0,0,0,Other,77.93,MAG
TARA_SAMEA2623734_METAG_IJBGBPNO,0,0,0,Other,81.38,MAG
TARA_SAMEA2621216_METAG_EICJLFEF,0,0,0,Other,82.2,MAG
TARA_SAMEA2619879_METAG_GIOBBGIO,0,0,0,Other,84.43,MAG
TARA_SAMEA2620259_METAG_KHMJPJJN,0,0,0,Other,85.35,MAG
TARA_SAMEA2622766_METAG_ECNKCDFI,0,0,0,Other,83.26,MAG
TARA_SAMEA2623868_METAG_LKCIDBHF,0,0,0,Other,81.98,MAG
TARA_SAMEA2620786_METAG_CDKEPCMI,0,0,0,Other,81.48,MAG
TARA_SAMEA2620786_METAG_IJAGBBJM,0,0,0,Other,79.2,MAG
TARA_SAMEA2620855_METAG_EAEMLBMC,0,0,0,Other,78.82,MAG
TARA_SAMEA2620890_METAG_GHEBHPFF,0,0,0,Other,79.59,MAG
TARA_SAMEA2621037_METAG_MKLDLOHM,0,0,0,Other,78.68,MAG
TARA_SAMEA2623919_METAG_GBFGLNBO,0,0,0,Other,77.18,MAG
TARA_SAMEA4397157_METAG_DOJAOKEL,0,0,0,Other,76.96,MAG
TARA_SAMEA4396971_METAG_KODOFECP,0,0,0,Other,75.14,MAG
TARA_SAMEA4396496_METAG_OKNGONBA,0,0,0,Other,85.86,MAG
TARA_SAMEA4396496_METAG_OJJEHKME,0,0,0,Other,76.87,MAG
TARA_SAMEA4397930_METAG_HBNFKDBN,0,0,0,Other,77.02,MAG
TARA_SAMEA4397611_METAG_NPBDIKBN,0,0,0,Other,84.06,MAG
TARA_SAMEA4398296_METAG_FELJAKBL,0,0,0,Other,81.77,MAG
TARA_SAMEA4398296_METAG_HCFBIENC,0,0,0,Other,84.68,MAG
TARA_SAMEA4396424_METAG_OHPJNKMA,0,0,0,Other,85.36,MAG
TARA_SAMEA4397903_METAG_IICMOBLO,0,0,0,Other,83.62,MAG
TARA_SAMEA4397798_METAG_NIECCLGM,0,0,0,Other,86.3,MAG
TARA_SAMEA4398176_METAG_NBHCOIMB,0,0,0,Other,82.35,MAG
TARA_SAMEA4397569_METAG_MIEPHKML,0,0,0,Other,83.62,MAG
TARA_SAMEA4397472_METAG_EPJHAAKJ,0,0,0,Other,85,MAG
TARA_SAMEA4397649_METAG_BCBEKIPJ,0,0,0,Other,84.69,MAG
BGEO_SAMN07136947_METAG_AOMGGMAO,0,0,0,Other,78.91,MAG
BGEO_SAMN07136915_METAG_PCLDLFJM,0,0,0,Other,85.36,MAG
BGEO_SAMN07136951_METAG_JEOPFFPI,0,0,0,Other,83.32,MAG
BGEO_SAMN07136707_METAG_AMDAFBKB,0,0,0,Other,79.6,MAG
BGEO_SAMN07136917_METAG_OOHJHMFK,0,0,0,Other,86.57,MAG
BGEO_SAMN07136683_METAG_LLHCJKCL,0,0,0,Other,82.86,MAG
BGEO_SAMN07136949_METAG_MCGHIDND,0,0,0,Other,81.47,MAG
BGEO_SAMN07136909_METAG_OIHCBLFA,0,0,0,Other,82.41,MAG
BGEO_SAMN07136952_METAG_JEBBPIPK,0,0,0,Other,82.26,MAG
BGEO_SAMN07136945_METAG_AACGGNFO,0,0,0,Other,79.4,MAG
BGEO_SAMN07136953_METAG_NOPMDPBD,0,0,0,Other,82.04,MAG
BGEO_SAMN07136950_METAG_PMIJODIC,0,0,0,Other,78.08,MAG
BGEO_SAMN07136946_METAG_NAJCPEHF,0,0,0,Other,79.57,MAG
BGEO_SAMN07136948_METAG_PHNPJAHK,0,0,0,Other,78.9,MAG
BGEO_SAMN07136912_METAG_CLPMLHIJ,0,0,0,Other,75.49,MAG
BGEO_SAMN07136910_METAG_NJAIEKOD,0,0,0,Other,86.2,MAG
BGEO_SAMN07136919_METAG_LBOFCLEC,0,0,0,Other,82.43,MAG
BGEO_SAMN07136489_METAG_FDIBOOOI,0,0,0,Other,80.18,MAG
BGEO_SAMN07136913_METAG_PNNGCCHB,0,0,0,Other,84.76,MAG
BGEO_SAMN07136918_METAG_KGJMGBBM,0,0,0,Other,81.28,MAG
BGEO_SAMN07136914_METAG_IIHECHGG,0,0,0,Other,85.97,MAG
BGEO_SAMN07136911_METAG_PBBOIFEE,0,0,0,Other,82.52,MAG
TARA_SAMN05326645_METAG_PSE00140,0,0,0,Other,78.72,MAG
TARA_SAMN05326647_METAG_ION00072,0,0,0,Other,83.3,MAG
TARA_SAMN05326646_METAG_PSW00136,0,0,0,Other,84.15,MAG
TARA_SAMN05326651_METAG_RED00119,0,0,0,Other,75.46,MAG
TARA_SAMN05326641_METAG_ANW00088,0,0,0,Other,85.12,MAG
TARA_SAMN05326642_METAG_ASE00036,0,0,0,Other,84.76,MAG
